snapshot_id,product_id,warehouse_id,snapshot_date,quantity_on_hand,quantity_reserved,quantity_available,reorder_point,reorder_quantity,supplier_id,last_received_date,unit_cost
snap_000001,prod_4092,wh_004,2025-09-12,191,35,156,49,126,supp_003,2025-07-19,507.73
snap_000002,prod_3895,wh_003,2025-08-17,305,29,276,84,195,supp_004,2025-07-19,105.43
snap_000003,prod_7288,wh_005,2025-09-10,211,19,192,71,129,supp_004,2025-08-05,805.63
snap_000004,prod_5449,wh_002,2025-09-08,203,18,185,56,191,supp_005,2025-07-25,214.51
snap_000005,prod_7044,wh_005,2025-08-31,36,19,17,91,154,supp_005,2025-07-19,290.51
snap_000006,prod_2659,wh_005,2025-09-06,142,23,119,44,126,supp_005,2025-07-23,706.27
snap_000007,prod_9869,wh_001,2025-09-02,197,22,175,49,180,supp_003,2025-08-15,609.44
snap_000008,prod_4747,wh_002,2025-08-21,410,36,374,19,162,supp_001,2025-07-29,154.61
snap_000009,prod_5907,wh_004,2025-09-01,452,15,437,82,93,supp_001,2025-09-15,521.12
snap_000010,prod_3327,wh_001,2025-08-27,55,33,22,94,64,supp_002,2025-09-03,889.21
snap_000011,prod_9994,wh_004,2025-08-26,472,25,447,100,79,supp_003,2025-07-20,818.59
snap_000012,prod_4396,wh_001,2025-09-02,180,7,173,68,57,supp_003,2025-08-29,688.55
snap_000013,prod_9192,wh_005,2025-09-03,63,11,52,38,139,supp_003,2025-07-20,957.0
snap_000014,prod_1689,wh_003,2025-08-25,72,9,63,78,140,supp_005,2025-09-04,826.53
snap_000015,prod_2871,wh_003,2025-09-04,217,40,177,52,184,supp_003,2025-09-08,271.77
snap_000016,prod_7189,wh_002,2025-09-15,15,45,0,17,199,supp_004,2025-07-29,963.61
snap_000017,prod_4769,wh_004,2025-09-02,464,44,420,86,162,supp_005,2025-09-08,711.12
snap_000018,prod_9910,wh_003,2025-09-06,479,4,475,54,146,supp_001,2025-07-26,146.31
snap_000019,prod_1504,wh_003,2025-09-07,212,4,208,88,64,supp_004,2025-08-02,913.18
snap_000020,prod_9611,wh_003,2025-09-15,88,48,40,45,170,supp_003,2025-09-02,526.3
snap_000021,prod_7041,wh_001,2025-08-30,164,49,115,79,152,supp_005,2025-08-25,522.44
snap_000022,prod_9760,wh_004,2025-09-09,132,35,97,79,122,supp_002,2025-08-04,302.32
snap_000023,prod_6120,wh_003,2025-09-12,98,30,68,31,138,supp_004,2025-09-15,259.23
snap_000024,prod_4029,wh_004,2025-09-14,394,0,394,24,196,supp_004,2025-07-27,45.84
snap_000025,prod_5410,wh_001,2025-09-08,93,47,46,12,132,supp_002,2025-08-31,595.08
snap_000026,prod_9528,wh_002,2025-09-07,480,37,443,16,72,supp_005,2025-08-24,174.79
snap_000027,prod_7408,wh_004,2025-08-27,96,10,86,44,56,supp_003,2025-08-12,822.88
snap_000028,prod_7083,wh_005,2025-09-09,76,10,66,45,68,supp_001,2025-08-10,894.62
snap_000029,prod_7991,wh_004,2025-09-03,443,46,397,68,176,supp_001,2025-08-04,735.0
snap_000030,prod_2671,wh_004,2025-08-26,97,29,68,91,105,supp_004,2025-09-02,298.73
snap_000031,prod_8253,wh_005,2025-08-22,180,4,176,78,84,supp_001,2025-08-04,726.19
snap_000032,prod_7475,wh_004,2025-09-12,73,40,33,54,86,supp_003,2025-08-02,320.06
snap_000033,prod_5318,wh_004,2025-08-24,233,50,183,72,183,supp_002,2025-08-15,58.17
snap_000034,prod_6770,wh_005,2025-09-07,187,14,173,24,200,supp_004,2025-08-19,719.63
snap_000035,prod_1702,wh_004,2025-09-08,263,44,219,49,107,supp_004,2025-08-30,419.01
snap_000036,prod_8771,wh_005,2025-09-01,0,22,0,94,167,supp_002,2025-09-09,942.37
snap_000037,prod_8710,wh_002,2025-09-07,496,2,494,77,148,supp_002,2025-09-05,495.82
snap_000038,prod_2379,wh_002,2025-08-29,55,38,17,96,115,supp_004,2025-07-31,922.26
snap_000039,prod_7392,wh_001,2025-08-30,149,42,107,85,199,supp_001,2025-08-27,11.67
snap_000040,prod_9772,wh_002,2025-08-24,355,9,346,48,89,supp_004,2025-08-08,236.75
snap_000041,prod_8281,wh_003,2025-08-26,252,39,213,64,56,supp_003,2025-09-08,679.21
snap_000042,prod_4792,wh_003,2025-09-09,236,9,227,62,95,supp_001,2025-08-07,768.0
snap_000043,prod_3870,wh_005,2025-09-02,123,29,94,67,159,supp_005,2025-08-06,721.79
snap_000044,prod_9081,wh_005,2025-09-05,417,10,407,60,81,supp_001,2025-09-07,973.12
snap_000045,prod_7639,wh_001,2025-08-21,451,50,401,82,60,supp_005,2025-07-31,358.52
snap_000046,prod_6540,wh_004,2025-09-09,424,6,418,21,171,supp_003,2025-08-10,723.32
snap_000047,prod_5038,wh_003,2025-09-02,406,43,363,83,159,supp_002,2025-08-22,559.85
snap_000048,prod_3354,wh_001,2025-09-03,464,14,450,37,189,supp_005,2025-07-18,852.85
snap_000049,prod_4225,wh_001,2025-09-12,499,24,475,69,56,supp_001,2025-08-09,364.72
snap_000050,prod_4401,wh_001,2025-09-11,372,45,327,91,89,supp_004,2025-09-09,230.24
snap_000051,prod_9261,wh_001,2025-08-26,407,32,375,35,99,supp_005,2025-08-16,346.03
snap_000052,prod_4209,wh_004,2025-09-06,321,2,319,92,116,supp_001,2025-08-10,610.54
snap_000053,prod_5393,wh_002,2025-09-02,63,0,63,90,159,supp_004,2025-09-07,880.43
snap_000054,prod_7975,wh_001,2025-08-31,17,46,0,75,105,supp_002,2025-07-31,589.99
snap_000055,prod_7253,wh_004,2025-08-24,300,14,286,37,100,supp_005,2025-09-14,660.33
snap_000056,prod_9197,wh_004,2025-08-22,295,50,245,51,96,supp_002,2025-09-04,458.37
snap_000057,prod_5411,wh_003,2025-09-12,65,47,18,83,73,supp_003,2025-07-18,260.39
snap_000058,prod_9425,wh_002,2025-08-26,474,8,466,46,142,supp_001,2025-08-23,477.9
snap_000059,prod_6691,wh_002,2025-08-22,25,25,0,40,108,supp_001,2025-08-19,754.99
snap_000060,prod_1941,wh_003,2025-08-30,289,7,282,61,111,supp_004,2025-08-07,85.93
snap_000061,prod_2897,wh_004,2025-08-19,73,11,62,45,197,supp_004,2025-08-04,106.37
snap_000062,prod_6254,wh_001,2025-08-29,431,11,420,19,151,supp_003,2025-07-20,434.19
snap_000063,prod_1333,wh_002,2025-09-06,27,22,5,68,162,supp_004,2025-08-02,276.67
snap_000064,prod_7023,wh_003,2025-08-19,119,1,118,32,164,supp_005,2025-07-31,553.78
snap_000065,prod_7362,wh_001,2025-08-23,94,36,58,30,113,supp_003,2025-09-05,597.35
snap_000066,prod_7463,wh_003,2025-08-30,441,28,413,42,199,supp_003,2025-08-03,192.25
snap_000067,prod_2145,wh_003,2025-09-10,198,47,151,89,171,supp_005,2025-08-23,8.71
snap_000068,prod_9844,wh_003,2025-08-19,303,18,285,12,66,supp_002,2025-08-30,562.27
snap_000069,prod_7257,wh_001,2025-09-06,354,39,315,44,126,supp_003,2025-09-02,219.94
snap_000070,prod_3105,wh_002,2025-08-24,134,15,119,76,67,supp_005,2025-09-02,657.73
snap_000071,prod_8091,wh_004,2025-09-07,169,11,158,24,193,supp_004,2025-07-18,38.77
snap_000072,prod_7361,wh_001,2025-09-10,278,32,246,47,170,supp_002,2025-09-15,67.89
snap_000073,prod_8605,wh_005,2025-09-07,23,18,5,34,135,supp_003,2025-08-01,329.3
snap_000074,prod_7594,wh_005,2025-08-18,311,12,299,18,142,supp_003,2025-09-04,54.65
snap_000075,prod_9010,wh_001,2025-09-04,178,45,133,42,119,supp_004,2025-08-14,78.95
snap_000076,prod_6893,wh_004,2025-08-17,242,26,216,17,180,supp_003,2025-09-11,189.72
snap_000077,prod_2420,wh_003,2025-08-28,3,3,0,12,130,supp_004,2025-07-26,907.61
snap_000078,prod_5690,wh_001,2025-09-10,61,40,21,81,142,supp_005,2025-08-06,384.08
snap_000079,prod_5509,wh_003,2025-08-24,496,44,452,27,119,supp_003,2025-07-23,305.0
snap_000080,prod_8167,wh_002,2025-08-28,15,21,0,87,199,supp_005,2025-08-08,663.63
snap_000081,prod_8943,wh_002,2025-08-21,281,32,249,31,128,supp_004,2025-07-31,762.83
snap_000082,prod_9637,wh_005,2025-08-22,233,29,204,66,81,supp_003,2025-09-07,173.59
snap_000083,prod_5411,wh_001,2025-09-05,57,34,23,89,133,supp_004,2025-09-13,112.05
snap_000084,prod_2868,wh_001,2025-08-27,254,7,247,70,87,supp_001,2025-08-05,649.11
snap_000085,prod_1378,wh_005,2025-09-14,323,7,316,44,102,supp_003,2025-08-20,178.26
snap_000086,prod_5661,wh_005,2025-09-06,59,46,13,38,68,supp_003,2025-08-08,735.37
snap_000087,prod_9027,wh_004,2025-09-10,142,23,119,84,55,supp_003,2025-07-30,728.21
snap_000088,prod_5454,wh_005,2025-09-08,216,18,198,93,64,supp_002,2025-09-05,51.31
snap_000089,prod_6381,wh_005,2025-08-26,499,11,488,51,138,supp_005,2025-07-31,36.49
snap_000090,prod_9773,wh_002,2025-09-04,136,17,119,36,192,supp_005,2025-09-07,580.33
snap_000091,prod_1164,wh_003,2025-09-11,216,13,203,52,125,supp_003,2025-07-26,159.31
snap_000092,prod_8002,wh_001,2025-08-19,451,10,441,34,186,supp_001,2025-07-31,101.72
snap_000093,prod_8924,wh_002,2025-08-18,278,45,233,45,105,supp_001,2025-09-05,545.23
snap_000094,prod_2903,wh_004,2025-09-10,390,38,352,42,186,supp_004,2025-09-12,335.98
snap_000095,prod_1100,wh_004,2025-08-24,117,30,87,61,56,supp_001,2025-08-10,96.0
snap_000096,prod_8537,wh_005,2025-08-19,244,37,207,46,111,supp_003,2025-08-27,765.77
snap_000097,prod_9888,wh_001,2025-09-14,343,27,316,55,115,supp_002,2025-07-28,20.48
snap_000098,prod_5460,wh_001,2025-08-30,244,30,214,11,146,supp_004,2025-09-07,443.36
snap_000099,prod_2486,wh_005,2025-08-26,192,28,164,91,63,supp_004,2025-08-02,395.32
snap_000100,prod_5799,wh_002,2025-09-15,121,17,104,80,130,supp_003,2025-08-10,107.27
snap_000101,prod_2767,wh_005,2025-09-11,465,37,428,98,97,supp_005,2025-08-19,445.36
snap_000102,prod_1150,wh_001,2025-09-12,109,19,90,11,73,supp_001,2025-09-07,410.87
snap_000103,prod_1435,wh_001,2025-09-07,113,46,67,18,143,supp_001,2025-09-06,48.53
snap_000104,prod_5777,wh_001,2025-08-21,129,24,105,80,198,supp_004,2025-08-09,765.75
snap_000105,prod_4991,wh_005,2025-09-14,133,6,127,60,56,supp_004,2025-08-07,573.52
snap_000106,prod_9113,wh_001,2025-09-13,460,42,418,83,167,supp_003,2025-08-19,874.12
snap_000107,prod_5389,wh_002,2025-08-17,437,4,433,92,111,supp_001,2025-08-13,823.85
snap_000108,prod_8821,wh_002,2025-08-25,402,49,353,32,80,supp_004,2025-08-06,391.15
snap_000109,prod_8274,wh_001,2025-08-20,359,40,319,65,155,supp_004,2025-08-26,847.02
snap_000110,prod_2426,wh_004,2025-08-23,191,27,164,100,83,supp_004,2025-08-04,457.72
snap_000111,prod_8736,wh_005,2025-09-07,240,24,216,10,136,supp_005,2025-09-14,460.73
snap_000112,prod_9143,wh_003,2025-09-05,39,41,0,16,105,supp_004,2025-09-08,316.12
snap_000113,prod_2776,wh_005,2025-08-19,309,11,298,40,189,supp_004,2025-09-05,853.44
snap_000114,prod_8563,wh_004,2025-08-26,173,13,160,84,121,supp_001,2025-07-18,10.49
snap_000115,prod_3555,wh_001,2025-08-26,289,26,263,52,70,supp_005,2025-07-18,985.03
snap_000116,prod_9970,wh_005,2025-08-30,140,19,121,30,132,supp_003,2025-07-27,421.98
snap_000117,prod_8783,wh_001,2025-08-28,459,25,434,80,101,supp_004,2025-08-17,737.1
snap_000118,prod_9550,wh_002,2025-09-03,146,17,129,100,181,supp_002,2025-08-13,429.14
snap_000119,prod_1456,wh_002,2025-09-04,87,34,53,30,121,supp_002,2025-08-12,653.54
snap_000120,prod_7874,wh_003,2025-09-07,169,14,155,63,151,supp_003,2025-07-27,879.14
snap_000121,prod_8589,wh_003,2025-09-10,265,34,231,72,106,supp_002,2025-07-27,626.14
snap_000122,prod_6632,wh_002,2025-09-14,273,16,257,69,83,supp_002,2025-07-21,926.47
snap_000123,prod_6158,wh_001,2025-08-24,405,6,399,71,139,supp_003,2025-07-26,520.14
snap_000124,prod_8041,wh_002,2025-09-15,452,30,422,70,89,supp_004,2025-08-30,463.03
snap_000125,prod_1155,wh_001,2025-08-21,149,6,143,87,79,supp_002,2025-08-14,377.57
snap_000126,prod_5437,wh_001,2025-08-30,118,43,75,21,154,supp_001,2025-07-22,48.35
snap_000127,prod_4588,wh_005,2025-08-24,240,49,191,67,106,supp_003,2025-08-10,681.37
snap_000128,prod_7016,wh_004,2025-09-07,338,46,292,12,119,supp_005,2025-08-11,216.68
snap_000129,prod_6111,wh_005,2025-09-15,126,50,76,96,98,supp_001,2025-07-19,473.81
snap_000130,prod_4483,wh_003,2025-08-31,261,5,256,54,106,supp_002,2025-07-24,927.22
snap_000131,prod_5742,wh_003,2025-09-01,451,39,412,82,59,supp_001,2025-07-22,364.6
snap_000132,prod_4888,wh_003,2025-09-14,168,8,160,86,195,supp_003,2025-08-09,750.19
snap_000133,prod_9588,wh_002,2025-08-18,246,46,200,10,150,supp_003,2025-08-23,856.14
snap_000134,prod_2473,wh_005,2025-09-01,150,21,129,74,71,supp_002,2025-08-08,764.29
snap_000135,prod_3839,wh_005,2025-08-21,87,12,75,69,190,supp_005,2025-08-14,166.02
snap_000136,prod_7953,wh_005,2025-09-01,23,23,0,12,75,supp_002,2025-09-01,620.31
snap_000137,prod_3719,wh_003,2025-08-22,230,29,201,15,186,supp_004,2025-08-24,704.8
snap_000138,prod_2289,wh_004,2025-09-10,364,14,350,73,160,supp_004,2025-07-20,447.41
snap_000139,prod_6297,wh_004,2025-08-21,122,36,86,84,87,supp_003,2025-08-25,658.69
snap_000140,prod_2375,wh_003,2025-08-19,157,37,120,83,181,supp_005,2025-09-11,738.27
snap_000141,prod_9438,wh_004,2025-09-13,444,37,407,44,82,supp_002,2025-09-14,20.2
snap_000142,prod_6421,wh_005,2025-08-22,376,2,374,42,185,supp_001,2025-08-11,527.88
snap_000143,prod_1312,wh_005,2025-09-10,149,0,149,51,136,supp_004,2025-08-04,862.13
snap_000144,prod_6881,wh_005,2025-08-17,248,23,225,82,75,supp_005,2025-07-21,629.69
snap_000145,prod_3757,wh_004,2025-09-15,256,15,241,98,136,supp_005,2025-08-13,823.74
snap_000146,prod_2183,wh_001,2025-08-19,191,42,149,81,167,supp_004,2025-08-05,376.31
snap_000147,prod_1371,wh_002,2025-08-18,171,6,165,57,111,supp_001,2025-09-09,475.33
snap_000148,prod_8744,wh_002,2025-09-12,152,7,145,91,98,supp_002,2025-08-19,117.56
snap_000149,prod_1250,wh_004,2025-09-12,176,22,154,26,114,supp_005,2025-08-12,803.44
snap_000150,prod_6270,wh_001,2025-08-31,416,41,375,41,138,supp_002,2025-07-31,982.2
snap_000151,prod_2773,wh_005,2025-09-08,164,14,150,97,88,supp_002,2025-08-15,828.16
snap_000152,prod_4427,wh_003,2025-08-24,28,21,7,65,123,supp_001,2025-08-15,101.48
snap_000153,prod_1135,wh_005,2025-08-22,135,0,135,28,119,supp_004,2025-08-16,714.58
snap_000154,prod_1539,wh_002,2025-09-05,213,45,168,20,187,supp_002,2025-09-04,877.33
snap_000155,prod_7155,wh_004,2025-09-07,288,48,240,32,72,supp_005,2025-07-18,405.83
snap_000156,prod_6835,wh_004,2025-09-12,450,26,424,22,168,supp_002,2025-08-09,337.78
snap_000157,prod_4908,wh_002,2025-08-24,267,36,231,64,101,supp_004,2025-07-25,752.06
snap_000158,prod_6544,wh_001,2025-09-11,228,26,202,10,144,supp_005,2025-08-04,418.03
snap_000159,prod_6976,wh_001,2025-08-29,320,41,279,34,108,supp_001,2025-08-19,104.95
snap_000160,prod_7197,wh_004,2025-09-15,191,11,180,95,98,supp_002,2025-08-20,260.7
snap_000161,prod_9193,wh_001,2025-08-22,403,36,367,82,141,supp_003,2025-08-10,639.12
snap_000162,prod_7380,wh_002,2025-08-24,454,25,429,72,75,supp_001,2025-08-27,954.28
snap_000163,prod_8829,wh_005,2025-09-06,403,7,396,25,69,supp_003,2025-07-20,736.63
snap_000164,prod_7499,wh_002,2025-09-09,109,23,86,47,172,supp_001,2025-08-23,885.56
snap_000165,prod_6074,wh_003,2025-08-29,390,48,342,56,61,supp_003,2025-08-31,717.43
snap_000166,prod_2320,wh_004,2025-08-23,42,50,0,20,196,supp_001,2025-08-31,29.13
snap_000167,prod_7054,wh_003,2025-09-15,235,44,191,63,158,supp_002,2025-08-14,339.42
snap_000168,prod_5986,wh_001,2025-08-27,142,18,124,63,55,supp_002,2025-08-09,652.82
snap_000169,prod_7692,wh_005,2025-09-08,377,30,347,88,57,supp_003,2025-08-31,61.22
snap_000170,prod_3976,wh_002,2025-09-11,286,20,266,13,118,supp_005,2025-09-14,608.14
snap_000171,prod_5613,wh_001,2025-08-22,389,3,386,98,157,supp_005,2025-07-21,105.81
snap_000172,prod_5701,wh_005,2025-09-12,383,18,365,48,96,supp_002,2025-07-25,978.2
snap_000173,prod_4951,wh_002,2025-09-03,9,41,0,70,90,supp_005,2025-07-23,324.67
snap_000174,prod_2996,wh_001,2025-09-03,3,47,0,71,95,supp_001,2025-08-28,553.08
snap_000175,prod_6158,wh_003,2025-09-11,52,21,31,54,63,supp_002,2025-08-27,845.29
snap_000176,prod_1552,wh_004,2025-08-30,179,13,166,74,76,supp_003,2025-09-15,968.38
snap_000177,prod_3305,wh_001,2025-08-23,418,10,408,45,93,supp_001,2025-08-27,240.8
snap_000178,prod_9367,wh_005,2025-09-13,236,48,188,45,64,supp_002,2025-07-21,212.46
snap_000179,prod_4483,wh_001,2025-08-24,129,7,122,72,109,supp_002,2025-07-21,666.52
snap_000180,prod_9489,wh_005,2025-09-14,429,22,407,28,196,supp_005,2025-09-02,770.94
snap_000181,prod_6052,wh_002,2025-08-22,166,6,160,98,52,supp_002,2025-08-03,184.32
snap_000182,prod_7910,wh_002,2025-09-02,265,6,259,21,182,supp_002,2025-09-03,775.21
snap_000183,prod_3129,wh_001,2025-08-23,476,28,448,43,151,supp_005,2025-08-21,440.86
snap_000184,prod_2818,wh_004,2025-09-15,261,28,233,90,99,supp_001,2025-09-04,394.53
snap_000185,prod_7026,wh_005,2025-09-13,342,50,292,71,111,supp_001,2025-08-21,233.44
snap_000186,prod_3887,wh_002,2025-08-29,83,10,73,87,88,supp_005,2025-08-22,783.48
snap_000187,prod_5440,wh_003,2025-09-08,288,37,251,47,53,supp_004,2025-08-04,893.03
snap_000188,prod_2041,wh_002,2025-09-14,218,23,195,22,85,supp_005,2025-07-22,198.11
snap_000189,prod_8747,wh_002,2025-09-13,118,49,69,18,184,supp_001,2025-08-15,487.43
snap_000190,prod_9317,wh_004,2025-09-01,105,6,99,74,161,supp_002,2025-09-12,307.58
snap_000191,prod_5690,wh_001,2025-09-03,22,25,0,61,85,supp_004,2025-07-30,721.85
snap_000192,prod_1573,wh_002,2025-08-24,314,33,281,13,90,supp_005,2025-08-07,764.63
snap_000193,prod_2932,wh_002,2025-08-31,109,38,71,28,165,supp_001,2025-07-18,597.17
snap_000194,prod_2376,wh_003,2025-09-13,405,21,384,13,178,supp_003,2025-07-29,693.04
snap_000195,prod_2090,wh_004,2025-09-10,197,29,168,61,84,supp_003,2025-08-11,708.78
snap_000196,prod_7947,wh_001,2025-09-01,466,12,454,38,94,supp_005,2025-08-16,156.77
snap_000197,prod_9226,wh_004,2025-08-29,273,48,225,99,126,supp_005,2025-09-04,907.91
snap_000198,prod_4237,wh_001,2025-08-30,266,45,221,86,200,supp_005,2025-07-22,657.12
snap_000199,prod_2505,wh_003,2025-09-07,379,13,366,18,124,supp_005,2025-08-04,880.86
snap_000200,prod_9647,wh_002,2025-09-08,264,31,233,80,178,supp_003,2025-09-13,949.11
snap_000201,prod_4143,wh_002,2025-09-13,290,11,279,43,79,supp_002,2025-08-12,262.32
snap_000202,prod_1240,wh_002,2025-09-03,258,41,217,66,94,supp_003,2025-09-01,486.49
snap_000203,prod_9334,wh_002,2025-09-13,139,3,136,25,121,supp_005,2025-08-27,45.86
snap_000204,prod_4390,wh_002,2025-08-22,445,10,435,33,75,supp_005,2025-08-04,728.64
snap_000205,prod_4158,wh_001,2025-08-27,160,14,146,100,119,supp_001,2025-08-26,930.78
snap_000206,prod_3260,wh_001,2025-08-26,148,37,111,81,59,supp_005,2025-07-30,960.63
snap_000207,prod_4075,wh_004,2025-09-14,15,33,0,99,196,supp_001,2025-09-10,323.48
snap_000208,prod_8720,wh_004,2025-08-28,84,39,45,14,134,supp_004,2025-08-06,132.91
snap_000209,prod_2528,wh_003,2025-09-15,422,19,403,19,81,supp_005,2025-07-27,184.72
snap_000210,prod_3982,wh_001,2025-08-23,15,30,0,55,176,supp_005,2025-08-06,278.54
snap_000211,prod_5926,wh_002,2025-08-21,269,46,223,26,108,supp_005,2025-08-20,247.41
snap_000212,prod_7428,wh_003,2025-08-22,451,41,410,26,102,supp_004,2025-07-29,984.54
snap_000213,prod_6447,wh_005,2025-09-09,237,7,230,21,98,supp_005,2025-08-14,182.6
snap_000214,prod_9059,wh_003,2025-08-21,251,21,230,47,192,supp_004,2025-08-23,586.41
snap_000215,prod_7747,wh_003,2025-08-30,324,29,295,21,135,supp_003,2025-09-01,651.31
snap_000216,prod_9476,wh_001,2025-09-15,262,44,218,30,173,supp_003,2025-08-02,978.58
snap_000217,prod_7427,wh_004,2025-09-10,292,40,252,91,187,supp_004,2025-08-06,336.99
snap_000218,prod_3758,wh_005,2025-09-01,275,50,225,54,175,supp_003,2025-08-13,104.12
snap_000219,prod_5206,wh_003,2025-09-11,445,19,426,38,71,supp_004,2025-07-26,909.16
snap_000220,prod_6228,wh_004,2025-08-20,204,50,154,83,197,supp_002,2025-08-23,987.41
snap_000221,prod_5021,wh_001,2025-08-31,217,5,212,40,198,supp_004,2025-07-21,466.43
snap_000222,prod_4905,wh_002,2025-08-29,34,40,0,76,127,supp_002,2025-08-10,100.79
snap_000223,prod_2797,wh_002,2025-09-05,142,9,133,11,57,supp_001,2025-09-06,591.05
snap_000224,prod_8411,wh_005,2025-09-13,105,16,89,70,170,supp_002,2025-08-03,861.56
snap_000225,prod_6385,wh_002,2025-08-28,231,39,192,99,129,supp_003,2025-08-05,602.19
snap_000226,prod_1187,wh_001,2025-08-18,163,40,123,69,184,supp_003,2025-08-21,437.35
snap_000227,prod_3631,wh_003,2025-09-01,62,43,19,75,85,supp_001,2025-08-27,179.26
snap_000228,prod_3669,wh_002,2025-09-07,349,9,340,86,146,supp_005,2025-09-08,785.86
snap_000229,prod_9359,wh_004,2025-08-17,240,48,192,68,88,supp_005,2025-08-07,110.02
snap_000230,prod_8364,wh_005,2025-09-12,377,27,350,49,101,supp_003,2025-08-01,736.27
snap_000231,prod_9160,wh_001,2025-08-22,397,38,359,60,111,supp_004,2025-08-26,633.37
snap_000232,prod_2308,wh_003,2025-09-02,432,14,418,29,161,supp_005,2025-08-02,317.95
snap_000233,prod_5016,wh_004,2025-08-30,15,4,11,99,132,supp_001,2025-09-15,964.49
snap_000234,prod_7970,wh_002,2025-08-26,320,32,288,61,162,supp_003,2025-08-24,159.18
snap_000235,prod_5701,wh_004,2025-08-30,351,36,315,36,145,supp_004,2025-09-11,947.72
snap_000236,prod_1842,wh_001,2025-08-30,424,25,399,51,59,supp_001,2025-08-08,66.7
snap_000237,prod_7390,wh_002,2025-09-06,23,38,0,46,115,supp_003,2025-08-24,895.3
snap_000238,prod_7295,wh_004,2025-08-21,111,11,100,90,153,supp_002,2025-08-11,645.9
snap_000239,prod_9325,wh_001,2025-09-11,88,32,56,55,60,supp_003,2025-09-08,662.2
snap_000240,prod_3259,wh_003,2025-08-18,60,9,51,49,157,supp_004,2025-09-05,168.33
snap_000241,prod_7442,wh_003,2025-08-24,14,47,0,60,55,supp_005,2025-07-29,364.14
snap_000242,prod_8949,wh_001,2025-09-09,37,43,0,81,156,supp_005,2025-08-20,58.8
snap_000243,prod_9139,wh_003,2025-08-22,273,49,224,87,133,supp_005,2025-09-10,250.05
snap_000244,prod_2116,wh_002,2025-08-30,238,50,188,87,134,supp_005,2025-07-29,618.96
snap_000245,prod_4414,wh_002,2025-08-24,143,41,102,57,114,supp_004,2025-08-30,199.35
snap_000246,prod_4076,wh_003,2025-09-12,167,47,120,64,115,supp_003,2025-09-15,575.48
snap_000247,prod_5959,wh_002,2025-09-11,164,35,129,90,99,supp_002,2025-08-30,158.77
snap_000248,prod_1594,wh_001,2025-08-25,205,20,185,68,177,supp_002,2025-07-28,432.84
snap_000249,prod_6858,wh_001,2025-08-27,227,37,190,100,167,supp_004,2025-08-23,188.22
snap_000250,prod_5411,wh_002,2025-09-14,22,38,0,56,141,supp_005,2025-08-15,533.15
snap_000251,prod_3488,wh_001,2025-08-21,383,33,350,87,90,supp_003,2025-07-29,342.79
snap_000252,prod_2261,wh_003,2025-09-13,474,2,472,47,176,supp_005,2025-09-08,141.04
snap_000253,prod_1279,wh_004,2025-09-06,386,1,385,94,52,supp_001,2025-08-27,125.23
snap_000254,prod_3824,wh_002,2025-08-29,441,29,412,35,171,supp_005,2025-08-08,711.38
snap_000255,prod_3131,wh_005,2025-08-21,420,0,420,13,113,supp_004,2025-08-03,553.68
snap_000256,prod_9209,wh_004,2025-09-13,72,19,53,66,153,supp_004,2025-09-14,799.66
snap_000257,prod_5728,wh_001,2025-08-18,410,32,378,88,67,supp_001,2025-08-22,420.61
snap_000258,prod_8808,wh_001,2025-09-06,71,14,57,94,195,supp_004,2025-08-15,258.12
snap_000259,prod_8495,wh_005,2025-09-01,6,33,0,77,197,supp_004,2025-08-21,237.19
snap_000260,prod_1025,wh_002,2025-08-23,390,4,386,36,144,supp_003,2025-08-27,603.61
snap_000261,prod_9733,wh_004,2025-08-20,78,11,67,88,80,supp_005,2025-08-17,12.39
snap_000262,prod_3325,wh_003,2025-09-08,285,13,272,78,96,supp_005,2025-07-18,373.46
snap_000263,prod_7298,wh_005,2025-09-12,232,0,232,91,60,supp_003,2025-09-15,298.74
snap_000264,prod_8519,wh_003,2025-09-03,84,49,35,57,118,supp_001,2025-07-23,346.27
snap_000265,prod_3586,wh_003,2025-09-12,281,37,244,22,153,supp_004,2025-07-22,950.55
snap_000266,prod_9615,wh_003,2025-09-01,207,20,187,84,152,supp_002,2025-08-31,331.86
snap_000267,prod_7014,wh_005,2025-09-04,489,47,442,36,68,supp_001,2025-08-29,115.16
snap_000268,prod_3888,wh_005,2025-08-31,464,8,456,16,76,supp_003,2025-09-05,521.2
snap_000269,prod_3463,wh_001,2025-08-19,437,23,414,99,140,supp_002,2025-08-22,182.86
snap_000270,prod_7648,wh_005,2025-08-19,230,40,190,63,147,supp_002,2025-08-02,507.93
snap_000271,prod_3878,wh_003,2025-08-21,445,31,414,66,160,supp_001,2025-07-30,824.5
snap_000272,prod_3243,wh_004,2025-09-14,184,4,180,32,110,supp_003,2025-07-25,631.16
snap_000273,prod_9621,wh_003,2025-09-11,329,2,327,39,197,supp_001,2025-08-23,601.05
snap_000274,prod_4609,wh_003,2025-08-31,461,48,413,72,110,supp_002,2025-08-21,261.96
snap_000275,prod_1046,wh_002,2025-08-21,339,4,335,36,73,supp_004,2025-08-26,997.38
snap_000276,prod_5838,wh_003,2025-09-15,18,28,0,48,170,supp_005,2025-08-06,915.47
snap_000277,prod_9082,wh_002,2025-09-07,95,19,76,84,75,supp_004,2025-08-29,56.98
snap_000278,prod_3648,wh_003,2025-08-30,175,4,171,98,161,supp_001,2025-09-03,685.83
snap_000279,prod_9752,wh_002,2025-09-11,102,35,67,12,200,supp_005,2025-09-10,990.8
snap_000280,prod_3723,wh_003,2025-09-08,396,23,373,63,184,supp_003,2025-08-23,413.76
snap_000281,prod_6129,wh_003,2025-08-22,432,50,382,56,109,supp_001,2025-09-15,967.75
snap_000282,prod_6029,wh_002,2025-09-09,398,4,394,59,150,supp_002,2025-09-10,876.36
snap_000283,prod_9893,wh_003,2025-09-04,199,18,181,42,127,supp_003,2025-08-25,841.38
snap_000284,prod_4174,wh_003,2025-08-21,48,3,45,51,51,supp_004,2025-08-12,932.16
snap_000285,prod_7462,wh_002,2025-09-15,96,4,92,15,148,supp_005,2025-09-10,114.97
snap_000286,prod_6965,wh_001,2025-09-12,29,33,0,35,157,supp_001,2025-08-26,221.09
snap_000287,prod_2100,wh_002,2025-09-09,398,11,387,19,194,supp_004,2025-08-08,301.55
snap_000288,prod_7644,wh_004,2025-08-26,193,10,183,68,89,supp_004,2025-08-12,121.51
snap_000289,prod_8660,wh_004,2025-08-27,83,33,50,52,88,supp_003,2025-08-11,86.69
snap_000290,prod_4968,wh_004,2025-09-15,167,30,137,29,149,supp_001,2025-09-02,849.5
snap_000291,prod_8923,wh_001,2025-08-20,228,42,186,33,125,supp_004,2025-08-15,965.7
snap_000292,prod_5676,wh_005,2025-08-24,271,12,259,65,102,supp_002,2025-07-28,108.28
snap_000293,prod_3988,wh_003,2025-09-09,428,43,385,100,118,supp_004,2025-09-14,482.79
snap_000294,prod_5195,wh_004,2025-09-09,467,23,444,65,114,supp_004,2025-08-14,671.99
snap_000295,prod_6605,wh_005,2025-09-12,51,33,18,84,135,supp_002,2025-07-31,416.47
snap_000296,prod_5625,wh_003,2025-08-24,80,40,40,11,71,supp_003,2025-08-18,73.4
snap_000297,prod_7422,wh_001,2025-09-11,40,29,11,66,59,supp_005,2025-08-06,693.97
snap_000298,prod_2216,wh_004,2025-09-06,296,29,267,88,70,supp_005,2025-09-14,582.13
snap_000299,prod_5894,wh_001,2025-09-04,311,5,306,63,173,supp_005,2025-08-20,467.53
snap_000300,prod_6045,wh_003,2025-09-07,320,39,281,27,120,supp_005,2025-08-23,812.93
snap_000301,prod_2367,wh_004,2025-08-30,268,25,243,11,124,supp_005,2025-09-15,266.02
snap_000302,prod_6619,wh_005,2025-08-20,468,31,437,52,136,supp_001,2025-08-30,369.85
snap_000303,prod_9869,wh_003,2025-09-10,171,15,156,31,180,supp_002,2025-08-15,376.38
snap_000304,prod_6871,wh_004,2025-08-18,462,34,428,94,161,supp_002,2025-07-21,945.95
snap_000305,prod_5309,wh_005,2025-09-01,453,30,423,14,161,supp_002,2025-08-08,812.32
snap_000306,prod_3695,wh_001,2025-08-30,171,33,138,71,139,supp_004,2025-08-19,81.42
snap_000307,prod_2555,wh_005,2025-09-14,333,29,304,38,178,supp_004,2025-08-27,169.6
snap_000308,prod_2684,wh_005,2025-09-06,256,32,224,19,141,supp_001,2025-09-11,830.54
snap_000309,prod_8329,wh_005,2025-09-10,268,46,222,61,94,supp_005,2025-08-16,242.28
snap_000310,prod_4053,wh_004,2025-08-22,193,34,159,43,98,supp_002,2025-08-12,354.75
snap_000311,prod_1325,wh_004,2025-09-02,270,13,257,71,76,supp_002,2025-08-14,715.2
snap_000312,prod_4997,wh_001,2025-09-05,291,29,262,16,167,supp_001,2025-07-18,877.15
snap_000313,prod_6527,wh_003,2025-09-10,373,11,362,10,147,supp_004,2025-07-26,774.7
snap_000314,prod_8992,wh_002,2025-08-23,342,45,297,94,93,supp_003,2025-08-27,276.74
snap_000315,prod_1096,wh_002,2025-08-21,202,19,183,55,55,supp_001,2025-09-10,586.23
snap_000316,prod_9484,wh_003,2025-09-10,284,26,258,52,185,supp_004,2025-07-25,196.81
snap_000317,prod_1492,wh_005,2025-09-04,85,43,42,61,180,supp_002,2025-08-23,873.54
snap_000318,prod_1489,wh_001,2025-08-30,42,41,1,60,139,supp_005,2025-08-06,779.13
snap_000319,prod_2061,wh_002,2025-08-20,146,38,108,28,98,supp_001,2025-08-12,236.44
snap_000320,prod_3105,wh_003,2025-08-20,456,22,434,11,150,supp_002,2025-09-07,419.32
snap_000321,prod_4679,wh_004,2025-09-03,56,6,50,90,180,supp_005,2025-08-05,892.35
snap_000322,prod_6493,wh_005,2025-08-30,45,38,7,18,157,supp_002,2025-09-07,29.04
snap_000323,prod_9360,wh_004,2025-08-21,189,36,153,81,129,supp_001,2025-08-06,306.79
snap_000324,prod_5893,wh_005,2025-08-18,56,33,23,84,85,supp_004,2025-08-24,88.42
snap_000325,prod_4176,wh_002,2025-08-29,215,16,199,55,96,supp_003,2025-09-15,671.45
snap_000326,prod_1835,wh_001,2025-08-30,171,46,125,37,115,supp_003,2025-08-15,908.93
snap_000327,prod_6750,wh_002,2025-09-04,253,38,215,76,70,supp_003,2025-08-11,237.81
snap_000328,prod_7393,wh_003,2025-09-04,109,4,105,91,82,supp_003,2025-08-11,912.28
snap_000329,prod_9756,wh_003,2025-09-13,96,50,46,87,134,supp_005,2025-09-07,882.18
snap_000330,prod_3129,wh_002,2025-08-26,385,16,369,65,150,supp_001,2025-08-10,294.26
snap_000331,prod_8498,wh_005,2025-09-03,18,16,2,15,85,supp_005,2025-09-12,431.61
snap_000332,prod_6721,wh_002,2025-09-08,12,23,0,18,65,supp_002,2025-08-14,177.55
snap_000333,prod_3721,wh_004,2025-09-01,278,14,264,75,87,supp_003,2025-08-17,279.61
snap_000334,prod_5094,wh_005,2025-08-24,23,28,0,89,77,supp_004,2025-08-29,351.03
snap_000335,prod_9944,wh_005,2025-09-15,235,12,223,47,195,supp_005,2025-08-20,374.85
snap_000336,prod_9266,wh_001,2025-09-05,495,44,451,33,85,supp_004,2025-08-17,283.8
snap_000337,prod_9293,wh_002,2025-08-31,390,43,347,36,103,supp_003,2025-09-15,184.05
snap_000338,prod_5400,wh_005,2025-09-04,88,37,51,74,86,supp_004,2025-07-22,231.64
snap_000339,prod_9429,wh_002,2025-09-12,457,15,442,13,173,supp_004,2025-07-30,941.22
snap_000340,prod_2874,wh_002,2025-09-01,467,3,464,21,146,supp_005,2025-08-05,969.59
snap_000341,prod_6754,wh_003,2025-08-31,67,5,62,46,166,supp_004,2025-07-27,158.65
snap_000342,prod_5049,wh_002,2025-09-12,11,39,0,44,122,supp_002,2025-09-11,961.69
snap_000343,prod_4059,wh_004,2025-08-23,31,39,0,26,62,supp_004,2025-08-21,210.65
snap_000344,prod_3905,wh_002,2025-09-03,407,28,379,86,149,supp_002,2025-08-08,617.76
snap_000345,prod_9445,wh_003,2025-08-25,440,13,427,85,124,supp_004,2025-08-06,105.44
snap_000346,prod_1762,wh_003,2025-08-28,445,38,407,63,193,supp_003,2025-09-11,331.39
snap_000347,prod_5466,wh_002,2025-09-04,124,11,113,87,93,supp_002,2025-08-31,221.38
snap_000348,prod_7208,wh_005,2025-09-12,444,11,433,91,141,supp_001,2025-07-23,568.59
snap_000349,prod_2965,wh_005,2025-08-22,479,47,432,39,64,supp_001,2025-08-09,991.01
snap_000350,prod_2050,wh_001,2025-08-23,330,18,312,71,156,supp_005,2025-08-31,606.85
snap_000351,prod_7092,wh_005,2025-08-30,81,44,37,19,72,supp_001,2025-09-01,358.19
snap_000352,prod_5319,wh_002,2025-08-28,198,0,198,84,98,supp_004,2025-07-31,165.05
snap_000353,prod_1468,wh_004,2025-09-04,465,21,444,30,123,supp_005,2025-08-16,243.96
snap_000354,prod_2602,wh_001,2025-08-24,440,44,396,71,137,supp_005,2025-09-11,308.69
snap_000355,prod_9520,wh_005,2025-08-27,117,15,102,78,89,supp_002,2025-09-03,529.38
snap_000356,prod_1046,wh_005,2025-08-17,211,17,194,92,198,supp_005,2025-09-12,895.72
snap_000357,prod_5089,wh_002,2025-09-14,360,1,359,18,63,supp_001,2025-08-13,591.31
snap_000358,prod_6401,wh_004,2025-08-21,95,18,77,32,198,supp_001,2025-09-14,869.98
snap_000359,prod_8289,wh_002,2025-08-19,269,33,236,76,68,supp_005,2025-09-04,883.9
snap_000360,prod_2993,wh_003,2025-09-10,76,29,47,47,82,supp_001,2025-08-21,745.31
snap_000361,prod_8140,wh_005,2025-09-03,189,49,140,48,181,supp_004,2025-07-28,148.12
snap_000362,prod_6572,wh_005,2025-08-31,137,44,93,52,91,supp_002,2025-08-08,729.42
snap_000363,prod_7082,wh_001,2025-09-15,462,2,460,54,147,supp_001,2025-09-01,277.71
snap_000364,prod_4839,wh_002,2025-09-13,73,32,41,100,154,supp_004,2025-09-06,991.12
snap_000365,prod_3802,wh_003,2025-08-23,19,27,0,66,94,supp_002,2025-07-23,836.54
snap_000366,prod_5489,wh_004,2025-08-23,31,22,9,98,199,supp_003,2025-09-01,552.51
snap_000367,prod_3724,wh_002,2025-09-03,287,39,248,47,92,supp_004,2025-08-21,164.95
snap_000368,prod_2830,wh_004,2025-09-01,465,28,437,37,74,supp_005,2025-08-11,544.93
snap_000369,prod_6382,wh_005,2025-09-09,313,44,269,30,175,supp_003,2025-08-15,56.99
snap_000370,prod_5161,wh_002,2025-09-14,18,18,0,56,56,supp_001,2025-08-03,15.73
snap_000371,prod_3428,wh_004,2025-09-03,110,49,61,79,58,supp_001,2025-07-29,642.71
snap_000372,prod_3461,wh_004,2025-08-26,356,29,327,39,192,supp_001,2025-08-28,993.65
snap_000373,prod_9934,wh_003,2025-08-18,492,29,463,77,185,supp_003,2025-09-05,873.05
snap_000374,prod_1868,wh_001,2025-09-03,239,2,237,11,117,supp_003,2025-08-20,502.98
snap_000375,prod_9003,wh_002,2025-08-25,221,13,208,90,88,supp_001,2025-07-22,778.98
snap_000376,prod_1503,wh_005,2025-08-31,356,50,306,27,65,supp_001,2025-08-01,635.18
snap_000377,prod_5067,wh_005,2025-08-20,495,34,461,73,186,supp_003,2025-07-20,920.03
snap_000378,prod_8719,wh_004,2025-09-03,121,31,90,46,121,supp_002,2025-09-08,184.76
snap_000379,prod_2357,wh_003,2025-09-07,81,40,41,77,162,supp_001,2025-07-31,447.87
snap_000380,prod_5516,wh_003,2025-09-12,269,7,262,97,120,supp_002,2025-07-18,464.61
snap_000381,prod_8379,wh_001,2025-08-26,164,38,126,95,83,supp_004,2025-08-08,535.28
snap_000382,prod_1833,wh_001,2025-09-13,397,48,349,90,124,supp_002,2025-07-30,348.28
snap_000383,prod_4710,wh_002,2025-09-12,358,44,314,25,102,supp_002,2025-09-05,517.31
snap_000384,prod_2543,wh_005,2025-09-02,383,6,377,64,188,supp_002,2025-07-26,367.67
snap_000385,prod_4393,wh_005,2025-09-06,158,13,145,95,52,supp_001,2025-08-02,996.44
snap_000386,prod_7208,wh_005,2025-09-15,296,4,292,13,90,supp_005,2025-09-10,650.67
snap_000387,prod_1238,wh_005,2025-08-31,257,17,240,38,140,supp_002,2025-09-12,550.75
snap_000388,prod_9366,wh_005,2025-09-14,147,46,101,74,96,supp_005,2025-07-21,15.63
snap_000389,prod_4085,wh_001,2025-08-31,47,48,0,23,152,supp_003,2025-07-22,45.79
snap_000390,prod_6499,wh_005,2025-09-08,300,14,286,76,167,supp_005,2025-07-26,921.95
snap_000391,prod_9775,wh_001,2025-08-24,44,30,14,52,182,supp_004,2025-08-13,184.8
snap_000392,prod_3836,wh_005,2025-08-24,71,21,50,84,76,supp_001,2025-09-09,128.85
snap_000393,prod_7933,wh_002,2025-09-06,323,0,323,31,98,supp_002,2025-09-02,312.78
snap_000394,prod_9626,wh_001,2025-08-25,363,20,343,27,128,supp_001,2025-09-04,39.12
snap_000395,prod_8939,wh_001,2025-08-23,155,1,154,20,172,supp_003,2025-07-30,901.19
snap_000396,prod_1281,wh_001,2025-09-05,118,41,77,16,62,supp_002,2025-08-29,392.34
snap_000397,prod_8865,wh_001,2025-09-12,98,10,88,52,110,supp_002,2025-08-19,261.9
snap_000398,prod_7087,wh_001,2025-08-23,208,11,197,47,70,supp_003,2025-08-25,380.19
snap_000399,prod_6868,wh_005,2025-09-07,69,24,45,32,167,supp_003,2025-07-20,741.05
snap_000400,prod_6513,wh_005,2025-08-23,270,29,241,41,110,supp_003,2025-09-06,16.16
snap_000401,prod_4467,wh_005,2025-09-05,391,45,346,43,93,supp_004,2025-07-27,898.99
snap_000402,prod_8304,wh_003,2025-09-08,98,39,59,13,61,supp_004,2025-08-23,616.31
snap_000403,prod_3260,wh_004,2025-08-21,306,31,275,71,150,supp_004,2025-09-15,965.62
snap_000404,prod_2876,wh_004,2025-08-18,175,39,136,35,150,supp_003,2025-09-04,647.3
snap_000405,prod_7730,wh_005,2025-08-25,430,49,381,44,79,supp_005,2025-07-29,384.4
snap_000406,prod_9634,wh_003,2025-09-09,336,24,312,91,191,supp_002,2025-08-28,72.21
snap_000407,prod_2102,wh_001,2025-08-25,72,28,44,47,112,supp_001,2025-07-30,145.58
snap_000408,prod_5063,wh_003,2025-09-10,174,41,133,41,106,supp_003,2025-08-30,434.66
snap_000409,prod_3625,wh_003,2025-08-31,13,20,0,58,162,supp_005,2025-07-24,226.01
snap_000410,prod_9523,wh_001,2025-08-29,452,12,440,23,166,supp_002,2025-07-29,596.59
snap_000411,prod_9184,wh_001,2025-09-04,430,37,393,92,152,supp_003,2025-07-23,593.13
snap_000412,prod_2315,wh_003,2025-08-25,333,27,306,40,190,supp_004,2025-08-21,285.9
snap_000413,prod_9913,wh_005,2025-08-30,52,3,49,92,91,supp_002,2025-08-14,222.55
snap_000414,prod_6685,wh_001,2025-08-26,469,4,465,62,126,supp_003,2025-08-25,307.02
snap_000415,prod_6378,wh_003,2025-08-22,317,31,286,30,149,supp_001,2025-09-07,178.31
snap_000416,prod_5678,wh_001,2025-09-08,198,11,187,69,67,supp_003,2025-09-15,212.03
snap_000417,prod_5867,wh_001,2025-08-30,150,1,149,99,79,supp_003,2025-08-31,179.24
snap_000418,prod_3628,wh_005,2025-09-05,449,16,433,51,128,supp_005,2025-09-12,566.6
snap_000419,prod_4107,wh_001,2025-09-07,481,35,446,47,136,supp_002,2025-08-25,233.57
snap_000420,prod_8764,wh_005,2025-09-13,13,16,0,11,179,supp_001,2025-08-22,384.77
snap_000421,prod_5278,wh_001,2025-09-12,230,17,213,12,163,supp_002,2025-07-22,819.59
snap_000422,prod_3692,wh_005,2025-08-25,149,11,138,60,56,supp_002,2025-09-07,68.28
snap_000423,prod_1102,wh_005,2025-08-18,41,23,18,23,180,supp_005,2025-09-01,156.84
snap_000424,prod_9086,wh_003,2025-09-15,255,41,214,76,114,supp_002,2025-09-05,522.7
snap_000425,prod_2606,wh_005,2025-09-08,425,40,385,78,137,supp_004,2025-09-10,646.4
snap_000426,prod_9343,wh_003,2025-08-25,81,0,81,87,195,supp_005,2025-08-11,220.36
snap_000427,prod_5749,wh_004,2025-08-23,14,36,0,71,126,supp_003,2025-08-20,482.86
snap_000428,prod_8263,wh_003,2025-08-24,442,1,441,100,144,supp_004,2025-08-22,38.99
snap_000429,prod_2315,wh_001,2025-09-08,359,41,318,51,61,supp_005,2025-09-09,799.09
snap_000430,prod_2503,wh_002,2025-08-19,366,22,344,32,93,supp_003,2025-09-10,762.26
snap_000431,prod_2296,wh_005,2025-09-11,370,35,335,39,186,supp_004,2025-07-22,558.25
snap_000432,prod_3841,wh_005,2025-08-24,263,50,213,40,165,supp_001,2025-08-22,312.14
snap_000433,prod_1415,wh_002,2025-09-12,253,15,238,68,65,supp_002,2025-07-27,105.39
snap_000434,prod_9050,wh_003,2025-09-01,242,24,218,62,115,supp_002,2025-08-05,546.16
snap_000435,prod_9435,wh_003,2025-09-12,275,29,246,24,165,supp_003,2025-08-08,213.35
snap_000436,prod_4474,wh_001,2025-08-28,480,35,445,86,174,supp_001,2025-09-05,266.7
snap_000437,prod_8920,wh_003,2025-08-20,289,27,262,97,53,supp_004,2025-07-21,974.91
snap_000438,prod_7710,wh_001,2025-08-20,359,24,335,51,93,supp_005,2025-08-12,661.02
snap_000439,prod_6404,wh_005,2025-09-03,413,17,396,93,175,supp_001,2025-08-29,89.86
snap_000440,prod_9791,wh_003,2025-09-03,30,13,17,66,137,supp_004,2025-07-29,141.99
snap_000441,prod_1604,wh_005,2025-09-03,306,40,266,54,81,supp_005,2025-09-13,948.54
snap_000442,prod_6800,wh_005,2025-08-30,13,30,0,31,102,supp_002,2025-08-27,892.79
snap_000443,prod_9627,wh_004,2025-09-10,430,46,384,76,129,supp_005,2025-08-31,257.85
snap_000444,prod_7898,wh_003,2025-08-21,281,3,278,63,151,supp_002,2025-09-12,655.85
snap_000445,prod_6101,wh_001,2025-08-17,280,9,271,44,116,supp_005,2025-08-13,806.67
snap_000446,prod_9856,wh_002,2025-09-05,3,13,0,63,84,supp_004,2025-09-06,204.19
snap_000447,prod_9210,wh_004,2025-08-29,158,40,118,25,116,supp_004,2025-08-23,934.28
snap_000448,prod_2342,wh_002,2025-08-19,395,19,376,69,133,supp_002,2025-08-09,80.78
snap_000449,prod_6948,wh_005,2025-09-11,495,47,448,71,183,supp_003,2025-07-24,590.44
snap_000450,prod_5142,wh_003,2025-08-27,384,1,383,73,117,supp_003,2025-08-02,58.3
snap_000451,prod_1408,wh_002,2025-09-13,423,23,400,55,97,supp_005,2025-09-11,388.76
snap_000452,prod_3756,wh_005,2025-09-12,264,3,261,76,104,supp_005,2025-08-19,698.12
snap_000453,prod_4070,wh_005,2025-09-02,422,34,388,100,62,supp_001,2025-08-09,291.42
snap_000454,prod_5111,wh_005,2025-08-18,114,23,91,22,135,supp_002,2025-08-30,326.51
snap_000455,prod_1074,wh_004,2025-09-09,195,10,185,50,121,supp_002,2025-07-30,241.8
snap_000456,prod_7807,wh_002,2025-08-28,50,22,28,61,156,supp_001,2025-08-18,807.46
snap_000457,prod_9221,wh_003,2025-08-17,280,34,246,46,103,supp_003,2025-09-05,386.21
snap_000458,prod_2857,wh_003,2025-08-31,317,30,287,47,53,supp_001,2025-07-22,188.94
snap_000459,prod_9903,wh_002,2025-08-29,448,3,445,12,95,supp_003,2025-08-03,50.3
snap_000460,prod_7974,wh_002,2025-09-10,413,31,382,18,97,supp_004,2025-08-02,187.27
snap_000461,prod_1104,wh_004,2025-08-19,148,36,112,49,122,supp_002,2025-09-07,235.94
snap_000462,prod_3104,wh_003,2025-09-09,467,6,461,84,123,supp_005,2025-08-10,448.7
snap_000463,prod_1096,wh_004,2025-09-03,285,11,274,75,186,supp_002,2025-07-22,228.82
snap_000464,prod_8152,wh_002,2025-09-02,373,39,334,16,55,supp_005,2025-07-27,804.47
snap_000465,prod_6801,wh_004,2025-08-23,478,15,463,13,86,supp_004,2025-08-23,930.78
snap_000466,prod_5117,wh_005,2025-08-28,196,44,152,15,96,supp_005,2025-08-03,490.77
snap_000467,prod_7452,wh_001,2025-08-25,427,37,390,95,88,supp_001,2025-09-15,153.09
snap_000468,prod_6414,wh_001,2025-09-03,118,41,77,67,142,supp_003,2025-07-24,312.36
snap_000469,prod_2486,wh_002,2025-08-27,400,34,366,93,152,supp_002,2025-09-04,609.59
snap_000470,prod_9536,wh_002,2025-09-01,18,11,7,82,139,supp_003,2025-08-19,700.33
snap_000471,prod_9475,wh_002,2025-09-01,369,20,349,48,77,supp_001,2025-08-10,16.06
snap_000472,prod_3079,wh_002,2025-08-19,223,47,176,56,99,supp_005,2025-07-29,325.13
snap_000473,prod_5735,wh_003,2025-09-11,401,47,354,20,197,supp_005,2025-08-20,373.4
snap_000474,prod_4895,wh_005,2025-08-22,482,44,438,79,162,supp_002,2025-07-28,322.53
snap_000475,prod_2080,wh_005,2025-08-19,284,48,236,81,186,supp_003,2025-07-24,296.13
snap_000476,prod_3142,wh_004,2025-08-17,48,42,6,11,157,supp_001,2025-08-01,978.54
snap_000477,prod_4572,wh_003,2025-08-21,356,10,346,86,67,supp_004,2025-09-15,994.72
snap_000478,prod_1699,wh_005,2025-09-09,256,22,234,95,83,supp_001,2025-08-20,184.43
snap_000479,prod_2322,wh_001,2025-08-27,208,2,206,82,170,supp_005,2025-09-12,302.29
snap_000480,prod_8275,wh_003,2025-08-28,481,25,456,15,190,supp_001,2025-08-27,12.62
snap_000481,prod_1838,wh_004,2025-09-03,474,21,453,98,96,supp_004,2025-09-13,817.44
snap_000482,prod_2468,wh_003,2025-08-25,444,23,421,23,94,supp_004,2025-09-05,395.06
snap_000483,prod_6918,wh_005,2025-09-09,480,8,472,91,167,supp_002,2025-07-21,157.01
snap_000484,prod_4258,wh_002,2025-08-29,298,48,250,29,95,supp_005,2025-07-26,425.44
snap_000485,prod_3913,wh_003,2025-08-25,393,0,393,16,89,supp_005,2025-07-31,553.04
snap_000486,prod_3165,wh_003,2025-08-30,126,2,124,96,106,supp_003,2025-08-02,93.65
snap_000487,prod_9040,wh_001,2025-09-10,333,40,293,86,144,supp_004,2025-07-23,459.06
snap_000488,prod_1207,wh_004,2025-08-27,85,12,73,33,83,supp_005,2025-09-08,849.2
snap_000489,prod_2461,wh_005,2025-09-12,25,44,0,56,134,supp_001,2025-07-18,321.53
snap_000490,prod_8296,wh_005,2025-09-02,247,37,210,68,98,supp_001,2025-09-08,36.31
snap_000491,prod_8573,wh_004,2025-08-18,114,11,103,39,62,supp_004,2025-08-12,663.41
snap_000492,prod_1650,wh_002,2025-09-06,360,26,334,76,120,supp_005,2025-08-26,156.94
snap_000493,prod_1274,wh_001,2025-08-20,143,1,142,91,149,supp_001,2025-08-14,300.87
snap_000494,prod_2615,wh_002,2025-08-27,274,21,253,45,188,supp_001,2025-07-29,617.87
snap_000495,prod_7728,wh_003,2025-08-18,337,1,336,60,162,supp_001,2025-07-21,905.54
snap_000496,prod_9590,wh_003,2025-09-14,12,39,0,52,146,supp_004,2025-08-11,902.4
snap_000497,prod_4866,wh_003,2025-08-26,447,16,431,90,88,supp_004,2025-08-03,745.01
snap_000498,prod_5486,wh_004,2025-09-14,224,21,203,81,189,supp_003,2025-08-15,560.94
snap_000499,prod_7886,wh_002,2025-09-14,68,29,39,64,51,supp_002,2025-08-08,681.76
snap_000500,prod_4771,wh_002,2025-09-07,337,10,327,57,172,supp_003,2025-07-24,371.67
snap_000501,prod_9898,wh_005,2025-08-18,22,12,10,87,86,supp_002,2025-07-31,734.61
snap_000502,prod_8495,wh_003,2025-09-04,160,45,115,68,77,supp_004,2025-08-28,171.6
snap_000503,prod_9320,wh_005,2025-08-26,489,47,442,52,89,supp_004,2025-09-12,233.27
snap_000504,prod_7396,wh_005,2025-08-28,401,45,356,12,109,supp_005,2025-07-23,800.49
snap_000505,prod_2004,wh_004,2025-08-30,405,6,399,61,71,supp_005,2025-08-16,938.54
snap_000506,prod_4834,wh_002,2025-09-08,175,32,143,53,88,supp_004,2025-09-02,155.68
snap_000507,prod_9107,wh_004,2025-08-20,304,38,266,85,134,supp_003,2025-07-21,331.13
snap_000508,prod_8208,wh_004,2025-09-07,466,22,444,74,72,supp_005,2025-07-27,902.53
snap_000509,prod_2955,wh_001,2025-09-01,392,37,355,71,60,supp_002,2025-09-10,909.65
snap_000510,prod_6868,wh_004,2025-08-25,205,33,172,51,175,supp_001,2025-07-18,516.86
snap_000511,prod_7271,wh_003,2025-09-10,119,49,70,78,119,supp_004,2025-09-04,463.19
snap_000512,prod_7034,wh_003,2025-08-26,416,32,384,58,174,supp_003,2025-08-10,842.44
snap_000513,prod_6745,wh_003,2025-08-22,250,43,207,70,189,supp_004,2025-08-26,538.25
snap_000514,prod_6523,wh_002,2025-08-26,429,2,427,36,115,supp_004,2025-08-19,877.17
snap_000515,prod_8778,wh_002,2025-08-30,306,19,287,51,164,supp_001,2025-08-07,673.22
snap_000516,prod_6471,wh_004,2025-08-30,181,37,144,46,53,supp_001,2025-09-02,978.44
snap_000517,prod_4211,wh_004,2025-08-25,446,27,419,56,157,supp_001,2025-08-28,946.71
snap_000518,prod_2582,wh_004,2025-08-20,430,22,408,62,80,supp_003,2025-08-14,918.52
snap_000519,prod_5585,wh_005,2025-08-20,112,18,94,73,200,supp_003,2025-08-05,674.37
snap_000520,prod_9183,wh_003,2025-09-08,99,16,83,73,134,supp_001,2025-08-03,835.89
snap_000521,prod_3512,wh_003,2025-08-26,493,47,446,28,97,supp_002,2025-07-21,184.0
snap_000522,prod_2583,wh_001,2025-08-27,274,50,224,28,75,supp_004,2025-08-04,470.23
snap_000523,prod_3404,wh_003,2025-08-18,479,35,444,19,176,supp_005,2025-08-16,552.82
snap_000524,prod_4862,wh_004,2025-09-14,246,50,196,45,119,supp_002,2025-08-06,290.08
snap_000525,prod_6677,wh_001,2025-09-14,96,41,55,66,152,supp_001,2025-07-29,697.97
snap_000526,prod_2565,wh_003,2025-09-13,112,13,99,87,93,supp_001,2025-08-03,110.62
snap_000527,prod_8887,wh_003,2025-09-01,399,37,362,66,56,supp_004,2025-08-04,610.98
snap_000528,prod_4483,wh_002,2025-09-08,312,40,272,15,143,supp_001,2025-09-07,419.35
snap_000529,prod_6653,wh_005,2025-09-03,93,3,90,69,115,supp_002,2025-08-04,341.89
snap_000530,prod_2653,wh_003,2025-09-03,159,29,130,37,157,supp_001,2025-08-11,440.45
snap_000531,prod_7096,wh_004,2025-09-02,320,6,314,83,54,supp_005,2025-08-12,572.72
snap_000532,prod_6680,wh_004,2025-08-23,17,47,0,34,69,supp_002,2025-07-29,125.28
snap_000533,prod_5574,wh_004,2025-09-10,469,31,438,27,104,supp_003,2025-08-02,119.64
snap_000534,prod_8281,wh_001,2025-08-20,161,12,149,100,73,supp_005,2025-07-24,278.49
snap_000535,prod_6125,wh_003,2025-08-22,475,49,426,39,84,supp_002,2025-08-16,714.57
snap_000536,prod_3563,wh_005,2025-08-22,381,9,372,22,162,supp_004,2025-09-13,505.23
snap_000537,prod_1511,wh_001,2025-08-25,154,4,150,24,175,supp_003,2025-08-01,614.93
snap_000538,prod_4192,wh_004,2025-09-10,445,24,421,66,78,supp_004,2025-07-26,702.32
snap_000539,prod_3263,wh_001,2025-08-20,230,15,215,33,117,supp_005,2025-07-19,839.78
snap_000540,prod_9411,wh_003,2025-08-18,265,15,250,52,163,supp_003,2025-08-12,141.78
snap_000541,prod_1766,wh_002,2025-09-11,4,2,2,42,185,supp_003,2025-08-14,883.6
snap_000542,prod_2698,wh_004,2025-08-30,42,44,0,66,160,supp_003,2025-08-07,597.21
snap_000543,prod_5784,wh_002,2025-08-24,374,1,373,29,111,supp_004,2025-07-29,612.49
snap_000544,prod_9397,wh_002,2025-08-30,11,21,0,93,114,supp_005,2025-07-30,438.65
snap_000545,prod_7589,wh_003,2025-08-19,114,42,72,86,170,supp_005,2025-09-02,640.26
snap_000546,prod_3488,wh_004,2025-08-26,481,0,481,27,112,supp_002,2025-09-12,816.33
snap_000547,prod_9861,wh_002,2025-08-26,35,29,6,91,124,supp_001,2025-08-15,484.31
snap_000548,prod_8813,wh_003,2025-08-26,73,37,36,27,66,supp_004,2025-08-28,527.82
snap_000549,prod_3123,wh_004,2025-08-30,83,38,45,32,63,supp_003,2025-08-22,970.97
snap_000550,prod_1269,wh_005,2025-09-05,298,21,277,26,76,supp_002,2025-09-05,319.52
snap_000551,prod_7963,wh_002,2025-09-14,392,19,373,44,160,supp_005,2025-09-12,195.45
snap_000552,prod_1076,wh_001,2025-08-20,36,22,14,100,92,supp_005,2025-09-13,456.81
snap_000553,prod_9317,wh_004,2025-08-18,400,35,365,37,65,supp_004,2025-07-31,999.72
snap_000554,prod_5970,wh_002,2025-09-07,491,3,488,12,128,supp_001,2025-08-19,295.62
snap_000555,prod_2468,wh_005,2025-08-21,103,23,80,53,128,supp_003,2025-09-05,646.57
snap_000556,prod_6712,wh_005,2025-08-21,239,19,220,64,190,supp_003,2025-08-28,283.75
snap_000557,prod_2827,wh_005,2025-09-07,306,46,260,22,178,supp_001,2025-09-07,883.31
snap_000558,prod_1198,wh_005,2025-09-03,130,8,122,64,153,supp_002,2025-08-12,580.5
snap_000559,prod_9648,wh_001,2025-09-02,332,33,299,19,185,supp_002,2025-08-25,392.13
snap_000560,prod_9169,wh_001,2025-09-14,433,43,390,52,174,supp_001,2025-07-31,761.14
snap_000561,prod_5306,wh_004,2025-09-14,123,40,83,73,186,supp_004,2025-07-26,411.47
snap_000562,prod_4931,wh_005,2025-08-26,112,3,109,46,200,supp_005,2025-08-06,941.25
snap_000563,prod_8419,wh_004,2025-09-13,477,4,473,33,173,supp_001,2025-09-11,186.9
snap_000564,prod_7394,wh_005,2025-09-09,36,10,26,53,134,supp_005,2025-08-27,650.26
snap_000565,prod_3840,wh_003,2025-08-20,55,43,12,77,110,supp_004,2025-08-13,123.38
snap_000566,prod_1373,wh_003,2025-08-19,149,24,125,53,138,supp_002,2025-07-18,833.21
snap_000567,prod_1715,wh_002,2025-08-30,53,12,41,94,198,supp_003,2025-08-08,446.41
snap_000568,prod_9644,wh_001,2025-09-14,397,3,394,51,63,supp_004,2025-08-25,920.02
snap_000569,prod_3356,wh_004,2025-08-28,45,8,37,14,172,supp_003,2025-07-20,404.38
snap_000570,prod_9596,wh_001,2025-09-03,134,17,117,65,88,supp_003,2025-08-15,430.49
snap_000571,prod_5919,wh_001,2025-09-10,59,15,44,66,130,supp_001,2025-07-30,681.38
snap_000572,prod_5838,wh_001,2025-08-20,466,16,450,13,147,supp_003,2025-09-10,758.31
snap_000573,prod_6471,wh_003,2025-09-02,296,31,265,72,191,supp_002,2025-07-27,665.93
snap_000574,prod_1100,wh_004,2025-08-21,158,4,154,32,81,supp_001,2025-09-07,69.18
snap_000575,prod_6210,wh_003,2025-09-09,166,40,126,99,81,supp_001,2025-08-20,590.86
snap_000576,prod_6172,wh_004,2025-09-13,411,50,361,100,75,supp_005,2025-08-02,181.86
snap_000577,prod_6923,wh_004,2025-08-23,160,9,151,100,197,supp_003,2025-07-18,934.19
snap_000578,prod_7398,wh_003,2025-08-20,369,3,366,38,192,supp_003,2025-07-26,948.83
snap_000579,prod_5579,wh_001,2025-08-18,144,28,116,23,164,supp_001,2025-09-04,567.06
snap_000580,prod_9554,wh_002,2025-08-23,119,9,110,84,80,supp_001,2025-08-27,799.21
snap_000581,prod_3958,wh_001,2025-09-10,65,28,37,67,85,supp_004,2025-08-24,454.36
snap_000582,prod_9230,wh_001,2025-09-12,429,4,425,30,113,supp_004,2025-09-07,361.32
snap_000583,prod_4835,wh_004,2025-09-13,480,3,477,98,177,supp_002,2025-08-26,771.74
snap_000584,prod_9865,wh_005,2025-09-08,216,37,179,75,143,supp_001,2025-09-01,566.63
snap_000585,prod_5632,wh_005,2025-08-18,116,47,69,25,182,supp_002,2025-09-15,764.26
snap_000586,prod_4595,wh_002,2025-09-04,290,19,271,12,175,supp_004,2025-08-15,437.62
snap_000587,prod_6981,wh_004,2025-09-10,112,39,73,88,84,supp_004,2025-07-21,164.34
snap_000588,prod_8311,wh_003,2025-09-02,254,8,246,47,55,supp_001,2025-07-26,774.74
snap_000589,prod_2738,wh_002,2025-08-24,12,7,5,49,116,supp_005,2025-08-28,907.44
snap_000590,prod_8527,wh_002,2025-09-03,273,21,252,36,172,supp_005,2025-08-29,792.21
snap_000591,prod_2654,wh_004,2025-09-11,248,11,237,85,184,supp_005,2025-07-29,49.09
snap_000592,prod_6465,wh_005,2025-09-07,242,41,201,79,166,supp_003,2025-08-20,497.12
snap_000593,prod_2488,wh_005,2025-09-14,373,13,360,63,145,supp_005,2025-09-12,632.84
snap_000594,prod_3913,wh_003,2025-09-04,124,24,100,71,64,supp_002,2025-09-01,302.37
snap_000595,prod_1671,wh_003,2025-09-08,13,27,0,32,179,supp_003,2025-09-14,195.93
snap_000596,prod_2060,wh_004,2025-09-06,63,10,53,84,110,supp_001,2025-08-25,820.81
snap_000597,prod_9741,wh_003,2025-09-13,274,3,271,47,111,supp_001,2025-07-20,112.37
snap_000598,prod_3680,wh_005,2025-08-22,216,16,200,80,155,supp_002,2025-08-22,446.55
snap_000599,prod_2714,wh_003,2025-09-14,234,2,232,100,98,supp_005,2025-08-09,706.69
snap_000600,prod_9658,wh_001,2025-09-01,362,44,318,46,76,supp_004,2025-09-07,91.83
snap_000601,prod_6943,wh_005,2025-08-19,108,10,98,17,106,supp_001,2025-08-22,383.06
snap_000602,prod_6726,wh_001,2025-08-26,367,49,318,65,193,supp_005,2025-08-11,940.25
snap_000603,prod_3501,wh_005,2025-09-11,273,10,263,24,145,supp_002,2025-08-11,208.5
snap_000604,prod_6017,wh_001,2025-09-11,432,21,411,65,68,supp_003,2025-07-24,792.16
snap_000605,prod_3722,wh_003,2025-09-13,362,18,344,54,141,supp_001,2025-07-30,819.25
snap_000606,prod_3692,wh_001,2025-08-21,99,40,59,40,195,supp_001,2025-07-20,235.97
snap_000607,prod_7413,wh_005,2025-09-10,266,11,255,49,142,supp_005,2025-08-03,505.68
snap_000608,prod_9457,wh_003,2025-08-25,284,15,269,28,169,supp_005,2025-08-19,775.08
snap_000609,prod_7264,wh_005,2025-09-11,428,17,411,26,75,supp_004,2025-09-12,897.74
snap_000610,prod_3193,wh_002,2025-08-31,271,35,236,92,179,supp_005,2025-09-14,307.92
snap_000611,prod_9077,wh_003,2025-09-09,395,25,370,32,196,supp_003,2025-07-29,115.99
snap_000612,prod_7187,wh_005,2025-09-14,374,16,358,75,196,supp_003,2025-07-19,524.35
snap_000613,prod_3002,wh_003,2025-08-17,215,15,200,70,160,supp_001,2025-09-06,694.82
snap_000614,prod_3841,wh_004,2025-08-25,90,50,40,29,91,supp_001,2025-08-15,845.81
snap_000615,prod_2672,wh_003,2025-09-06,52,50,2,91,182,supp_003,2025-07-29,677.85
snap_000616,prod_3301,wh_004,2025-09-12,187,45,142,28,186,supp_004,2025-08-03,388.05
snap_000617,prod_2775,wh_001,2025-08-22,256,2,254,89,121,supp_002,2025-07-31,622.75
snap_000618,prod_3732,wh_003,2025-09-06,316,23,293,23,139,supp_003,2025-07-23,700.47
snap_000619,prod_4355,wh_001,2025-09-07,132,31,101,74,149,supp_003,2025-09-11,632.93
snap_000620,prod_9110,wh_001,2025-08-19,457,19,438,22,159,supp_001,2025-08-30,752.06
snap_000621,prod_2510,wh_001,2025-09-08,335,24,311,31,177,supp_003,2025-08-05,435.16
snap_000622,prod_8182,wh_002,2025-08-26,221,21,200,55,94,supp_002,2025-07-26,965.83
snap_000623,prod_1994,wh_001,2025-09-14,406,46,360,37,173,supp_004,2025-08-07,179.75
snap_000624,prod_8982,wh_005,2025-09-15,339,21,318,80,136,supp_004,2025-07-24,5.22
snap_000625,prod_3187,wh_003,2025-09-15,56,36,20,85,188,supp_005,2025-09-11,401.84
snap_000626,prod_2069,wh_002,2025-09-08,325,50,275,27,51,supp_001,2025-08-19,821.12
snap_000627,prod_1032,wh_005,2025-08-19,232,32,200,77,93,supp_005,2025-08-05,121.3
snap_000628,prod_8290,wh_002,2025-08-22,24,26,0,86,128,supp_002,2025-07-26,738.91
snap_000629,prod_2314,wh_005,2025-09-08,198,5,193,39,85,supp_005,2025-08-27,926.85
snap_000630,prod_3559,wh_001,2025-09-01,81,44,37,83,87,supp_004,2025-09-04,518.11
snap_000631,prod_8193,wh_002,2025-08-25,206,33,173,18,108,supp_002,2025-07-28,115.87
snap_000632,prod_4015,wh_002,2025-09-11,252,33,219,59,131,supp_001,2025-09-05,985.35
snap_000633,prod_7580,wh_004,2025-09-04,474,41,433,28,63,supp_005,2025-09-07,681.53
snap_000634,prod_5588,wh_005,2025-08-22,49,47,2,31,60,supp_004,2025-08-10,485.79
snap_000635,prod_3449,wh_003,2025-08-18,444,5,439,37,110,supp_002,2025-07-23,226.69
snap_000636,prod_8572,wh_003,2025-09-05,487,46,441,34,149,supp_002,2025-07-29,431.04
snap_000637,prod_8199,wh_004,2025-09-13,141,26,115,48,167,supp_005,2025-09-03,432.7
snap_000638,prod_1753,wh_004,2025-09-10,439,40,399,77,64,supp_003,2025-09-04,22.3
snap_000639,prod_3257,wh_003,2025-08-18,313,4,309,50,135,supp_005,2025-07-28,275.14
snap_000640,prod_1871,wh_004,2025-09-12,55,28,27,74,74,supp_004,2025-08-09,239.62
snap_000641,prod_3183,wh_004,2025-09-13,67,6,61,79,155,supp_002,2025-08-29,106.36
snap_000642,prod_5777,wh_002,2025-09-02,466,3,463,23,68,supp_002,2025-08-23,697.68
snap_000643,prod_1386,wh_005,2025-09-10,428,22,406,99,181,supp_001,2025-08-19,25.75
snap_000644,prod_7445,wh_005,2025-08-21,309,26,283,31,97,supp_001,2025-08-11,829.76
snap_000645,prod_6752,wh_005,2025-08-31,37,46,0,20,125,supp_001,2025-09-06,39.25
snap_000646,prod_7839,wh_003,2025-08-27,413,16,397,23,110,supp_004,2025-09-02,417.11
snap_000647,prod_6574,wh_002,2025-08-29,491,48,443,74,187,supp_005,2025-08-02,549.15
snap_000648,prod_6057,wh_002,2025-08-19,90,37,53,55,193,supp_005,2025-08-06,979.24
snap_000649,prod_6165,wh_005,2025-09-12,330,26,304,58,51,supp_005,2025-08-25,11.22
snap_000650,prod_4357,wh_004,2025-09-02,404,36,368,82,152,supp_005,2025-08-11,844.9
snap_000651,prod_1399,wh_004,2025-09-02,491,43,448,31,116,supp_005,2025-08-05,895.52
snap_000652,prod_6508,wh_004,2025-09-04,169,13,156,42,73,supp_005,2025-07-18,123.89
snap_000653,prod_4535,wh_001,2025-09-13,204,50,154,17,80,supp_001,2025-08-27,134.24
snap_000654,prod_1556,wh_001,2025-08-27,28,35,0,88,177,supp_003,2025-07-31,726.33
snap_000655,prod_3117,wh_001,2025-09-10,127,24,103,17,151,supp_005,2025-07-25,399.95
snap_000656,prod_5512,wh_003,2025-09-08,427,10,417,71,139,supp_001,2025-08-13,365.49
snap_000657,prod_4742,wh_004,2025-09-11,78,12,66,53,111,supp_003,2025-08-11,41.67
snap_000658,prod_5338,wh_001,2025-08-29,447,4,443,41,129,supp_001,2025-08-16,398.02
snap_000659,prod_1785,wh_003,2025-08-29,200,32,168,50,117,supp_001,2025-07-24,753.92
snap_000660,prod_2738,wh_005,2025-08-31,81,22,59,13,164,supp_005,2025-08-26,324.93
snap_000661,prod_2793,wh_004,2025-09-12,162,39,123,74,129,supp_001,2025-08-09,142.63
snap_000662,prod_2726,wh_004,2025-08-22,213,7,206,62,105,supp_004,2025-07-18,504.96
snap_000663,prod_9914,wh_005,2025-09-11,269,22,247,94,99,supp_001,2025-08-22,860.74
snap_000664,prod_9593,wh_002,2025-08-28,105,24,81,24,158,supp_005,2025-08-10,710.1
snap_000665,prod_1519,wh_005,2025-09-13,163,40,123,18,51,supp_004,2025-09-15,759.67
snap_000666,prod_5100,wh_005,2025-09-11,309,5,304,64,167,supp_003,2025-09-13,923.74
snap_000667,prod_3805,wh_004,2025-09-02,36,2,34,28,157,supp_001,2025-08-19,56.57
snap_000668,prod_2324,wh_002,2025-09-10,229,1,228,67,193,supp_003,2025-08-30,85.86
snap_000669,prod_1050,wh_001,2025-08-20,488,16,472,30,67,supp_001,2025-08-22,19.22
snap_000670,prod_3940,wh_001,2025-08-31,33,24,9,50,67,supp_001,2025-08-19,628.41
snap_000671,prod_5570,wh_003,2025-09-08,23,17,6,36,144,supp_005,2025-08-06,703.69
snap_000672,prod_9434,wh_001,2025-09-06,389,28,361,16,159,supp_004,2025-08-07,277.22
snap_000673,prod_2774,wh_001,2025-09-09,320,25,295,33,145,supp_001,2025-07-31,377.86
snap_000674,prod_4016,wh_003,2025-09-06,480,24,456,52,135,supp_005,2025-08-05,59.37
snap_000675,prod_7032,wh_005,2025-09-11,290,39,251,35,200,supp_001,2025-07-22,833.06
snap_000676,prod_7387,wh_002,2025-08-19,458,14,444,18,146,supp_005,2025-09-05,651.62
snap_000677,prod_2787,wh_003,2025-08-18,441,35,406,75,186,supp_001,2025-07-29,899.1
snap_000678,prod_3819,wh_002,2025-09-08,186,12,174,83,130,supp_004,2025-08-04,811.22
snap_000679,prod_7864,wh_001,2025-08-18,423,20,403,81,148,supp_002,2025-07-18,437.91
snap_000680,prod_5642,wh_002,2025-08-27,433,40,393,10,156,supp_003,2025-08-10,732.37
snap_000681,prod_2265,wh_004,2025-08-20,41,9,32,83,103,supp_002,2025-07-29,968.95
snap_000682,prod_7997,wh_001,2025-09-03,409,6,403,38,50,supp_004,2025-09-05,256.14
snap_000683,prod_2675,wh_003,2025-08-31,255,24,231,59,138,supp_003,2025-09-05,302.1
snap_000684,prod_6408,wh_002,2025-09-03,374,41,333,94,85,supp_005,2025-08-01,832.39
snap_000685,prod_3306,wh_002,2025-08-26,360,7,353,63,167,supp_002,2025-09-12,209.13
snap_000686,prod_1654,wh_002,2025-09-15,297,24,273,89,110,supp_002,2025-08-28,579.7
snap_000687,prod_4381,wh_002,2025-08-29,207,0,207,98,197,supp_001,2025-08-13,680.38
snap_000688,prod_6065,wh_002,2025-08-18,193,45,148,93,116,supp_003,2025-08-07,13.76
snap_000689,prod_1755,wh_001,2025-08-17,391,2,389,62,121,supp_004,2025-07-28,782.47
snap_000690,prod_2594,wh_001,2025-09-02,71,2,69,22,70,supp_002,2025-07-26,543.53
snap_000691,prod_1184,wh_005,2025-08-25,195,14,181,13,129,supp_001,2025-08-22,785.75
snap_000692,prod_1088,wh_004,2025-08-25,479,29,450,45,61,supp_002,2025-08-22,874.71
snap_000693,prod_3009,wh_003,2025-08-22,134,3,131,43,81,supp_002,2025-07-22,971.66
snap_000694,prod_4220,wh_005,2025-09-09,192,6,186,26,178,supp_005,2025-07-27,394.01
snap_000695,prod_7238,wh_001,2025-09-09,188,25,163,33,111,supp_001,2025-09-03,627.84
snap_000696,prod_1458,wh_001,2025-08-21,21,50,0,83,136,supp_001,2025-07-25,549.93
snap_000697,prod_8194,wh_001,2025-08-26,315,21,294,33,153,supp_003,2025-09-11,965.63
snap_000698,prod_8252,wh_002,2025-08-22,112,35,77,81,136,supp_002,2025-08-12,977.42
snap_000699,prod_5637,wh_002,2025-09-01,52,2,50,44,91,supp_003,2025-07-25,197.43
snap_000700,prod_4533,wh_002,2025-08-25,202,25,177,82,108,supp_002,2025-08-04,407.81
snap_000701,prod_9554,wh_002,2025-09-08,92,17,75,39,163,supp_002,2025-07-28,274.93
snap_000702,prod_4525,wh_002,2025-09-01,16,33,0,57,104,supp_003,2025-08-25,364.55
snap_000703,prod_3379,wh_003,2025-09-07,260,6,254,19,75,supp_001,2025-09-09,201.22
snap_000704,prod_8881,wh_005,2025-08-19,329,30,299,30,108,supp_001,2025-08-17,450.32
snap_000705,prod_7247,wh_002,2025-08-23,25,29,0,27,128,supp_003,2025-09-06,531.42
snap_000706,prod_4622,wh_001,2025-08-17,310,42,268,52,150,supp_001,2025-09-07,79.6
snap_000707,prod_6359,wh_004,2025-08-25,57,37,20,50,174,supp_002,2025-08-22,623.49
snap_000708,prod_9219,wh_002,2025-09-02,423,27,396,46,107,supp_003,2025-08-28,658.71
snap_000709,prod_2492,wh_003,2025-08-19,240,14,226,76,190,supp_002,2025-08-06,891.41
snap_000710,prod_3671,wh_003,2025-08-27,406,1,405,43,195,supp_004,2025-08-18,705.5
snap_000711,prod_5361,wh_003,2025-09-08,145,0,145,67,65,supp_001,2025-07-29,127.09
snap_000712,prod_6577,wh_005,2025-09-10,358,42,316,60,73,supp_004,2025-09-10,835.11
snap_000713,prod_8788,wh_002,2025-09-10,450,14,436,87,127,supp_002,2025-08-08,971.84
snap_000714,prod_7571,wh_005,2025-09-11,46,9,37,99,103,supp_002,2025-09-01,697.81
snap_000715,prod_5698,wh_004,2025-09-06,215,19,196,43,174,supp_002,2025-08-10,530.19
snap_000716,prod_5864,wh_003,2025-09-02,364,27,337,65,72,supp_003,2025-09-14,605.86
snap_000717,prod_9267,wh_003,2025-09-08,298,4,294,65,70,supp_005,2025-08-16,928.83
snap_000718,prod_2036,wh_002,2025-09-14,348,43,305,54,52,supp_002,2025-08-23,411.0
snap_000719,prod_6355,wh_004,2025-09-02,422,34,388,27,78,supp_001,2025-09-05,368.9
snap_000720,prod_8171,wh_001,2025-09-13,463,47,416,13,168,supp_004,2025-09-05,318.84
snap_000721,prod_5522,wh_002,2025-09-07,333,7,326,85,195,supp_005,2025-08-23,78.28
snap_000722,prod_3247,wh_002,2025-09-03,149,49,100,94,60,supp_004,2025-09-08,847.13
snap_000723,prod_1661,wh_001,2025-08-27,112,18,94,68,143,supp_001,2025-08-10,176.87
snap_000724,prod_7595,wh_001,2025-08-29,195,3,192,81,192,supp_002,2025-09-14,173.94
snap_000725,prod_5988,wh_002,2025-08-18,116,36,80,23,154,supp_003,2025-08-01,485.63
snap_000726,prod_6473,wh_002,2025-08-26,170,26,144,19,158,supp_001,2025-08-12,781.11
snap_000727,prod_6016,wh_004,2025-08-29,269,38,231,62,164,supp_005,2025-08-29,132.41
snap_000728,prod_8755,wh_004,2025-09-11,487,13,474,67,177,supp_002,2025-08-12,332.62
snap_000729,prod_1022,wh_001,2025-08-27,282,23,259,20,134,supp_004,2025-07-23,757.23
snap_000730,prod_7297,wh_002,2025-09-07,131,46,85,97,51,supp_001,2025-09-03,768.08
snap_000731,prod_8622,wh_001,2025-09-11,1,12,0,39,87,supp_001,2025-08-01,846.06
snap_000732,prod_6637,wh_002,2025-09-12,391,8,383,41,62,supp_004,2025-08-21,500.02
snap_000733,prod_8809,wh_004,2025-09-05,297,1,296,70,79,supp_004,2025-09-14,101.79
snap_000734,prod_9209,wh_004,2025-09-11,157,34,123,11,125,supp_002,2025-07-22,899.57
snap_000735,prod_8861,wh_001,2025-08-28,264,3,261,32,68,supp_003,2025-09-15,610.31
snap_000736,prod_3921,wh_005,2025-09-11,140,21,119,68,139,supp_003,2025-08-19,726.53
snap_000737,prod_8732,wh_005,2025-09-14,2,4,0,12,155,supp_003,2025-09-10,204.98
snap_000738,prod_6679,wh_003,2025-08-20,417,45,372,20,177,supp_004,2025-07-20,151.6
snap_000739,prod_9061,wh_001,2025-09-13,485,43,442,20,111,supp_005,2025-09-10,229.77
snap_000740,prod_2375,wh_001,2025-08-29,379,35,344,21,188,supp_004,2025-08-24,577.52
snap_000741,prod_2650,wh_004,2025-09-14,424,15,409,29,153,supp_003,2025-08-13,935.55
snap_000742,prod_6029,wh_004,2025-08-28,205,13,192,86,143,supp_002,2025-08-18,756.15
snap_000743,prod_2904,wh_001,2025-08-21,238,42,196,52,165,supp_002,2025-07-18,452.61
snap_000744,prod_3963,wh_004,2025-09-14,218,26,192,48,124,supp_004,2025-07-24,73.25
snap_000745,prod_4958,wh_003,2025-09-06,201,45,156,41,198,supp_002,2025-08-19,367.63
snap_000746,prod_9414,wh_002,2025-08-29,2,24,0,70,191,supp_005,2025-08-03,416.29
snap_000747,prod_6458,wh_002,2025-08-24,170,31,139,16,73,supp_003,2025-09-12,376.23
snap_000748,prod_2774,wh_004,2025-09-11,326,40,286,18,150,supp_003,2025-08-25,869.06
snap_000749,prod_1775,wh_004,2025-09-13,216,19,197,95,148,supp_003,2025-08-16,665.44
snap_000750,prod_6458,wh_005,2025-09-12,270,50,220,21,100,supp_005,2025-07-28,416.21
snap_000751,prod_3110,wh_002,2025-08-31,291,33,258,53,182,supp_004,2025-07-21,657.23
snap_000752,prod_7579,wh_001,2025-09-13,413,44,369,77,191,supp_003,2025-08-26,161.71
snap_000753,prod_2537,wh_003,2025-09-12,458,16,442,14,72,supp_004,2025-08-04,707.59
snap_000754,prod_2480,wh_003,2025-09-04,67,27,40,71,112,supp_003,2025-09-07,466.95
snap_000755,prod_1498,wh_002,2025-09-02,55,14,41,41,153,supp_003,2025-07-23,255.39
snap_000756,prod_7297,wh_002,2025-09-07,226,23,203,88,117,supp_005,2025-09-15,7.65
snap_000757,prod_9128,wh_003,2025-08-23,262,25,237,62,143,supp_004,2025-08-02,764.89
snap_000758,prod_8695,wh_001,2025-09-08,227,33,194,90,121,supp_003,2025-08-06,400.99
snap_000759,prod_4906,wh_004,2025-08-18,177,50,127,55,156,supp_005,2025-07-27,698.61
snap_000760,prod_5751,wh_005,2025-08-27,77,31,46,35,97,supp_004,2025-09-15,814.1
snap_000761,prod_2182,wh_004,2025-09-02,389,42,347,24,100,supp_001,2025-08-14,393.87
snap_000762,prod_7755,wh_005,2025-08-30,292,40,252,41,154,supp_003,2025-09-15,362.18
snap_000763,prod_8929,wh_004,2025-08-24,205,17,188,97,100,supp_001,2025-09-04,304.97
snap_000764,prod_8422,wh_003,2025-09-03,82,14,68,61,162,supp_001,2025-09-01,618.12
snap_000765,prod_1749,wh_005,2025-08-26,284,27,257,11,155,supp_004,2025-09-01,747.11
snap_000766,prod_9006,wh_002,2025-08-19,414,47,367,97,88,supp_005,2025-08-11,117.16
snap_000767,prod_5768,wh_001,2025-09-05,240,16,224,22,136,supp_004,2025-08-27,553.15
snap_000768,prod_1802,wh_001,2025-09-12,104,7,97,42,165,supp_004,2025-08-03,91.39
snap_000769,prod_8178,wh_004,2025-08-30,443,7,436,45,185,supp_005,2025-08-06,119.5
snap_000770,prod_4423,wh_005,2025-09-10,289,40,249,11,120,supp_003,2025-07-19,350.03
snap_000771,prod_7175,wh_004,2025-09-07,170,35,135,54,163,supp_002,2025-07-29,934.4
snap_000772,prod_3275,wh_005,2025-08-23,23,22,1,66,141,supp_004,2025-08-23,553.31
snap_000773,prod_9446,wh_003,2025-08-17,210,5,205,89,130,supp_001,2025-07-31,675.71
snap_000774,prod_9130,wh_002,2025-09-03,448,17,431,44,57,supp_005,2025-07-24,729.02
snap_000775,prod_3314,wh_005,2025-08-29,448,28,420,96,175,supp_004,2025-09-14,823.06
snap_000776,prod_8562,wh_005,2025-08-30,433,50,383,48,53,supp_005,2025-09-06,445.81
snap_000777,prod_3641,wh_001,2025-08-31,302,31,271,66,192,supp_004,2025-07-19,540.45
snap_000778,prod_4536,wh_001,2025-09-15,16,30,0,61,73,supp_005,2025-09-06,523.71
snap_000779,prod_6547,wh_002,2025-09-05,227,41,186,81,55,supp_001,2025-08-26,310.45
snap_000780,prod_8325,wh_005,2025-09-08,266,0,266,35,152,supp_003,2025-07-28,138.62
snap_000781,prod_3630,wh_005,2025-09-09,263,30,233,62,146,supp_003,2025-08-09,489.91
snap_000782,prod_9649,wh_002,2025-08-18,495,2,493,27,116,supp_005,2025-08-01,976.38
snap_000783,prod_1533,wh_003,2025-09-03,115,19,96,25,147,supp_005,2025-09-02,466.27
snap_000784,prod_5451,wh_003,2025-08-20,402,37,365,43,107,supp_002,2025-09-13,90.91
snap_000785,prod_1347,wh_005,2025-08-26,312,40,272,90,132,supp_003,2025-08-28,658.61
snap_000786,prod_9512,wh_002,2025-09-08,158,3,155,95,84,supp_001,2025-08-26,18.21
snap_000787,prod_4878,wh_004,2025-08-29,344,29,315,34,108,supp_001,2025-09-06,312.16
snap_000788,prod_8780,wh_005,2025-08-24,213,39,174,15,88,supp_004,2025-08-07,431.0
snap_000789,prod_1658,wh_003,2025-08-27,187,15,172,28,151,supp_001,2025-09-01,89.52
snap_000790,prod_1804,wh_004,2025-09-03,159,37,122,60,200,supp_001,2025-08-25,819.83
snap_000791,prod_6250,wh_005,2025-08-25,152,45,107,13,153,supp_005,2025-09-07,778.78
snap_000792,prod_6924,wh_001,2025-08-25,280,36,244,24,172,supp_005,2025-08-13,746.98
snap_000793,prod_5940,wh_002,2025-08-18,408,8,400,74,81,supp_003,2025-08-05,525.53
snap_000794,prod_8419,wh_004,2025-09-04,77,38,39,41,137,supp_001,2025-09-07,224.86
snap_000795,prod_5610,wh_002,2025-09-15,289,30,259,39,142,supp_002,2025-08-28,359.0
snap_000796,prod_1539,wh_005,2025-09-11,62,32,30,22,185,supp_004,2025-09-05,535.46
snap_000797,prod_4426,wh_005,2025-09-08,389,25,364,14,200,supp_004,2025-09-14,251.47
snap_000798,prod_7579,wh_001,2025-09-06,98,6,92,13,89,supp_005,2025-07-22,645.38
snap_000799,prod_1939,wh_001,2025-09-13,363,29,334,36,87,supp_004,2025-08-25,250.26
snap_000800,prod_3215,wh_002,2025-09-12,46,50,0,78,151,supp_005,2025-09-02,594.48
snap_000801,prod_3390,wh_005,2025-08-20,112,35,77,40,100,supp_005,2025-07-21,133.05
snap_000802,prod_3338,wh_003,2025-08-31,465,40,425,69,115,supp_003,2025-09-13,300.24
snap_000803,prod_2642,wh_003,2025-09-01,424,35,389,56,197,supp_004,2025-09-01,789.24
snap_000804,prod_5786,wh_002,2025-09-03,123,41,82,75,73,supp_004,2025-07-24,885.03
snap_000805,prod_5229,wh_003,2025-08-23,126,49,77,65,91,supp_005,2025-09-07,37.49
snap_000806,prod_7075,wh_001,2025-08-20,99,33,66,84,79,supp_004,2025-08-12,48.48
snap_000807,prod_2493,wh_001,2025-08-25,428,44,384,48,156,supp_003,2025-08-14,40.69
snap_000808,prod_3406,wh_004,2025-08-25,138,43,95,61,55,supp_002,2025-07-22,507.05
snap_000809,prod_7739,wh_002,2025-09-11,254,37,217,26,196,supp_005,2025-09-14,788.29
snap_000810,prod_8245,wh_005,2025-09-05,446,14,432,30,195,supp_004,2025-08-11,429.49
snap_000811,prod_2342,wh_004,2025-09-05,47,37,10,93,110,supp_002,2025-09-08,85.25
snap_000812,prod_6275,wh_004,2025-08-19,397,31,366,53,159,supp_004,2025-08-28,319.07
snap_000813,prod_2111,wh_004,2025-09-03,417,0,417,66,189,supp_004,2025-09-14,841.3
snap_000814,prod_5329,wh_002,2025-09-15,452,23,429,77,148,supp_005,2025-09-12,781.76
snap_000815,prod_3931,wh_001,2025-09-11,479,4,475,32,138,supp_005,2025-08-20,881.01
snap_000816,prod_3496,wh_003,2025-08-31,11,41,0,92,73,supp_003,2025-07-22,320.72
snap_000817,prod_9627,wh_003,2025-09-06,385,6,379,75,198,supp_004,2025-08-19,384.01
snap_000818,prod_6122,wh_004,2025-09-15,30,22,8,88,179,supp_004,2025-07-31,522.01
snap_000819,prod_7152,wh_004,2025-09-02,452,15,437,82,79,supp_005,2025-08-02,284.88
snap_000820,prod_2612,wh_005,2025-08-28,463,38,425,76,88,supp_003,2025-07-25,389.82
snap_000821,prod_7570,wh_005,2025-09-02,242,15,227,55,146,supp_005,2025-08-06,146.39
snap_000822,prod_1832,wh_004,2025-08-21,87,8,79,96,55,supp_002,2025-08-20,640.21
snap_000823,prod_5315,wh_004,2025-08-18,69,44,25,88,112,supp_002,2025-07-29,579.31
snap_000824,prod_4232,wh_001,2025-08-17,419,14,405,47,174,supp_002,2025-08-30,541.97
snap_000825,prod_1513,wh_003,2025-08-26,25,0,25,28,113,supp_002,2025-09-01,201.33
snap_000826,prod_9322,wh_003,2025-09-12,22,17,5,85,85,supp_002,2025-08-11,79.24
snap_000827,prod_6838,wh_003,2025-08-18,36,3,33,37,170,supp_003,2025-07-19,698.58
snap_000828,prod_8457,wh_001,2025-08-22,456,14,442,87,131,supp_001,2025-09-09,729.09
snap_000829,prod_8122,wh_004,2025-08-30,70,47,23,34,154,supp_001,2025-08-15,587.5
snap_000830,prod_3924,wh_003,2025-08-31,418,13,405,27,120,supp_002,2025-08-25,269.24
snap_000831,prod_3908,wh_002,2025-08-25,1,34,0,35,55,supp_001,2025-07-30,381.81
snap_000832,prod_1391,wh_005,2025-09-04,132,37,95,14,77,supp_005,2025-07-29,517.09
snap_000833,prod_5728,wh_005,2025-09-01,98,11,87,12,127,supp_003,2025-09-08,434.41
snap_000834,prod_9569,wh_003,2025-09-07,222,25,197,99,56,supp_002,2025-08-14,451.59
snap_000835,prod_5044,wh_005,2025-09-04,5,23,0,37,126,supp_004,2025-07-21,812.79
snap_000836,prod_9617,wh_004,2025-08-18,241,41,200,99,95,supp_005,2025-07-18,625.77
snap_000837,prod_3391,wh_002,2025-08-21,306,7,299,72,52,supp_004,2025-08-04,334.21
snap_000838,prod_6834,wh_004,2025-08-29,44,3,41,83,141,supp_001,2025-07-19,547.21
snap_000839,prod_7589,wh_004,2025-08-17,125,45,80,81,117,supp_003,2025-08-11,73.98
snap_000840,prod_7781,wh_003,2025-08-20,452,13,439,29,85,supp_004,2025-08-13,696.01
snap_000841,prod_4205,wh_002,2025-08-31,239,5,234,89,178,supp_005,2025-08-15,176.55
snap_000842,prod_7318,wh_005,2025-09-14,196,34,162,50,72,supp_001,2025-08-05,541.85
snap_000843,prod_6682,wh_001,2025-08-20,24,24,0,97,136,supp_003,2025-08-11,556.52
snap_000844,prod_7808,wh_002,2025-08-19,478,14,464,11,99,supp_002,2025-08-27,578.08
snap_000845,prod_7732,wh_003,2025-09-12,107,3,104,85,150,supp_005,2025-08-17,918.32
snap_000846,prod_5344,wh_002,2025-09-01,73,36,37,28,166,supp_002,2025-08-20,542.04
snap_000847,prod_8298,wh_001,2025-09-01,154,1,153,33,189,supp_003,2025-08-24,281.23
snap_000848,prod_3719,wh_002,2025-09-08,324,22,302,31,164,supp_005,2025-08-29,328.13
snap_000849,prod_8010,wh_004,2025-08-25,279,26,253,24,198,supp_005,2025-08-30,239.81
snap_000850,prod_6579,wh_004,2025-09-04,215,8,207,91,88,supp_002,2025-07-22,982.5
snap_000851,prod_7989,wh_002,2025-08-27,23,13,10,61,92,supp_003,2025-08-19,294.11
snap_000852,prod_2535,wh_001,2025-09-01,150,18,132,57,97,supp_003,2025-09-08,661.25
snap_000853,prod_2603,wh_003,2025-09-09,495,32,463,74,52,supp_005,2025-07-28,214.89
snap_000854,prod_6706,wh_001,2025-09-06,399,26,373,72,185,supp_005,2025-08-16,539.54
snap_000855,prod_9455,wh_003,2025-09-01,88,44,44,18,165,supp_005,2025-08-31,872.51
snap_000856,prod_1623,wh_003,2025-08-18,394,7,387,34,124,supp_002,2025-08-16,280.44
snap_000857,prod_5198,wh_001,2025-09-11,492,19,473,71,130,supp_002,2025-08-19,266.26
snap_000858,prod_1327,wh_003,2025-09-07,127,22,105,40,113,supp_001,2025-09-03,132.27
snap_000859,prod_9664,wh_004,2025-09-09,486,2,484,61,104,supp_005,2025-08-13,549.66
snap_000860,prod_5122,wh_003,2025-08-29,84,28,56,58,121,supp_003,2025-09-03,614.69
snap_000861,prod_3979,wh_003,2025-08-28,354,29,325,26,69,supp_001,2025-08-28,119.57
snap_000862,prod_7674,wh_003,2025-09-14,76,44,32,32,106,supp_001,2025-09-08,76.51
snap_000863,prod_3077,wh_002,2025-09-07,366,12,354,46,106,supp_003,2025-09-04,554.27
snap_000864,prod_4641,wh_003,2025-08-25,228,1,227,37,167,supp_001,2025-09-08,329.98
snap_000865,prod_6756,wh_002,2025-09-12,349,17,332,13,66,supp_002,2025-08-27,973.23
snap_000866,prod_1487,wh_004,2025-08-23,240,49,191,22,58,supp_004,2025-08-12,357.27
snap_000867,prod_1396,wh_005,2025-08-21,94,4,90,65,116,supp_005,2025-09-11,217.84
snap_000868,prod_8247,wh_004,2025-09-02,218,20,198,94,196,supp_005,2025-09-10,938.13
snap_000869,prod_4088,wh_005,2025-09-04,183,13,170,48,177,supp_001,2025-09-12,784.15
snap_000870,prod_4629,wh_002,2025-09-03,111,37,74,48,168,supp_005,2025-08-10,181.82
snap_000871,prod_3613,wh_001,2025-08-19,12,13,0,35,183,supp_001,2025-08-24,784.46
snap_000872,prod_3928,wh_003,2025-09-01,345,40,305,100,73,supp_005,2025-09-03,343.86
snap_000873,prod_4851,wh_001,2025-08-18,482,0,482,13,179,supp_004,2025-08-06,81.36
snap_000874,prod_4529,wh_004,2025-08-21,459,29,430,38,158,supp_004,2025-08-20,189.44
snap_000875,prod_5142,wh_002,2025-09-01,17,1,16,92,71,supp_001,2025-08-06,161.96
snap_000876,prod_6341,wh_002,2025-09-14,118,17,101,36,192,supp_002,2025-08-24,795.2
snap_000877,prod_6894,wh_004,2025-08-20,149,50,99,84,198,supp_005,2025-09-07,766.96
snap_000878,prod_5723,wh_001,2025-09-05,495,10,485,29,70,supp_001,2025-07-26,183.64
snap_000879,prod_8284,wh_003,2025-09-10,219,17,202,64,167,supp_005,2025-08-07,853.67
snap_000880,prod_1420,wh_001,2025-08-20,142,27,115,47,85,supp_003,2025-08-28,851.36
snap_000881,prod_1175,wh_004,2025-08-30,131,45,86,11,115,supp_005,2025-09-05,742.11
snap_000882,prod_6531,wh_005,2025-08-24,298,29,269,23,150,supp_002,2025-08-17,866.16
snap_000883,prod_7839,wh_005,2025-08-21,273,14,259,70,95,supp_003,2025-09-08,686.46
snap_000884,prod_4479,wh_005,2025-08-22,415,40,375,28,154,supp_004,2025-08-24,126.7
snap_000885,prod_3377,wh_001,2025-08-19,270,11,259,54,98,supp_001,2025-07-30,273.8
snap_000886,prod_1732,wh_005,2025-09-02,485,41,444,16,142,supp_003,2025-09-07,895.21
snap_000887,prod_6458,wh_005,2025-09-12,269,41,228,21,50,supp_003,2025-09-03,706.36
snap_000888,prod_5839,wh_005,2025-08-18,267,13,254,69,105,supp_005,2025-09-10,45.64
snap_000889,prod_6532,wh_003,2025-08-28,40,44,0,90,161,supp_004,2025-09-12,377.77
snap_000890,prod_5949,wh_005,2025-09-06,489,41,448,47,152,supp_001,2025-08-18,706.16
snap_000891,prod_9126,wh_005,2025-08-26,269,21,248,35,169,supp_001,2025-08-28,358.98
snap_000892,prod_6309,wh_001,2025-08-30,224,5,219,72,104,supp_001,2025-08-11,290.16
snap_000893,prod_2293,wh_002,2025-09-03,206,10,196,40,167,supp_001,2025-07-24,449.25
snap_000894,prod_5451,wh_005,2025-08-25,426,44,382,90,114,supp_002,2025-09-05,683.89
snap_000895,prod_7245,wh_003,2025-08-30,291,21,270,26,138,supp_003,2025-08-03,732.34
snap_000896,prod_1496,wh_002,2025-09-13,262,35,227,44,165,supp_004,2025-09-03,95.38
snap_000897,prod_5535,wh_004,2025-08-18,274,37,237,24,185,supp_004,2025-08-12,994.55
snap_000898,prod_5308,wh_002,2025-08-25,336,27,309,36,75,supp_004,2025-08-18,311.57
snap_000899,prod_5488,wh_005,2025-09-09,2,18,0,48,139,supp_004,2025-08-29,346.34
snap_000900,prod_7750,wh_004,2025-08-29,120,6,114,16,174,supp_005,2025-08-21,526.87
snap_000901,prod_6100,wh_003,2025-09-14,53,11,42,53,153,supp_004,2025-08-28,609.36
snap_000902,prod_2995,wh_001,2025-08-29,344,49,295,31,177,supp_001,2025-09-03,224.51
snap_000903,prod_8389,wh_004,2025-08-20,82,8,74,55,159,supp_005,2025-09-10,11.83
snap_000904,prod_8146,wh_003,2025-08-27,479,3,476,34,132,supp_003,2025-08-16,38.09
snap_000905,prod_9437,wh_003,2025-09-03,41,14,27,62,183,supp_002,2025-08-14,82.57
snap_000906,prod_3639,wh_004,2025-09-06,274,46,228,100,186,supp_002,2025-08-26,274.7
snap_000907,prod_6339,wh_005,2025-08-30,306,33,273,14,96,supp_002,2025-07-27,251.84
snap_000908,prod_3404,wh_002,2025-08-30,249,39,210,10,172,supp_002,2025-08-05,316.16
snap_000909,prod_3869,wh_004,2025-08-19,453,10,443,15,58,supp_002,2025-08-29,183.08
snap_000910,prod_5109,wh_003,2025-08-31,373,15,358,53,108,supp_001,2025-07-26,775.98
snap_000911,prod_1048,wh_004,2025-08-28,474,22,452,35,154,supp_005,2025-08-13,49.8
snap_000912,prod_9172,wh_004,2025-09-10,491,4,487,79,187,supp_003,2025-08-12,184.89
snap_000913,prod_2525,wh_005,2025-08-24,323,43,280,29,90,supp_001,2025-09-07,325.83
snap_000914,prod_7895,wh_003,2025-09-07,7,36,0,66,84,supp_002,2025-08-07,975.74
snap_000915,prod_1691,wh_003,2025-09-08,241,20,221,81,121,supp_005,2025-08-29,562.02
snap_000916,prod_6312,wh_002,2025-09-08,264,28,236,98,68,supp_002,2025-08-02,158.52
snap_000917,prod_9766,wh_005,2025-08-20,459,49,410,36,120,supp_002,2025-09-13,218.83
snap_000918,prod_6869,wh_001,2025-08-31,39,31,8,92,139,supp_002,2025-07-29,841.42
snap_000919,prod_1026,wh_002,2025-08-29,289,10,279,74,155,supp_004,2025-08-25,266.87
snap_000920,prod_6738,wh_002,2025-09-01,86,0,86,86,175,supp_003,2025-08-18,230.09
snap_000921,prod_7771,wh_001,2025-08-23,62,25,37,65,124,supp_002,2025-08-10,555.6
snap_000922,prod_6544,wh_002,2025-08-21,233,24,209,85,191,supp_001,2025-07-27,634.54
snap_000923,prod_7406,wh_004,2025-09-05,289,45,244,43,188,supp_001,2025-08-10,698.15
snap_000924,prod_6917,wh_001,2025-08-29,394,0,394,50,93,supp_004,2025-08-03,314.19
snap_000925,prod_2916,wh_003,2025-08-30,353,44,309,70,165,supp_005,2025-09-11,148.13
snap_000926,prod_7963,wh_001,2025-08-26,419,13,406,29,150,supp_002,2025-09-11,959.91
snap_000927,prod_4289,wh_005,2025-08-18,297,33,264,76,75,supp_003,2025-07-30,616.71
snap_000928,prod_9329,wh_005,2025-08-31,341,35,306,99,65,supp_002,2025-08-18,194.53
snap_000929,prod_2582,wh_003,2025-08-25,94,32,62,75,154,supp_003,2025-07-18,747.23
snap_000930,prod_8305,wh_003,2025-09-07,426,49,377,37,78,supp_005,2025-07-20,463.09
snap_000931,prod_7126,wh_001,2025-08-18,288,44,244,25,82,supp_003,2025-08-20,663.38
snap_000932,prod_3001,wh_004,2025-08-19,465,40,425,24,169,supp_003,2025-08-29,939.59
snap_000933,prod_6944,wh_004,2025-08-30,199,32,167,37,129,supp_001,2025-08-12,252.27
snap_000934,prod_9412,wh_004,2025-08-23,82,16,66,87,192,supp_002,2025-08-21,787.51
snap_000935,prod_5190,wh_003,2025-09-13,109,36,73,63,139,supp_002,2025-08-21,940.54
snap_000936,prod_2926,wh_004,2025-08-21,60,9,51,17,187,supp_004,2025-09-14,266.03
snap_000937,prod_7344,wh_003,2025-08-29,493,48,445,70,93,supp_005,2025-08-07,958.25
snap_000938,prod_3437,wh_003,2025-09-02,18,21,0,83,72,supp_002,2025-08-29,804.27
snap_000939,prod_2255,wh_001,2025-08-24,455,41,414,69,163,supp_002,2025-09-09,783.01
snap_000940,prod_1267,wh_003,2025-09-12,292,50,242,77,129,supp_001,2025-08-25,835.27
snap_000941,prod_9024,wh_005,2025-09-01,163,43,120,80,137,supp_005,2025-07-23,200.39
snap_000942,prod_8510,wh_004,2025-08-18,227,49,178,17,105,supp_001,2025-09-05,440.64
snap_000943,prod_7162,wh_002,2025-09-13,418,50,368,47,188,supp_004,2025-07-28,606.2
snap_000944,prod_7769,wh_001,2025-08-23,330,2,328,13,132,supp_002,2025-07-31,443.48
snap_000945,prod_3304,wh_002,2025-09-15,147,13,134,91,155,supp_003,2025-07-29,868.94
snap_000946,prod_5385,wh_001,2025-09-14,317,14,303,13,190,supp_001,2025-08-04,827.1
snap_000947,prod_2901,wh_001,2025-08-26,48,12,36,69,91,supp_001,2025-09-02,227.05
snap_000948,prod_1977,wh_002,2025-08-19,217,2,215,69,52,supp_001,2025-08-12,578.85
snap_000949,prod_4740,wh_003,2025-08-31,135,8,127,10,107,supp_004,2025-08-26,364.86
snap_000950,prod_8283,wh_004,2025-08-28,345,24,321,44,112,supp_005,2025-07-30,457.32
snap_000951,prod_7313,wh_005,2025-09-14,60,42,18,39,133,supp_004,2025-07-21,569.12
snap_000952,prod_4979,wh_003,2025-09-06,19,9,10,88,159,supp_003,2025-08-19,917.56
snap_000953,prod_6355,wh_004,2025-09-04,136,50,86,62,53,supp_002,2025-07-23,303.81
snap_000954,prod_7818,wh_005,2025-08-30,359,17,342,43,143,supp_002,2025-08-07,266.81
snap_000955,prod_1819,wh_003,2025-09-05,13,11,2,45,159,supp_003,2025-08-25,932.48
snap_000956,prod_9050,wh_001,2025-08-26,87,14,73,43,98,supp_003,2025-08-08,577.8
snap_000957,prod_7667,wh_004,2025-08-22,20,6,14,87,123,supp_005,2025-08-31,312.24
snap_000958,prod_2818,wh_005,2025-09-01,223,16,207,12,185,supp_003,2025-09-09,190.81
snap_000959,prod_4940,wh_002,2025-09-05,217,46,171,98,103,supp_001,2025-09-14,611.48
snap_000960,prod_8467,wh_004,2025-08-23,301,34,267,57,62,supp_001,2025-08-18,789.32
snap_000961,prod_9201,wh_005,2025-08-25,455,0,455,80,93,supp_002,2025-07-22,374.52
snap_000962,prod_9322,wh_002,2025-09-05,60,40,20,90,142,supp_001,2025-09-10,383.38
snap_000963,prod_6417,wh_002,2025-09-15,427,38,389,99,125,supp_004,2025-08-03,148.35
snap_000964,prod_9720,wh_001,2025-08-21,375,31,344,92,195,supp_004,2025-08-19,166.11
snap_000965,prod_4157,wh_002,2025-08-24,353,3,350,23,117,supp_001,2025-08-15,444.37
snap_000966,prod_2639,wh_002,2025-08-28,73,34,39,74,106,supp_002,2025-07-25,660.58
snap_000967,prod_8051,wh_003,2025-08-28,80,37,43,21,125,supp_005,2025-08-18,5.95
snap_000968,prod_2143,wh_002,2025-08-24,225,23,202,45,101,supp_004,2025-09-01,281.67
snap_000969,prod_6393,wh_004,2025-09-15,13,44,0,68,159,supp_003,2025-07-27,560.18
snap_000970,prod_1569,wh_003,2025-08-20,155,32,123,23,191,supp_005,2025-09-14,782.22
snap_000971,prod_5303,wh_004,2025-09-03,470,6,464,23,107,supp_003,2025-08-24,297.73
snap_000972,prod_3795,wh_003,2025-08-31,231,24,207,68,114,supp_002,2025-08-01,125.37
snap_000973,prod_5920,wh_002,2025-08-27,76,11,65,91,167,supp_002,2025-08-30,327.7
snap_000974,prod_1535,wh_004,2025-08-30,250,12,238,83,179,supp_003,2025-08-07,308.82
snap_000975,prod_2362,wh_005,2025-08-27,318,33,285,35,114,supp_003,2025-08-05,641.03
snap_000976,prod_7928,wh_001,2025-09-15,190,27,163,69,196,supp_002,2025-09-08,279.23
snap_000977,prod_1452,wh_004,2025-08-29,43,22,21,88,100,supp_004,2025-09-01,710.72
snap_000978,prod_4048,wh_002,2025-09-01,121,25,96,94,73,supp_003,2025-09-03,936.54
snap_000979,prod_6334,wh_002,2025-08-28,386,49,337,25,174,supp_005,2025-09-09,777.79
snap_000980,prod_9128,wh_001,2025-08-21,219,24,195,64,106,supp_001,2025-09-11,460.7
snap_000981,prod_3549,wh_003,2025-08-17,388,49,339,95,119,supp_003,2025-08-15,129.06
snap_000982,prod_5467,wh_002,2025-08-22,453,17,436,73,190,supp_004,2025-07-18,103.9
snap_000983,prod_6593,wh_003,2025-08-26,202,29,173,94,120,supp_002,2025-08-02,780.81
snap_000984,prod_3536,wh_004,2025-08-19,259,1,258,54,122,supp_004,2025-08-12,20.88
snap_000985,prod_8704,wh_002,2025-09-03,113,42,71,90,67,supp_002,2025-08-04,436.6
snap_000986,prod_7964,wh_004,2025-08-31,490,44,446,93,155,supp_005,2025-08-25,368.46
snap_000987,prod_6294,wh_002,2025-08-21,101,24,77,13,198,supp_003,2025-07-28,612.74
snap_000988,prod_5366,wh_005,2025-09-12,102,48,54,47,97,supp_003,2025-09-14,966.78
snap_000989,prod_3787,wh_001,2025-09-08,43,20,23,36,132,supp_003,2025-08-11,484.48
snap_000990,prod_4751,wh_003,2025-09-06,216,0,216,13,68,supp_002,2025-07-30,481.81
snap_000991,prod_9166,wh_003,2025-08-23,125,8,117,92,93,supp_001,2025-07-24,424.04
snap_000992,prod_5427,wh_003,2025-08-26,167,29,138,46,151,supp_004,2025-08-09,405.52
snap_000993,prod_8695,wh_003,2025-08-29,303,21,282,51,170,supp_004,2025-07-25,646.54
snap_000994,prod_3004,wh_004,2025-08-25,463,3,460,49,185,supp_005,2025-09-11,606.42
snap_000995,prod_1925,wh_005,2025-08-28,183,11,172,31,62,supp_005,2025-08-09,576.69
snap_000996,prod_9274,wh_005,2025-09-12,444,49,395,82,104,supp_005,2025-08-24,258.01
snap_000997,prod_6083,wh_002,2025-08-18,255,25,230,79,138,supp_002,2025-08-16,216.73
snap_000998,prod_6149,wh_005,2025-08-18,478,11,467,45,87,supp_004,2025-09-13,619.08
snap_000999,prod_4347,wh_005,2025-09-06,304,32,272,60,138,supp_003,2025-08-31,843.12
snap_001000,prod_9554,wh_004,2025-08-22,68,49,19,80,104,supp_001,2025-08-20,983.7
snap_001001,prod_8283,wh_005,2025-08-19,345,2,343,79,52,supp_005,2025-08-29,973.67
snap_001002,prod_2760,wh_004,2025-08-29,48,44,4,57,113,supp_002,2025-09-15,586.93
snap_001003,prod_2193,wh_002,2025-08-28,86,33,53,92,102,supp_001,2025-08-22,621.12
snap_001004,prod_4828,wh_003,2025-08-31,485,19,466,22,96,supp_001,2025-08-07,622.29
snap_001005,prod_9346,wh_005,2025-08-20,294,6,288,100,153,supp_001,2025-08-04,807.65
snap_001006,prod_3692,wh_005,2025-08-29,238,6,232,88,58,supp_005,2025-08-19,90.76
snap_001007,prod_4461,wh_005,2025-08-22,334,36,298,31,150,supp_001,2025-08-12,231.51
snap_001008,prod_1932,wh_003,2025-08-31,212,23,189,40,148,supp_005,2025-08-21,166.12
snap_001009,prod_3913,wh_003,2025-09-11,398,28,370,47,190,supp_003,2025-08-19,677.63
snap_001010,prod_8744,wh_004,2025-09-13,300,23,277,44,115,supp_004,2025-08-26,255.66
snap_001011,prod_7198,wh_002,2025-08-17,279,49,230,42,164,supp_005,2025-09-05,169.62
snap_001012,prod_6167,wh_003,2025-08-18,59,42,17,12,124,supp_005,2025-07-22,495.03
snap_001013,prod_4477,wh_003,2025-08-21,426,16,410,32,156,supp_005,2025-08-12,322.32
snap_001014,prod_4954,wh_001,2025-09-08,73,34,39,18,110,supp_005,2025-08-31,72.67
snap_001015,prod_1232,wh_001,2025-09-02,119,22,97,63,62,supp_002,2025-08-29,128.3
snap_001016,prod_6043,wh_005,2025-09-07,492,30,462,71,111,supp_001,2025-08-16,896.94
snap_001017,prod_4564,wh_001,2025-08-21,61,33,28,81,101,supp_001,2025-09-10,766.68
snap_001018,prod_8883,wh_004,2025-08-18,419,13,406,34,120,supp_001,2025-09-14,468.95
snap_001019,prod_6097,wh_002,2025-09-15,45,18,27,10,77,supp_005,2025-09-06,411.77
snap_001020,prod_8717,wh_001,2025-08-28,340,50,290,33,166,supp_004,2025-08-11,210.82
snap_001021,prod_8686,wh_001,2025-09-08,491,13,478,43,92,supp_002,2025-09-15,425.6
snap_001022,prod_5769,wh_001,2025-08-24,489,36,453,39,150,supp_004,2025-07-28,932.16
snap_001023,prod_1305,wh_004,2025-08-28,38,47,0,63,173,supp_002,2025-09-06,952.82
snap_001024,prod_6339,wh_004,2025-09-12,339,39,300,66,191,supp_004,2025-08-03,628.69
snap_001025,prod_1136,wh_004,2025-08-24,381,14,367,78,122,supp_004,2025-09-06,502.51
snap_001026,prod_1788,wh_004,2025-08-23,314,21,293,43,187,supp_001,2025-08-11,832.17
snap_001027,prod_7472,wh_002,2025-08-27,453,45,408,39,99,supp_001,2025-07-27,464.51
snap_001028,prod_7268,wh_003,2025-08-27,209,29,180,63,143,supp_005,2025-08-06,274.54
snap_001029,prod_2309,wh_005,2025-08-20,105,25,80,47,81,supp_001,2025-09-07,449.96
snap_001030,prod_3101,wh_005,2025-09-09,73,48,25,97,95,supp_005,2025-08-03,672.52
snap_001031,prod_3574,wh_001,2025-09-12,71,12,59,96,124,supp_002,2025-08-27,435.32
snap_001032,prod_3605,wh_005,2025-09-02,289,18,271,56,158,supp_001,2025-07-30,30.77
snap_001033,prod_5435,wh_004,2025-08-17,65,12,53,32,73,supp_001,2025-07-30,534.15
snap_001034,prod_3448,wh_004,2025-08-31,447,15,432,25,140,supp_005,2025-08-11,127.54
snap_001035,prod_1182,wh_004,2025-08-31,216,47,169,65,164,supp_005,2025-08-22,811.98
snap_001036,prod_7980,wh_003,2025-08-26,340,44,296,60,143,supp_002,2025-08-24,538.04
snap_001037,prod_5632,wh_004,2025-09-14,477,37,440,55,67,supp_005,2025-08-11,210.19
snap_001038,prod_1709,wh_004,2025-08-28,173,13,160,60,166,supp_005,2025-09-02,87.28
snap_001039,prod_8610,wh_005,2025-09-14,220,36,184,78,66,supp_004,2025-08-16,933.41
snap_001040,prod_8023,wh_002,2025-09-13,352,33,319,78,117,supp_002,2025-07-20,226.29
snap_001041,prod_6173,wh_005,2025-08-28,432,34,398,16,192,supp_004,2025-09-15,845.59
snap_001042,prod_7800,wh_005,2025-09-05,336,8,328,54,140,supp_003,2025-07-21,143.87
snap_001043,prod_8572,wh_002,2025-09-15,399,39,360,67,73,supp_003,2025-09-08,585.96
snap_001044,prod_1401,wh_004,2025-08-31,443,37,406,70,67,supp_004,2025-09-09,307.42
snap_001045,prod_8789,wh_002,2025-09-09,119,27,92,25,182,supp_004,2025-09-12,395.29
snap_001046,prod_7755,wh_004,2025-09-07,82,37,45,88,118,supp_004,2025-08-28,656.37
snap_001047,prod_9915,wh_001,2025-08-21,325,26,299,39,185,supp_001,2025-09-01,166.01
snap_001048,prod_4449,wh_005,2025-09-05,211,49,162,78,172,supp_001,2025-08-08,597.33
snap_001049,prod_3283,wh_005,2025-08-30,82,4,78,97,89,supp_003,2025-07-27,831.41
snap_001050,prod_3162,wh_004,2025-09-09,113,43,70,96,87,supp_002,2025-09-06,304.26
snap_001051,prod_8323,wh_001,2025-09-04,355,0,355,21,185,supp_004,2025-09-01,472.52
snap_001052,prod_3624,wh_003,2025-08-26,485,38,447,48,87,supp_003,2025-08-22,589.11
snap_001053,prod_5555,wh_001,2025-08-29,29,32,0,41,189,supp_003,2025-08-20,332.71
snap_001054,prod_5947,wh_003,2025-08-20,232,36,196,35,190,supp_002,2025-07-23,530.46
snap_001055,prod_2306,wh_005,2025-08-23,368,10,358,32,141,supp_005,2025-08-22,423.26
snap_001056,prod_4646,wh_004,2025-08-23,367,33,334,72,124,supp_005,2025-07-27,730.69
snap_001057,prod_7092,wh_005,2025-09-01,456,45,411,95,50,supp_003,2025-08-19,884.39
snap_001058,prod_4144,wh_004,2025-09-01,57,47,10,99,90,supp_002,2025-07-22,937.02
snap_001059,prod_5402,wh_004,2025-08-17,219,3,216,10,54,supp_003,2025-08-13,700.41
snap_001060,prod_1704,wh_003,2025-09-01,473,3,470,18,65,supp_004,2025-07-21,997.07
snap_001061,prod_5398,wh_001,2025-08-25,8,31,0,46,139,supp_004,2025-09-13,446.28
snap_001062,prod_3072,wh_005,2025-08-21,88,47,41,92,168,supp_003,2025-07-28,369.66
snap_001063,prod_1387,wh_004,2025-09-02,223,32,191,27,101,supp_003,2025-08-17,466.42
snap_001064,prod_7271,wh_001,2025-08-25,231,33,198,45,195,supp_005,2025-08-14,421.0
snap_001065,prod_9983,wh_001,2025-09-13,167,32,135,42,70,supp_004,2025-08-21,519.01
snap_001066,prod_3296,wh_005,2025-09-10,184,40,144,76,90,supp_001,2025-08-06,817.66
snap_001067,prod_8310,wh_004,2025-08-22,233,40,193,98,65,supp_005,2025-08-17,673.27
snap_001068,prod_7608,wh_005,2025-08-20,236,9,227,49,107,supp_002,2025-08-17,963.89
snap_001069,prod_7829,wh_003,2025-08-19,53,22,31,31,122,supp_004,2025-09-13,914.94
snap_001070,prod_8857,wh_005,2025-09-10,396,12,384,38,59,supp_003,2025-09-10,551.72
snap_001071,prod_8000,wh_002,2025-08-25,113,10,103,17,166,supp_003,2025-09-15,466.31
snap_001072,prod_2306,wh_001,2025-09-06,211,20,191,71,71,supp_002,2025-07-30,919.75
snap_001073,prod_9084,wh_001,2025-08-30,362,2,360,37,95,supp_004,2025-07-30,5.64
snap_001074,prod_2188,wh_003,2025-09-15,208,37,171,98,84,supp_003,2025-09-11,180.29
snap_001075,prod_2084,wh_004,2025-09-10,208,29,179,99,98,supp_001,2025-07-23,426.43
snap_001076,prod_7004,wh_003,2025-08-27,454,34,420,66,199,supp_004,2025-08-31,760.88
snap_001077,prod_4558,wh_005,2025-09-15,432,9,423,23,186,supp_001,2025-09-08,268.64
snap_001078,prod_8713,wh_004,2025-08-25,187,38,149,49,166,supp_004,2025-09-10,897.14
snap_001079,prod_6159,wh_002,2025-09-02,479,32,447,97,162,supp_003,2025-09-08,856.28
snap_001080,prod_4668,wh_002,2025-08-23,401,3,398,72,97,supp_005,2025-07-31,954.27
snap_001081,prod_9706,wh_003,2025-08-22,13,21,0,70,133,supp_003,2025-07-21,486.68
snap_001082,prod_8132,wh_002,2025-09-11,88,23,65,96,165,supp_002,2025-08-09,785.67
snap_001083,prod_4114,wh_005,2025-09-03,33,10,23,41,172,supp_005,2025-07-26,16.06
snap_001084,prod_6382,wh_001,2025-09-09,76,36,40,100,143,supp_003,2025-07-28,134.24
snap_001085,prod_8728,wh_002,2025-08-31,286,42,244,11,103,supp_005,2025-08-20,617.98
snap_001086,prod_1034,wh_001,2025-09-09,448,17,431,50,54,supp_005,2025-07-19,311.91
snap_001087,prod_3153,wh_002,2025-08-27,191,11,180,58,170,supp_005,2025-08-22,907.48
snap_001088,prod_9620,wh_003,2025-09-15,174,9,165,56,64,supp_001,2025-08-14,587.65
snap_001089,prod_1664,wh_005,2025-09-07,498,41,457,24,58,supp_005,2025-08-02,184.49
snap_001090,prod_6429,wh_001,2025-08-21,481,1,480,86,83,supp_005,2025-09-06,156.02
snap_001091,prod_8975,wh_004,2025-09-13,240,26,214,38,114,supp_004,2025-08-04,444.67
snap_001092,prod_7238,wh_005,2025-08-29,179,35,144,41,151,supp_003,2025-09-09,709.52
snap_001093,prod_6436,wh_001,2025-09-09,452,48,404,80,142,supp_002,2025-09-14,721.26
snap_001094,prod_8018,wh_004,2025-08-20,7,39,0,96,122,supp_001,2025-07-24,276.31
snap_001095,prod_3078,wh_004,2025-09-08,149,4,145,97,159,supp_001,2025-07-24,103.79
snap_001096,prod_5940,wh_001,2025-09-14,452,34,418,46,52,supp_005,2025-09-02,421.42
snap_001097,prod_7416,wh_003,2025-09-11,466,45,421,94,80,supp_001,2025-08-07,528.7
snap_001098,prod_5065,wh_005,2025-09-04,258,42,216,32,74,supp_001,2025-07-27,983.52
snap_001099,prod_5353,wh_004,2025-09-06,355,6,349,62,159,supp_005,2025-08-21,91.02
snap_001100,prod_2932,wh_001,2025-09-10,218,11,207,72,155,supp_003,2025-08-25,446.55
snap_001101,prod_6852,wh_005,2025-09-15,373,1,372,25,134,supp_005,2025-08-20,858.65
snap_001102,prod_9965,wh_005,2025-09-07,445,48,397,37,66,supp_001,2025-08-23,920.02
snap_001103,prod_8652,wh_002,2025-08-29,414,6,408,99,62,supp_004,2025-08-06,114.98
snap_001104,prod_7218,wh_002,2025-08-25,444,18,426,46,177,supp_004,2025-08-24,487.79
snap_001105,prod_1957,wh_003,2025-09-10,314,17,297,52,119,supp_005,2025-09-01,293.42
snap_001106,prod_7936,wh_005,2025-09-01,294,12,282,83,186,supp_001,2025-08-24,829.34
snap_001107,prod_2631,wh_001,2025-09-05,489,38,451,97,85,supp_003,2025-08-08,623.51
snap_001108,prod_8003,wh_001,2025-09-01,75,26,49,89,99,supp_003,2025-09-12,114.76
snap_001109,prod_9556,wh_004,2025-08-31,304,22,282,24,76,supp_003,2025-09-13,140.46
snap_001110,prod_2774,wh_001,2025-09-05,121,37,84,75,124,supp_002,2025-09-05,21.2
snap_001111,prod_5476,wh_002,2025-08-23,184,23,161,70,75,supp_001,2025-08-06,379.25
snap_001112,prod_2914,wh_001,2025-09-01,451,9,442,20,180,supp_003,2025-08-02,438.94
snap_001113,prod_5482,wh_003,2025-09-10,6,41,0,33,100,supp_001,2025-07-30,325.87
snap_001114,prod_1701,wh_001,2025-09-14,298,1,297,92,137,supp_001,2025-07-29,736.41
snap_001115,prod_4392,wh_004,2025-08-20,412,22,390,65,58,supp_002,2025-09-06,925.21
snap_001116,prod_8703,wh_002,2025-08-28,294,40,254,72,155,supp_001,2025-07-21,572.42
snap_001117,prod_1745,wh_003,2025-09-07,477,3,474,64,121,supp_002,2025-09-01,532.04
snap_001118,prod_6052,wh_005,2025-08-28,82,17,65,68,196,supp_001,2025-08-13,655.26
snap_001119,prod_4126,wh_002,2025-09-15,227,24,203,74,184,supp_004,2025-07-30,525.31
snap_001120,prod_4707,wh_005,2025-08-18,147,19,128,51,137,supp_004,2025-07-28,587.36
snap_001121,prod_8556,wh_003,2025-09-01,149,22,127,75,135,supp_004,2025-08-30,887.54
snap_001122,prod_5946,wh_005,2025-09-11,408,48,360,96,142,supp_002,2025-08-27,950.88
snap_001123,prod_5235,wh_004,2025-09-04,114,38,76,29,187,supp_004,2025-08-07,635.3
snap_001124,prod_5002,wh_001,2025-09-07,286,32,254,69,177,supp_004,2025-08-01,27.32
snap_001125,prod_5010,wh_003,2025-09-06,151,33,118,61,95,supp_001,2025-08-24,623.96
snap_001126,prod_3219,wh_004,2025-08-24,361,27,334,25,60,supp_003,2025-08-15,458.98
snap_001127,prod_3047,wh_003,2025-08-18,128,11,117,54,146,supp_004,2025-07-30,420.58
snap_001128,prod_9093,wh_005,2025-08-22,170,21,149,88,96,supp_001,2025-08-03,795.34
snap_001129,prod_8083,wh_004,2025-09-05,170,34,136,77,117,supp_005,2025-09-02,597.9
snap_001130,prod_5870,wh_005,2025-08-19,434,26,408,59,90,supp_005,2025-07-31,216.28
snap_001131,prod_7472,wh_003,2025-09-04,379,36,343,55,178,supp_001,2025-07-25,291.67
snap_001132,prod_4972,wh_005,2025-09-10,282,13,269,95,177,supp_003,2025-08-06,188.53
snap_001133,prod_6934,wh_003,2025-09-06,134,16,118,90,54,supp_005,2025-08-20,910.46
snap_001134,prod_7646,wh_004,2025-09-06,401,17,384,41,108,supp_002,2025-08-10,788.16
snap_001135,prod_3687,wh_001,2025-09-14,15,22,0,83,88,supp_003,2025-08-21,609.6
snap_001136,prod_1866,wh_002,2025-08-21,263,48,215,32,57,supp_002,2025-07-19,707.24
snap_001137,prod_6410,wh_002,2025-09-09,462,39,423,27,165,supp_004,2025-09-12,428.06
snap_001138,prod_5498,wh_003,2025-09-03,471,28,443,46,159,supp_004,2025-08-02,592.14
snap_001139,prod_2848,wh_004,2025-09-13,390,4,386,87,104,supp_002,2025-08-20,399.12
snap_001140,prod_6551,wh_002,2025-08-19,336,7,329,83,72,supp_003,2025-09-07,396.67
snap_001141,prod_1449,wh_004,2025-08-29,212,41,171,39,193,supp_002,2025-08-24,806.51
snap_001142,prod_9518,wh_001,2025-08-18,49,41,8,58,200,supp_005,2025-08-20,328.18
snap_001143,prod_1141,wh_004,2025-08-27,122,21,101,69,120,supp_002,2025-07-20,231.76
snap_001144,prod_5942,wh_002,2025-09-02,12,16,0,11,165,supp_003,2025-09-09,722.66
snap_001145,prod_8197,wh_001,2025-09-05,270,32,238,37,79,supp_001,2025-09-06,697.08
snap_001146,prod_6616,wh_005,2025-08-18,316,0,316,72,124,supp_004,2025-08-05,898.37
snap_001147,prod_2122,wh_003,2025-09-10,122,43,79,25,80,supp_002,2025-08-08,873.87
snap_001148,prod_5157,wh_001,2025-08-25,330,39,291,42,67,supp_003,2025-08-22,379.44
snap_001149,prod_1999,wh_001,2025-08-22,377,36,341,60,154,supp_001,2025-07-25,884.2
snap_001150,prod_6702,wh_004,2025-09-02,177,13,164,15,107,supp_001,2025-09-10,229.92
snap_001151,prod_1928,wh_004,2025-08-23,161,16,145,26,117,supp_002,2025-08-24,360.16
snap_001152,prod_5733,wh_003,2025-09-15,166,35,131,43,190,supp_003,2025-08-02,814.56
snap_001153,prod_3150,wh_003,2025-08-29,499,48,451,12,162,supp_001,2025-09-02,937.26
snap_001154,prod_8623,wh_001,2025-08-29,401,33,368,34,97,supp_003,2025-09-13,846.53
snap_001155,prod_3681,wh_003,2025-08-20,140,40,100,97,103,supp_001,2025-08-04,609.74
snap_001156,prod_8281,wh_003,2025-09-10,91,11,80,83,55,supp_004,2025-09-05,109.56
snap_001157,prod_4687,wh_003,2025-09-04,325,45,280,50,90,supp_004,2025-09-01,263.13
snap_001158,prod_1301,wh_002,2025-09-14,87,35,52,24,83,supp_002,2025-09-14,678.05
snap_001159,prod_7776,wh_004,2025-09-14,13,40,0,96,105,supp_003,2025-09-14,843.3
snap_001160,prod_3459,wh_004,2025-08-23,489,34,455,47,51,supp_002,2025-08-30,230.49
snap_001161,prod_2275,wh_002,2025-08-22,330,33,297,30,98,supp_002,2025-08-05,868.65
snap_001162,prod_4751,wh_005,2025-09-14,421,9,412,68,100,supp_002,2025-09-15,957.75
snap_001163,prod_5010,wh_001,2025-08-27,401,9,392,67,111,supp_003,2025-08-02,101.68
snap_001164,prod_6310,wh_005,2025-09-11,182,45,137,14,77,supp_001,2025-07-24,177.12
snap_001165,prod_6405,wh_005,2025-09-08,56,47,9,87,86,supp_002,2025-07-27,654.24
snap_001166,prod_6200,wh_005,2025-08-26,134,49,85,16,123,supp_005,2025-08-23,530.23
snap_001167,prod_6538,wh_005,2025-09-05,409,46,363,55,78,supp_003,2025-08-21,695.94
snap_001168,prod_3841,wh_002,2025-09-13,128,41,87,78,106,supp_001,2025-08-03,538.0
snap_001169,prod_1515,wh_002,2025-09-03,81,50,31,50,67,supp_001,2025-09-09,836.21
snap_001170,prod_7582,wh_003,2025-08-23,285,0,285,61,121,supp_002,2025-09-15,830.45
snap_001171,prod_9171,wh_004,2025-09-10,418,44,374,92,76,supp_003,2025-07-23,792.2
snap_001172,prod_7978,wh_001,2025-08-27,451,2,449,86,98,supp_003,2025-09-13,217.1
snap_001173,prod_4672,wh_005,2025-09-06,336,36,300,38,99,supp_001,2025-08-28,417.07
snap_001174,prod_7870,wh_004,2025-08-26,471,50,421,42,96,supp_004,2025-07-20,410.31
snap_001175,prod_7212,wh_005,2025-08-27,182,44,138,20,141,supp_005,2025-09-13,25.66
snap_001176,prod_4819,wh_005,2025-08-19,273,19,254,16,82,supp_005,2025-08-03,18.67
snap_001177,prod_8952,wh_003,2025-08-18,302,41,261,60,128,supp_003,2025-08-02,614.83
snap_001178,prod_5696,wh_003,2025-09-13,213,5,208,61,132,supp_003,2025-07-28,547.54
snap_001179,prod_3012,wh_002,2025-08-28,226,2,224,82,109,supp_004,2025-08-25,166.17
snap_001180,prod_9357,wh_003,2025-09-12,128,25,103,65,126,supp_003,2025-07-21,557.56
snap_001181,prod_9073,wh_005,2025-09-11,34,17,17,42,82,supp_002,2025-08-19,837.5
snap_001182,prod_4808,wh_003,2025-08-29,120,14,106,94,199,supp_001,2025-07-20,929.61
snap_001183,prod_2405,wh_004,2025-08-23,79,7,72,34,165,supp_002,2025-09-12,721.52
snap_001184,prod_6894,wh_004,2025-09-13,180,30,150,93,196,supp_003,2025-08-04,576.06
snap_001185,prod_9265,wh_003,2025-09-07,148,28,120,38,120,supp_001,2025-09-15,937.61
snap_001186,prod_1391,wh_005,2025-08-29,358,22,336,48,119,supp_002,2025-08-03,8.09
snap_001187,prod_3229,wh_004,2025-08-17,72,3,69,39,110,supp_002,2025-08-08,390.98
snap_001188,prod_7186,wh_003,2025-08-22,32,3,29,45,83,supp_004,2025-09-11,225.91
snap_001189,prod_5902,wh_002,2025-09-14,175,23,152,61,104,supp_005,2025-07-25,621.19
snap_001190,prod_2842,wh_003,2025-09-11,106,26,80,55,51,supp_002,2025-08-10,366.76
snap_001191,prod_3420,wh_003,2025-09-15,68,32,36,30,93,supp_005,2025-08-13,231.3
snap_001192,prod_2892,wh_004,2025-09-10,290,27,263,34,185,supp_001,2025-07-21,481.23
snap_001193,prod_1768,wh_002,2025-09-09,100,3,97,52,117,supp_002,2025-08-06,572.59
snap_001194,prod_6708,wh_004,2025-08-23,69,49,20,63,56,supp_005,2025-09-15,352.88
snap_001195,prod_2942,wh_005,2025-08-21,359,16,343,57,128,supp_001,2025-08-05,471.6
snap_001196,prod_5610,wh_005,2025-09-08,84,44,40,48,118,supp_001,2025-09-09,132.34
snap_001197,prod_3567,wh_003,2025-09-10,75,36,39,82,82,supp_004,2025-07-31,869.43
snap_001198,prod_6441,wh_001,2025-09-06,352,5,347,72,86,supp_002,2025-08-21,784.0
snap_001199,prod_6864,wh_001,2025-08-21,238,44,194,57,63,supp_002,2025-07-23,387.41
snap_001200,prod_7617,wh_002,2025-09-05,211,32,179,75,52,supp_003,2025-08-19,232.12
snap_001201,prod_9893,wh_001,2025-08-27,287,18,269,74,77,supp_004,2025-08-26,388.71
snap_001202,prod_6784,wh_005,2025-09-08,261,25,236,11,127,supp_005,2025-08-15,69.64
snap_001203,prod_9886,wh_003,2025-09-04,210,29,181,76,52,supp_005,2025-07-23,419.56
snap_001204,prod_5200,wh_001,2025-09-01,460,40,420,75,182,supp_002,2025-08-15,587.0
snap_001205,prod_1120,wh_005,2025-09-15,50,36,14,30,198,supp_001,2025-09-14,833.53
snap_001206,prod_6631,wh_002,2025-09-13,345,31,314,84,140,supp_003,2025-09-12,654.23
snap_001207,prod_3306,wh_002,2025-08-25,222,31,191,29,69,supp_005,2025-08-10,683.1
snap_001208,prod_7640,wh_001,2025-08-27,486,30,456,65,135,supp_002,2025-09-09,551.12
snap_001209,prod_2531,wh_005,2025-09-05,482,38,444,81,126,supp_002,2025-09-11,89.58
snap_001210,prod_5751,wh_005,2025-08-17,39,36,3,48,83,supp_001,2025-08-13,440.27
snap_001211,prod_6561,wh_002,2025-08-27,196,38,158,17,135,supp_001,2025-09-04,605.79
snap_001212,prod_3084,wh_002,2025-09-01,79,27,52,70,121,supp_005,2025-07-19,279.55
snap_001213,prod_4871,wh_003,2025-08-30,485,16,469,39,125,supp_004,2025-07-25,995.04
snap_001214,prod_9992,wh_001,2025-09-08,323,5,318,38,50,supp_004,2025-07-27,6.32
snap_001215,prod_2671,wh_004,2025-09-15,436,10,426,98,64,supp_005,2025-08-11,344.46
snap_001216,prod_3413,wh_002,2025-09-11,378,19,359,60,191,supp_005,2025-08-13,972.72
snap_001217,prod_2267,wh_001,2025-09-11,122,40,82,56,83,supp_003,2025-09-10,199.96
snap_001218,prod_9605,wh_002,2025-09-15,312,48,264,43,89,supp_001,2025-09-08,442.48
snap_001219,prod_9097,wh_005,2025-08-18,151,17,134,75,175,supp_001,2025-07-23,157.36
snap_001220,prod_1177,wh_002,2025-08-26,363,6,357,87,182,supp_002,2025-09-06,403.48
snap_001221,prod_4549,wh_003,2025-08-22,72,45,27,54,184,supp_004,2025-09-06,611.46
snap_001222,prod_4552,wh_001,2025-08-30,472,19,453,23,183,supp_001,2025-07-26,492.18
snap_001223,prod_3400,wh_005,2025-09-04,374,48,326,72,92,supp_005,2025-07-26,547.94
snap_001224,prod_3123,wh_001,2025-08-29,201,22,179,33,89,supp_005,2025-08-26,246.05
snap_001225,prod_9920,wh_004,2025-08-19,292,8,284,41,141,supp_005,2025-09-11,264.74
snap_001226,prod_5881,wh_001,2025-08-24,351,26,325,22,55,supp_005,2025-08-18,827.89
snap_001227,prod_4617,wh_001,2025-09-12,4,20,0,34,105,supp_002,2025-08-03,156.74
snap_001228,prod_1600,wh_001,2025-08-21,421,35,386,23,129,supp_005,2025-09-06,20.86
snap_001229,prod_7607,wh_001,2025-09-02,163,43,120,54,171,supp_003,2025-09-02,530.39
snap_001230,prod_5608,wh_001,2025-09-08,294,2,292,69,171,supp_001,2025-08-12,356.2
snap_001231,prod_6841,wh_002,2025-09-01,327,47,280,85,147,supp_004,2025-09-02,457.05
snap_001232,prod_9781,wh_005,2025-09-15,40,31,9,98,190,supp_004,2025-08-29,745.89
snap_001233,prod_4954,wh_004,2025-09-11,375,49,326,96,81,supp_003,2025-08-11,192.49
snap_001234,prod_2725,wh_001,2025-09-14,278,22,256,39,52,supp_001,2025-09-14,101.22
snap_001235,prod_7591,wh_002,2025-09-09,448,25,423,16,97,supp_003,2025-07-22,720.64
snap_001236,prod_6486,wh_005,2025-09-09,279,20,259,31,102,supp_004,2025-08-24,862.62
snap_001237,prod_7219,wh_001,2025-08-25,48,20,28,50,73,supp_004,2025-09-09,581.0
snap_001238,prod_4401,wh_004,2025-08-26,35,43,0,10,76,supp_001,2025-08-13,331.68
snap_001239,prod_7894,wh_004,2025-09-05,368,22,346,11,97,supp_002,2025-07-27,472.11
snap_001240,prod_8390,wh_002,2025-08-26,148,39,109,36,164,supp_001,2025-07-18,763.48
snap_001241,prod_7218,wh_003,2025-08-24,335,7,328,53,189,supp_005,2025-09-11,12.74
snap_001242,prod_5180,wh_004,2025-09-13,446,16,430,88,105,supp_003,2025-07-25,70.18
snap_001243,prod_7165,wh_002,2025-08-28,349,9,340,27,140,supp_005,2025-09-08,990.57
snap_001244,prod_9932,wh_001,2025-08-30,92,27,65,40,73,supp_001,2025-08-09,226.08
snap_001245,prod_2274,wh_001,2025-09-13,30,38,0,28,147,supp_002,2025-09-14,567.14
snap_001246,prod_2081,wh_004,2025-09-03,349,32,317,49,89,supp_005,2025-09-11,70.5
snap_001247,prod_7433,wh_004,2025-09-06,88,5,83,19,75,supp_005,2025-07-27,364.14
snap_001248,prod_5285,wh_003,2025-09-11,73,20,53,76,157,supp_005,2025-08-31,264.05
snap_001249,prod_5262,wh_001,2025-09-06,358,33,325,29,177,supp_004,2025-09-14,833.12
snap_001250,prod_3568,wh_003,2025-08-25,35,24,11,87,79,supp_004,2025-09-07,425.41
snap_001251,prod_5953,wh_001,2025-09-06,215,28,187,61,192,supp_003,2025-07-21,659.62
snap_001252,prod_1254,wh_002,2025-09-01,484,23,461,52,50,supp_001,2025-08-24,868.95
snap_001253,prod_6425,wh_004,2025-08-24,249,0,249,99,112,supp_005,2025-08-13,919.74
snap_001254,prod_6813,wh_004,2025-09-08,360,16,344,64,179,supp_002,2025-09-14,829.02
snap_001255,prod_1423,wh_002,2025-08-22,499,38,461,80,91,supp_005,2025-07-24,610.28
snap_001256,prod_3318,wh_004,2025-08-28,361,47,314,40,59,supp_001,2025-08-06,536.39
snap_001257,prod_5457,wh_005,2025-09-02,454,38,416,29,158,supp_005,2025-09-08,337.77
snap_001258,prod_3047,wh_003,2025-08-22,181,17,164,77,171,supp_004,2025-07-31,607.1
snap_001259,prod_9808,wh_004,2025-09-01,409,8,401,70,197,supp_003,2025-08-02,650.35
snap_001260,prod_7267,wh_003,2025-09-12,141,2,139,17,134,supp_004,2025-08-08,834.59
snap_001261,prod_8910,wh_005,2025-09-05,250,33,217,14,60,supp_005,2025-08-24,896.72
snap_001262,prod_1337,wh_003,2025-08-22,36,12,24,16,85,supp_004,2025-09-02,168.61
snap_001263,prod_9973,wh_003,2025-08-28,459,22,437,16,119,supp_004,2025-08-17,367.24
snap_001264,prod_4666,wh_005,2025-09-13,234,23,211,44,73,supp_002,2025-09-02,337.68
snap_001265,prod_1818,wh_001,2025-09-09,152,5,147,51,153,supp_002,2025-08-16,723.51
snap_001266,prod_4396,wh_004,2025-08-30,98,28,70,37,63,supp_002,2025-08-09,636.72
snap_001267,prod_8872,wh_005,2025-09-12,128,9,119,61,189,supp_004,2025-08-31,283.22
snap_001268,prod_1210,wh_005,2025-08-23,362,41,321,89,127,supp_002,2025-08-28,365.69
snap_001269,prod_8857,wh_001,2025-09-10,105,11,94,50,162,supp_003,2025-09-01,25.82
snap_001270,prod_1439,wh_004,2025-09-07,282,49,233,47,109,supp_005,2025-08-04,984.38
snap_001271,prod_1794,wh_003,2025-09-11,84,34,50,26,124,supp_004,2025-08-25,580.03
snap_001272,prod_6099,wh_003,2025-09-08,313,27,286,32,95,supp_003,2025-07-24,488.14
snap_001273,prod_7762,wh_005,2025-08-27,100,36,64,48,60,supp_001,2025-07-23,226.82
snap_001274,prod_6859,wh_004,2025-09-07,488,16,472,24,139,supp_004,2025-09-01,430.79
snap_001275,prod_3225,wh_002,2025-08-22,260,27,233,66,65,supp_004,2025-07-22,372.06
snap_001276,prod_1823,wh_005,2025-08-25,488,44,444,39,95,supp_001,2025-08-31,260.16
snap_001277,prod_1491,wh_002,2025-08-22,278,9,269,40,80,supp_003,2025-07-28,358.76
snap_001278,prod_1062,wh_004,2025-08-20,335,3,332,50,111,supp_002,2025-08-08,813.39
snap_001279,prod_3503,wh_003,2025-08-26,39,27,12,60,148,supp_003,2025-08-17,105.83
snap_001280,prod_3020,wh_003,2025-08-18,152,0,152,54,63,supp_004,2025-08-09,373.34
snap_001281,prod_6890,wh_005,2025-08-27,333,23,310,98,191,supp_001,2025-07-24,439.38
snap_001282,prod_9448,wh_004,2025-09-01,5,7,0,22,179,supp_003,2025-07-29,957.13
snap_001283,prod_1054,wh_002,2025-08-27,478,43,435,44,161,supp_002,2025-08-18,685.09
snap_001284,prod_6541,wh_005,2025-08-20,428,28,400,68,137,supp_003,2025-09-10,382.61
snap_001285,prod_7277,wh_003,2025-09-01,41,18,23,55,170,supp_002,2025-09-03,734.84
snap_001286,prod_7069,wh_004,2025-08-19,77,43,34,81,112,supp_004,2025-09-11,162.74
snap_001287,prod_2056,wh_003,2025-09-05,95,24,71,76,156,supp_001,2025-08-21,640.81
snap_001288,prod_4168,wh_003,2025-09-07,53,25,28,87,59,supp_003,2025-08-12,796.31
snap_001289,prod_7254,wh_003,2025-09-01,422,14,408,87,65,supp_002,2025-09-13,113.97
snap_001290,prod_8159,wh_002,2025-09-06,212,10,202,100,183,supp_003,2025-09-01,933.04
snap_001291,prod_5837,wh_004,2025-09-14,237,34,203,97,140,supp_004,2025-08-27,88.07
snap_001292,prod_1566,wh_001,2025-09-02,494,33,461,98,55,supp_003,2025-08-10,858.8
snap_001293,prod_5735,wh_005,2025-09-05,313,39,274,45,179,supp_003,2025-08-10,254.65
snap_001294,prod_4410,wh_004,2025-09-12,290,24,266,46,180,supp_003,2025-08-17,753.66
snap_001295,prod_7951,wh_002,2025-09-05,233,50,183,14,87,supp_004,2025-07-19,428.79
snap_001296,prod_4800,wh_003,2025-09-04,99,8,91,21,81,supp_004,2025-08-24,841.21
snap_001297,prod_1363,wh_004,2025-09-08,362,34,328,90,130,supp_004,2025-09-11,415.52
snap_001298,prod_9517,wh_001,2025-09-11,225,14,211,52,125,supp_001,2025-08-26,693.35
snap_001299,prod_1374,wh_002,2025-08-18,343,32,311,69,145,supp_004,2025-07-24,318.8
snap_001300,prod_6747,wh_004,2025-08-17,340,48,292,60,183,supp_001,2025-08-10,291.0
snap_001301,prod_5043,wh_004,2025-09-12,488,9,479,92,198,supp_002,2025-09-11,359.52
snap_001302,prod_9346,wh_003,2025-09-13,211,43,168,77,115,supp_005,2025-09-13,520.93
snap_001303,prod_3233,wh_005,2025-09-01,332,29,303,82,156,supp_004,2025-07-31,373.55
snap_001304,prod_3679,wh_004,2025-09-01,245,44,201,79,176,supp_005,2025-08-13,81.45
snap_001305,prod_1008,wh_003,2025-09-08,196,38,158,79,147,supp_004,2025-09-01,780.74
snap_001306,prod_5147,wh_004,2025-09-12,76,30,46,67,91,supp_002,2025-08-08,139.47
snap_001307,prod_9045,wh_002,2025-09-15,307,27,280,38,125,supp_004,2025-08-03,88.68
snap_001308,prod_6068,wh_001,2025-08-29,16,48,0,13,199,supp_002,2025-09-13,90.23
snap_001309,prod_6741,wh_003,2025-09-11,328,43,285,94,95,supp_003,2025-09-01,754.14
snap_001310,prod_9937,wh_002,2025-08-30,16,5,11,64,104,supp_002,2025-07-27,659.32
snap_001311,prod_9932,wh_001,2025-09-13,94,12,82,64,118,supp_005,2025-09-10,670.7
snap_001312,prod_8287,wh_003,2025-08-22,53,48,5,100,117,supp_003,2025-07-30,525.03
snap_001313,prod_8081,wh_001,2025-08-26,354,24,330,80,156,supp_002,2025-08-16,284.95
snap_001314,prod_3620,wh_001,2025-09-09,258,50,208,98,166,supp_001,2025-07-31,154.74
snap_001315,prod_6492,wh_005,2025-08-27,453,42,411,82,181,supp_003,2025-08-31,42.52
snap_001316,prod_7985,wh_002,2025-09-09,139,10,129,37,74,supp_001,2025-08-01,546.57
snap_001317,prod_8722,wh_002,2025-09-06,215,45,170,37,51,supp_002,2025-09-12,382.27
snap_001318,prod_6792,wh_003,2025-08-29,148,37,111,18,55,supp_002,2025-07-21,765.5
snap_001319,prod_3033,wh_003,2025-08-31,388,10,378,54,134,supp_002,2025-08-21,788.07
snap_001320,prod_6231,wh_005,2025-08-19,487,35,452,25,197,supp_004,2025-08-10,112.55
snap_001321,prod_6274,wh_002,2025-09-03,287,42,245,35,123,supp_002,2025-08-12,705.59
snap_001322,prod_5512,wh_001,2025-08-23,69,48,21,44,187,supp_004,2025-07-22,491.95
snap_001323,prod_9714,wh_005,2025-09-10,321,40,281,89,169,supp_005,2025-09-08,380.5
snap_001324,prod_7798,wh_005,2025-08-20,500,7,493,63,87,supp_002,2025-08-22,256.24
snap_001325,prod_9655,wh_001,2025-08-19,132,26,106,22,189,supp_001,2025-08-13,984.27
snap_001326,prod_4332,wh_001,2025-09-03,327,34,293,85,168,supp_001,2025-07-22,446.05
snap_001327,prod_7559,wh_005,2025-09-10,262,43,219,11,155,supp_003,2025-07-29,744.74
snap_001328,prod_7343,wh_005,2025-08-22,405,8,397,15,106,supp_002,2025-08-06,229.23
snap_001329,prod_4283,wh_003,2025-08-22,56,15,41,49,194,supp_005,2025-08-17,784.65
snap_001330,prod_7983,wh_003,2025-09-14,75,2,73,66,112,supp_001,2025-08-17,132.46
snap_001331,prod_4338,wh_005,2025-08-20,332,10,322,61,174,supp_003,2025-09-15,429.83
snap_001332,prod_9986,wh_005,2025-09-02,71,25,46,31,65,supp_004,2025-09-04,563.9
snap_001333,prod_8309,wh_002,2025-08-20,300,24,276,66,152,supp_001,2025-09-12,104.07
snap_001334,prod_6560,wh_003,2025-09-07,331,39,292,67,78,supp_002,2025-08-30,842.49
snap_001335,prod_4424,wh_003,2025-08-23,475,23,452,25,98,supp_002,2025-09-05,705.65
snap_001336,prod_5750,wh_001,2025-09-10,439,32,407,40,135,supp_003,2025-07-30,352.78
snap_001337,prod_5097,wh_002,2025-08-27,210,12,198,27,109,supp_001,2025-07-31,358.66
snap_001338,prod_9314,wh_002,2025-09-15,158,2,156,66,94,supp_004,2025-08-30,390.2
snap_001339,prod_9365,wh_002,2025-08-17,403,37,366,10,116,supp_004,2025-09-13,987.76
snap_001340,prod_7949,wh_001,2025-08-30,98,4,94,49,171,supp_003,2025-07-19,609.49
snap_001341,prod_3632,wh_001,2025-08-31,426,38,388,79,139,supp_001,2025-09-07,802.64
snap_001342,prod_9256,wh_004,2025-09-11,18,9,9,35,84,supp_001,2025-07-24,824.83
snap_001343,prod_2859,wh_004,2025-09-12,220,32,188,98,117,supp_005,2025-09-11,122.43
snap_001344,prod_6792,wh_004,2025-09-02,141,38,103,27,109,supp_004,2025-08-19,786.11
snap_001345,prod_4899,wh_005,2025-09-04,146,20,126,90,137,supp_003,2025-09-03,830.47
snap_001346,prod_9741,wh_003,2025-08-20,327,29,298,92,192,supp_001,2025-08-16,119.19
snap_001347,prod_5062,wh_003,2025-08-17,284,36,248,98,144,supp_004,2025-08-11,687.33
snap_001348,prod_6681,wh_001,2025-09-08,24,41,0,35,134,supp_005,2025-09-13,722.48
snap_001349,prod_8414,wh_001,2025-09-15,453,5,448,13,182,supp_001,2025-09-12,463.43
snap_001350,prod_7553,wh_003,2025-08-23,13,24,0,65,170,supp_005,2025-07-19,95.64
snap_001351,prod_3317,wh_001,2025-08-27,103,6,97,21,99,supp_005,2025-09-14,18.05
snap_001352,prod_9143,wh_003,2025-08-22,327,12,315,13,144,supp_003,2025-08-13,898.5
snap_001353,prod_6002,wh_002,2025-08-26,52,18,34,58,198,supp_003,2025-09-15,437.09
snap_001354,prod_6278,wh_003,2025-08-26,95,47,48,47,193,supp_002,2025-09-03,213.28
snap_001355,prod_5734,wh_005,2025-09-09,357,20,337,28,191,supp_003,2025-07-18,912.91
snap_001356,prod_2131,wh_003,2025-08-18,235,3,232,38,67,supp_002,2025-09-10,583.47
snap_001357,prod_6992,wh_005,2025-08-17,102,26,76,20,111,supp_005,2025-09-04,256.58
snap_001358,prod_5780,wh_005,2025-08-21,58,27,31,55,141,supp_001,2025-07-18,501.24
snap_001359,prod_1016,wh_004,2025-08-22,462,34,428,90,131,supp_004,2025-08-01,723.94
snap_001360,prod_5731,wh_003,2025-08-27,282,38,244,40,138,supp_002,2025-09-01,147.52
snap_001361,prod_8751,wh_003,2025-08-30,370,44,326,49,166,supp_005,2025-07-25,220.07
snap_001362,prod_6403,wh_004,2025-08-30,388,22,366,83,158,supp_004,2025-08-25,385.68
snap_001363,prod_3636,wh_003,2025-08-18,21,42,0,95,61,supp_005,2025-08-13,427.64
snap_001364,prod_8797,wh_005,2025-08-17,1,16,0,24,108,supp_002,2025-08-08,22.35
snap_001365,prod_8019,wh_002,2025-08-24,295,17,278,83,100,supp_002,2025-08-14,28.73
snap_001366,prod_9621,wh_004,2025-08-29,470,19,451,76,95,supp_004,2025-09-14,770.75
snap_001367,prod_9098,wh_005,2025-09-01,210,22,188,42,122,supp_004,2025-07-29,650.75
snap_001368,prod_8789,wh_003,2025-09-05,342,26,316,89,53,supp_002,2025-07-31,299.86
snap_001369,prod_1521,wh_001,2025-09-04,397,28,369,43,174,supp_002,2025-09-03,402.86
snap_001370,prod_9649,wh_002,2025-09-04,112,28,84,32,80,supp_001,2025-09-03,950.52
snap_001371,prod_7981,wh_005,2025-09-03,427,45,382,43,192,supp_003,2025-07-31,593.33
snap_001372,prod_7867,wh_003,2025-08-18,81,9,72,16,56,supp_003,2025-07-25,595.06
snap_001373,prod_6890,wh_002,2025-09-10,392,20,372,60,164,supp_002,2025-09-01,325.73
snap_001374,prod_1158,wh_005,2025-09-07,428,32,396,44,199,supp_002,2025-09-09,244.58
snap_001375,prod_8652,wh_001,2025-08-26,149,41,108,73,141,supp_005,2025-08-21,717.64
snap_001376,prod_8041,wh_003,2025-08-27,20,27,0,58,111,supp_001,2025-08-17,901.43
snap_001377,prod_8785,wh_002,2025-09-03,266,14,252,41,65,supp_002,2025-07-23,553.24
snap_001378,prod_4047,wh_001,2025-08-19,206,3,203,12,175,supp_004,2025-07-19,291.2
snap_001379,prod_1573,wh_004,2025-09-14,479,28,451,13,140,supp_004,2025-09-07,321.33
snap_001380,prod_8264,wh_002,2025-08-28,160,26,134,87,93,supp_001,2025-07-31,641.9
snap_001381,prod_8123,wh_005,2025-08-18,478,47,431,73,192,supp_005,2025-08-01,547.89
snap_001382,prod_3870,wh_004,2025-08-21,341,43,298,65,64,supp_002,2025-07-22,185.02
snap_001383,prod_8330,wh_003,2025-08-25,104,6,98,44,135,supp_001,2025-07-25,503.91
snap_001384,prod_1522,wh_003,2025-08-30,24,22,2,22,135,supp_005,2025-07-24,418.26
snap_001385,prod_3500,wh_002,2025-08-29,343,1,342,39,169,supp_002,2025-08-08,15.84
snap_001386,prod_1244,wh_004,2025-08-29,412,29,383,60,176,supp_005,2025-08-24,111.64
snap_001387,prod_3137,wh_002,2025-09-02,342,31,311,37,84,supp_001,2025-07-28,390.69
snap_001388,prod_4626,wh_001,2025-08-18,51,8,43,10,100,supp_004,2025-09-09,847.52
snap_001389,prod_8400,wh_004,2025-08-24,228,43,185,66,130,supp_002,2025-08-31,994.99
snap_001390,prod_7439,wh_003,2025-08-17,177,19,158,82,57,supp_005,2025-08-02,881.83
snap_001391,prod_6953,wh_005,2025-09-12,243,34,209,96,124,supp_004,2025-07-24,366.54
snap_001392,prod_5051,wh_005,2025-09-13,464,29,435,61,103,supp_005,2025-09-10,406.13
snap_001393,prod_8031,wh_001,2025-08-24,187,25,162,82,126,supp_005,2025-09-02,95.16
snap_001394,prod_1921,wh_004,2025-08-19,316,27,289,78,54,supp_003,2025-08-27,164.64
snap_001395,prod_7982,wh_003,2025-09-12,348,9,339,68,102,supp_003,2025-09-02,440.97
snap_001396,prod_3255,wh_001,2025-09-08,445,41,404,85,111,supp_002,2025-08-13,466.82
snap_001397,prod_3657,wh_003,2025-09-06,406,28,378,13,154,supp_005,2025-08-11,444.73
snap_001398,prod_8969,wh_003,2025-09-07,112,28,84,90,180,supp_005,2025-08-09,942.68
snap_001399,prod_8868,wh_005,2025-09-10,473,8,465,96,78,supp_005,2025-07-26,133.39
snap_001400,prod_4652,wh_004,2025-08-21,436,14,422,64,65,supp_001,2025-09-14,331.63
snap_001401,prod_7957,wh_001,2025-09-15,25,42,0,10,188,supp_005,2025-08-11,287.07
snap_001402,prod_9064,wh_001,2025-09-15,59,9,50,74,67,supp_004,2025-09-11,798.1
snap_001403,prod_9590,wh_004,2025-09-14,162,0,162,94,147,supp_005,2025-09-02,525.22
snap_001404,prod_1395,wh_002,2025-09-09,347,14,333,10,160,supp_003,2025-08-20,307.71
snap_001405,prod_5697,wh_003,2025-09-12,116,49,67,50,182,supp_004,2025-08-09,994.97
snap_001406,prod_6007,wh_002,2025-09-03,132,10,122,14,187,supp_001,2025-08-14,593.73
snap_001407,prod_2448,wh_003,2025-09-10,355,4,351,11,170,supp_001,2025-08-08,427.18
snap_001408,prod_2840,wh_003,2025-08-26,90,36,54,34,152,supp_001,2025-09-15,645.49
snap_001409,prod_1688,wh_003,2025-09-12,57,14,43,75,193,supp_004,2025-07-22,190.14
snap_001410,prod_9278,wh_002,2025-08-31,192,39,153,72,78,supp_004,2025-07-20,386.53
snap_001411,prod_5089,wh_001,2025-08-17,378,49,329,47,127,supp_003,2025-09-09,634.58
snap_001412,prod_6626,wh_002,2025-08-20,347,20,327,36,145,supp_002,2025-07-29,470.47
snap_001413,prod_1979,wh_001,2025-08-30,261,17,244,19,199,supp_003,2025-07-30,154.4
snap_001414,prod_3385,wh_001,2025-09-14,260,42,218,95,113,supp_001,2025-07-30,560.76
snap_001415,prod_7771,wh_004,2025-08-20,115,17,98,75,161,supp_003,2025-09-08,496.74
snap_001416,prod_4072,wh_002,2025-09-15,126,11,115,51,191,supp_002,2025-09-15,642.31
snap_001417,prod_5670,wh_003,2025-09-01,75,31,44,56,104,supp_001,2025-08-13,287.08
snap_001418,prod_5554,wh_005,2025-09-10,236,1,235,100,79,supp_005,2025-07-31,162.04
snap_001419,prod_9128,wh_004,2025-09-05,103,34,69,62,107,supp_005,2025-07-28,264.79
snap_001420,prod_6218,wh_001,2025-09-06,444,7,437,47,176,supp_002,2025-07-24,514.17
snap_001421,prod_4204,wh_004,2025-09-13,348,18,330,87,130,supp_003,2025-09-13,146.69
snap_001422,prod_8875,wh_001,2025-08-23,456,45,411,78,118,supp_002,2025-07-26,769.58
snap_001423,prod_3567,wh_005,2025-08-26,313,19,294,55,99,supp_003,2025-07-25,335.16
snap_001424,prod_2238,wh_005,2025-08-28,309,13,296,71,108,supp_005,2025-09-05,959.12
snap_001425,prod_1567,wh_002,2025-08-31,328,37,291,84,118,supp_004,2025-08-20,848.3
snap_001426,prod_7701,wh_004,2025-09-10,273,7,266,20,53,supp_001,2025-09-03,223.95
snap_001427,prod_7574,wh_004,2025-08-19,332,25,307,81,54,supp_002,2025-09-09,866.14
snap_001428,prod_2599,wh_002,2025-09-14,195,24,171,88,95,supp_002,2025-09-02,116.25
snap_001429,prod_9690,wh_005,2025-08-19,41,1,40,18,129,supp_005,2025-09-12,274.86
snap_001430,prod_2102,wh_005,2025-09-09,100,15,85,29,108,supp_005,2025-08-27,140.76
snap_001431,prod_6296,wh_002,2025-09-14,49,20,29,82,177,supp_001,2025-07-25,650.25
snap_001432,prod_1553,wh_002,2025-08-25,196,5,191,45,148,supp_003,2025-08-18,902.37
snap_001433,prod_1334,wh_001,2025-09-09,201,33,168,94,100,supp_003,2025-08-12,353.43
snap_001434,prod_8757,wh_003,2025-09-03,205,27,178,29,64,supp_001,2025-09-12,672.58
snap_001435,prod_5000,wh_003,2025-08-22,279,1,278,65,81,supp_002,2025-09-01,640.89
snap_001436,prod_6669,wh_002,2025-09-15,267,24,243,71,158,supp_005,2025-08-12,372.55
snap_001437,prod_8158,wh_001,2025-08-21,349,32,317,11,186,supp_004,2025-08-18,13.03
snap_001438,prod_1671,wh_001,2025-09-01,446,12,434,85,109,supp_003,2025-07-21,880.92
snap_001439,prod_8392,wh_002,2025-08-26,183,44,139,60,83,supp_002,2025-09-14,179.36
snap_001440,prod_8872,wh_001,2025-09-03,480,46,434,56,115,supp_005,2025-07-18,179.11
snap_001441,prod_3761,wh_004,2025-08-18,460,48,412,39,135,supp_002,2025-08-21,629.84
snap_001442,prod_2581,wh_003,2025-09-13,174,4,170,20,153,supp_003,2025-07-21,657.99
snap_001443,prod_6647,wh_004,2025-08-25,459,13,446,58,167,supp_001,2025-08-05,572.29
snap_001444,prod_3408,wh_003,2025-08-20,38,33,5,10,159,supp_005,2025-08-29,74.25
snap_001445,prod_2709,wh_001,2025-09-15,95,27,68,82,133,supp_003,2025-08-13,534.14
snap_001446,prod_7156,wh_001,2025-08-18,300,6,294,30,69,supp_004,2025-09-05,727.24
snap_001447,prod_1820,wh_001,2025-08-29,150,9,141,99,175,supp_005,2025-08-15,829.12
snap_001448,prod_8993,wh_003,2025-08-18,230,27,203,44,147,supp_001,2025-08-17,509.47
snap_001449,prod_3119,wh_004,2025-09-01,100,12,88,70,169,supp_005,2025-08-11,646.55
snap_001450,prod_9906,wh_001,2025-09-04,79,43,36,98,64,supp_004,2025-08-05,561.11
snap_001451,prod_4837,wh_002,2025-09-06,460,10,450,42,147,supp_005,2025-08-13,874.57
snap_001452,prod_7462,wh_004,2025-08-30,93,6,87,92,133,supp_004,2025-07-18,39.44
snap_001453,prod_9824,wh_001,2025-08-23,223,41,182,58,147,supp_005,2025-09-11,827.98
snap_001454,prod_2974,wh_002,2025-08-23,129,34,95,97,169,supp_003,2025-08-20,206.26
snap_001455,prod_3648,wh_001,2025-09-06,100,40,60,28,66,supp_005,2025-08-25,666.75
snap_001456,prod_5053,wh_004,2025-08-21,226,18,208,95,177,supp_004,2025-08-18,904.86
snap_001457,prod_1626,wh_003,2025-08-31,215,43,172,55,142,supp_003,2025-08-01,186.47
snap_001458,prod_2015,wh_001,2025-08-30,96,2,94,28,73,supp_002,2025-07-23,662.53
snap_001459,prod_2083,wh_005,2025-09-10,169,18,151,13,99,supp_003,2025-08-15,447.41
snap_001460,prod_2227,wh_005,2025-08-21,258,38,220,84,77,supp_001,2025-08-04,277.89
snap_001461,prod_6931,wh_004,2025-09-11,100,26,74,96,114,supp_001,2025-09-06,951.17
snap_001462,prod_9694,wh_005,2025-08-23,70,12,58,35,143,supp_003,2025-07-19,968.92
snap_001463,prod_3035,wh_003,2025-08-22,499,30,469,37,136,supp_004,2025-08-03,486.96
snap_001464,prod_6789,wh_001,2025-09-02,157,15,142,12,79,supp_004,2025-08-19,346.39
snap_001465,prod_1301,wh_002,2025-08-27,404,43,361,64,168,supp_004,2025-08-20,864.8
snap_001466,prod_2315,wh_004,2025-09-05,470,38,432,55,85,supp_002,2025-08-28,732.09
snap_001467,prod_1184,wh_001,2025-08-17,410,8,402,96,98,supp_004,2025-08-29,304.4
snap_001468,prod_3894,wh_001,2025-09-08,265,46,219,97,142,supp_004,2025-08-10,832.88
snap_001469,prod_6253,wh_004,2025-08-27,208,21,187,21,147,supp_001,2025-09-14,151.14
snap_001470,prod_6143,wh_001,2025-08-26,124,21,103,98,137,supp_001,2025-09-12,218.77
snap_001471,prod_6718,wh_004,2025-08-28,203,47,156,56,50,supp_002,2025-09-15,532.58
snap_001472,prod_2559,wh_004,2025-08-28,174,31,143,42,128,supp_001,2025-09-14,849.32
snap_001473,prod_9723,wh_003,2025-09-04,303,10,293,57,150,supp_005,2025-09-09,927.46
snap_001474,prod_6252,wh_001,2025-08-24,90,6,84,76,95,supp_005,2025-07-19,494.12
snap_001475,prod_5015,wh_003,2025-09-09,483,50,433,22,99,supp_002,2025-08-09,69.12
snap_001476,prod_7221,wh_003,2025-08-29,156,41,115,47,130,supp_002,2025-09-02,240.85
snap_001477,prod_1481,wh_002,2025-08-31,359,31,328,33,151,supp_004,2025-08-10,513.97
snap_001478,prod_9544,wh_005,2025-08-26,275,41,234,61,96,supp_001,2025-09-12,233.21
snap_001479,prod_5783,wh_004,2025-09-03,126,44,82,14,188,supp_001,2025-08-01,502.86
snap_001480,prod_8961,wh_002,2025-08-29,456,48,408,81,186,supp_002,2025-07-30,257.59
snap_001481,prod_6429,wh_005,2025-08-18,91,10,81,53,84,supp_003,2025-09-06,943.56
snap_001482,prod_4264,wh_001,2025-08-17,79,22,57,93,107,supp_004,2025-09-15,684.33
snap_001483,prod_3447,wh_003,2025-08-18,499,39,460,39,66,supp_001,2025-09-15,288.19
snap_001484,prod_5338,wh_005,2025-09-12,311,45,266,15,149,supp_004,2025-08-31,668.88
snap_001485,prod_4332,wh_004,2025-09-10,473,1,472,70,80,supp_003,2025-07-19,91.01
snap_001486,prod_8569,wh_005,2025-09-14,126,20,106,79,68,supp_001,2025-08-19,204.26
snap_001487,prod_7491,wh_004,2025-08-19,372,14,358,67,63,supp_004,2025-07-28,475.93
snap_001488,prod_5555,wh_005,2025-09-13,207,45,162,70,145,supp_001,2025-09-15,453.08
snap_001489,prod_1497,wh_005,2025-08-28,281,25,256,47,114,supp_004,2025-07-30,75.94
snap_001490,prod_8322,wh_005,2025-08-21,220,30,190,97,53,supp_001,2025-08-29,488.5
snap_001491,prod_4680,wh_004,2025-08-24,178,48,130,89,93,supp_001,2025-09-14,873.33
snap_001492,prod_3654,wh_005,2025-08-22,154,41,113,29,171,supp_002,2025-08-26,942.66
snap_001493,prod_4107,wh_001,2025-08-22,465,32,433,96,180,supp_005,2025-07-26,966.22
snap_001494,prod_4159,wh_002,2025-09-10,142,25,117,59,56,supp_001,2025-08-29,809.45
snap_001495,prod_1905,wh_002,2025-08-18,410,5,405,64,151,supp_002,2025-07-31,812.67
snap_001496,prod_9060,wh_004,2025-08-23,33,37,0,88,147,supp_003,2025-08-08,123.01
snap_001497,prod_1449,wh_001,2025-08-20,186,21,165,70,84,supp_003,2025-08-16,872.81
snap_001498,prod_9090,wh_001,2025-08-22,437,50,387,61,63,supp_003,2025-07-26,144.2
snap_001499,prod_2933,wh_005,2025-09-09,487,24,463,41,185,supp_004,2025-08-20,782.72
snap_001500,prod_5371,wh_003,2025-09-06,172,44,128,94,145,supp_004,2025-08-27,145.55
snap_001501,prod_1050,wh_005,2025-08-25,210,42,168,36,138,supp_004,2025-08-15,918.08
snap_001502,prod_5393,wh_004,2025-09-09,199,32,167,90,167,supp_003,2025-07-20,353.28
snap_001503,prod_7914,wh_005,2025-08-23,446,9,437,21,149,supp_002,2025-08-02,282.04
snap_001504,prod_1270,wh_002,2025-09-10,103,36,67,43,58,supp_001,2025-08-26,182.45
snap_001505,prod_4969,wh_004,2025-09-10,81,6,75,98,96,supp_005,2025-08-10,467.13
snap_001506,prod_8744,wh_004,2025-08-18,211,30,181,83,157,supp_004,2025-09-10,645.22
snap_001507,prod_3439,wh_004,2025-09-05,254,8,246,82,168,supp_005,2025-08-19,492.69
snap_001508,prod_6042,wh_004,2025-09-02,265,25,240,46,185,supp_001,2025-09-15,790.94
snap_001509,prod_7838,wh_001,2025-08-27,11,22,0,96,198,supp_004,2025-08-27,812.28
snap_001510,prod_4835,wh_005,2025-08-29,467,47,420,76,160,supp_002,2025-08-03,142.38
snap_001511,prod_5651,wh_005,2025-09-12,81,0,81,54,75,supp_004,2025-08-13,301.7
snap_001512,prod_5483,wh_004,2025-09-13,491,1,490,27,61,supp_005,2025-07-31,559.71
snap_001513,prod_7469,wh_001,2025-08-29,323,36,287,67,120,supp_004,2025-07-28,798.01
snap_001514,prod_8317,wh_005,2025-08-19,227,16,211,73,100,supp_005,2025-08-12,328.24
snap_001515,prod_2033,wh_005,2025-08-24,303,13,290,10,50,supp_003,2025-08-14,931.37
snap_001516,prod_3332,wh_005,2025-09-07,211,40,171,33,93,supp_002,2025-07-25,758.09
snap_001517,prod_9651,wh_003,2025-09-04,164,37,127,36,165,supp_001,2025-08-09,476.93
snap_001518,prod_7608,wh_002,2025-08-29,84,20,64,60,176,supp_004,2025-07-30,362.51
snap_001519,prod_1718,wh_003,2025-08-20,60,14,46,42,117,supp_004,2025-07-29,890.97
snap_001520,prod_1756,wh_005,2025-09-12,480,34,446,73,77,supp_001,2025-07-31,987.99
snap_001521,prod_8517,wh_002,2025-09-07,294,42,252,89,107,supp_005,2025-08-22,836.42
snap_001522,prod_1403,wh_004,2025-08-29,485,15,470,32,146,supp_002,2025-08-06,157.88
snap_001523,prod_1030,wh_005,2025-08-18,184,11,173,59,90,supp_003,2025-08-02,51.09
snap_001524,prod_8983,wh_004,2025-08-19,412,6,406,36,55,supp_002,2025-07-31,462.17
snap_001525,prod_4296,wh_002,2025-09-12,14,21,0,48,198,supp_003,2025-07-18,138.9
snap_001526,prod_4410,wh_005,2025-09-12,91,43,48,69,142,supp_005,2025-08-08,335.82
snap_001527,prod_4406,wh_002,2025-08-17,226,14,212,36,186,supp_004,2025-09-09,65.65
snap_001528,prod_6102,wh_005,2025-09-11,360,45,315,95,156,supp_004,2025-08-12,931.34
snap_001529,prod_2511,wh_003,2025-09-06,18,23,0,96,121,supp_005,2025-08-04,875.13
snap_001530,prod_1467,wh_002,2025-09-07,418,2,416,61,117,supp_003,2025-09-05,229.75
snap_001531,prod_7261,wh_004,2025-08-19,313,50,263,35,104,supp_001,2025-09-04,61.49
snap_001532,prod_9881,wh_004,2025-08-22,18,35,0,29,95,supp_001,2025-08-17,230.32
snap_001533,prod_3480,wh_005,2025-08-17,255,12,243,69,173,supp_005,2025-07-24,803.35
snap_001534,prod_8894,wh_005,2025-09-07,494,5,489,16,128,supp_005,2025-09-07,237.63
snap_001535,prod_3830,wh_003,2025-09-03,315,48,267,83,79,supp_005,2025-08-27,924.86
snap_001536,prod_5651,wh_003,2025-09-07,124,37,87,82,50,supp_005,2025-07-29,991.29
snap_001537,prod_5466,wh_001,2025-09-11,373,25,348,25,91,supp_001,2025-09-13,243.11
snap_001538,prod_6652,wh_004,2025-09-10,351,29,322,70,98,supp_002,2025-08-25,702.04
snap_001539,prod_4993,wh_002,2025-09-01,290,48,242,67,54,supp_001,2025-07-26,924.25
snap_001540,prod_9253,wh_003,2025-09-04,165,30,135,25,109,supp_003,2025-08-28,219.0
snap_001541,prod_3456,wh_003,2025-08-29,327,43,284,62,196,supp_004,2025-08-07,448.4
snap_001542,prod_9186,wh_002,2025-08-23,216,39,177,61,178,supp_005,2025-09-08,759.29
snap_001543,prod_8252,wh_001,2025-08-23,119,7,112,32,57,supp_005,2025-09-02,100.81
snap_001544,prod_2961,wh_001,2025-09-09,462,49,413,83,62,supp_003,2025-08-02,113.95
snap_001545,prod_1087,wh_004,2025-09-12,79,35,44,38,171,supp_005,2025-08-18,944.62
snap_001546,prod_9100,wh_005,2025-08-30,372,23,349,63,85,supp_002,2025-08-08,502.37
snap_001547,prod_8142,wh_003,2025-09-12,17,38,0,23,74,supp_003,2025-09-03,736.31
snap_001548,prod_7766,wh_002,2025-09-15,86,49,37,41,80,supp_003,2025-08-25,19.01
snap_001549,prod_1632,wh_004,2025-09-08,373,7,366,79,60,supp_003,2025-09-08,958.56
snap_001550,prod_3141,wh_001,2025-08-24,341,28,313,18,166,supp_001,2025-08-31,259.9
snap_001551,prod_6868,wh_002,2025-09-07,446,7,439,73,100,supp_005,2025-08-29,574.11
snap_001552,prod_5775,wh_003,2025-09-12,315,4,311,14,121,supp_002,2025-08-04,725.44
snap_001553,prod_5010,wh_003,2025-09-10,102,48,54,40,192,supp_001,2025-08-19,809.16
snap_001554,prod_7721,wh_004,2025-08-23,288,7,281,82,78,supp_003,2025-07-22,802.42
snap_001555,prod_9814,wh_003,2025-08-30,306,33,273,56,131,supp_003,2025-07-21,13.07
snap_001556,prod_7521,wh_005,2025-09-07,111,16,95,99,70,supp_002,2025-09-09,566.84
snap_001557,prod_8775,wh_001,2025-09-02,43,1,42,55,124,supp_002,2025-08-01,843.11
snap_001558,prod_2367,wh_004,2025-09-04,317,28,289,43,109,supp_003,2025-07-24,439.47
snap_001559,prod_9717,wh_004,2025-08-18,277,27,250,54,108,supp_004,2025-09-10,664.92
snap_001560,prod_1722,wh_005,2025-09-05,132,2,130,67,148,supp_005,2025-08-03,915.65
snap_001561,prod_4591,wh_001,2025-08-29,135,25,110,80,91,supp_005,2025-08-30,837.56
snap_001562,prod_8493,wh_004,2025-09-09,220,9,211,94,61,supp_003,2025-08-30,889.79
snap_001563,prod_3155,wh_004,2025-09-03,203,11,192,49,165,supp_001,2025-09-08,815.52
snap_001564,prod_7005,wh_002,2025-08-28,370,5,365,41,127,supp_001,2025-09-03,330.71
snap_001565,prod_3186,wh_003,2025-08-23,140,36,104,10,155,supp_004,2025-08-23,222.52
snap_001566,prod_6388,wh_002,2025-08-19,287,14,273,100,168,supp_003,2025-08-13,229.68
snap_001567,prod_3445,wh_005,2025-09-05,73,14,59,56,172,supp_002,2025-07-18,945.31
snap_001568,prod_3057,wh_005,2025-08-20,346,47,299,38,168,supp_005,2025-08-01,85.9
snap_001569,prod_5537,wh_001,2025-08-31,295,3,292,50,62,supp_003,2025-08-24,730.03
snap_001570,prod_5827,wh_005,2025-08-31,132,41,91,89,106,supp_001,2025-07-29,114.52
snap_001571,prod_6055,wh_002,2025-08-31,67,8,59,80,52,supp_003,2025-07-30,260.52
snap_001572,prod_2896,wh_002,2025-09-02,138,25,113,78,98,supp_001,2025-07-31,695.84
snap_001573,prod_8865,wh_004,2025-09-13,111,15,96,94,171,supp_001,2025-08-18,578.21
snap_001574,prod_6968,wh_003,2025-08-29,197,32,165,64,160,supp_004,2025-08-11,415.31
snap_001575,prod_7799,wh_003,2025-08-19,289,3,286,78,164,supp_005,2025-09-11,471.67
snap_001576,prod_5007,wh_004,2025-09-12,4,43,0,79,140,supp_005,2025-08-01,106.69
snap_001577,prod_3606,wh_004,2025-08-31,116,31,85,69,156,supp_001,2025-08-19,83.33
snap_001578,prod_5157,wh_003,2025-09-12,184,47,137,36,133,supp_004,2025-09-11,244.36
snap_001579,prod_3187,wh_003,2025-08-28,309,7,302,48,70,supp_002,2025-08-14,928.35
snap_001580,prod_2263,wh_001,2025-09-08,294,17,277,73,142,supp_001,2025-07-20,993.5
snap_001581,prod_3179,wh_005,2025-08-26,81,48,33,38,148,supp_005,2025-09-09,450.76
snap_001582,prod_2051,wh_002,2025-09-10,406,49,357,55,194,supp_003,2025-09-09,808.62
snap_001583,prod_1396,wh_003,2025-08-30,492,4,488,94,84,supp_005,2025-07-22,883.76
snap_001584,prod_2679,wh_002,2025-08-29,104,45,59,57,151,supp_002,2025-08-15,768.63
snap_001585,prod_6148,wh_004,2025-08-21,201,23,178,74,156,supp_001,2025-07-24,832.4
snap_001586,prod_1050,wh_005,2025-09-12,255,42,213,45,79,supp_004,2025-08-07,707.49
snap_001587,prod_7338,wh_001,2025-09-11,376,42,334,86,66,supp_001,2025-08-23,96.68
snap_001588,prod_7166,wh_005,2025-08-25,311,39,272,85,95,supp_002,2025-07-19,122.76
snap_001589,prod_9468,wh_004,2025-08-27,202,36,166,35,114,supp_001,2025-08-29,256.5
snap_001590,prod_4583,wh_002,2025-08-29,429,38,391,74,59,supp_003,2025-08-05,181.51
snap_001591,prod_6904,wh_003,2025-08-30,489,15,474,50,126,supp_004,2025-08-15,823.63
snap_001592,prod_5432,wh_004,2025-09-11,434,33,401,13,188,supp_004,2025-09-12,192.03
snap_001593,prod_3316,wh_005,2025-08-30,82,6,76,87,71,supp_003,2025-09-09,962.61
snap_001594,prod_9490,wh_003,2025-09-13,227,11,216,55,181,supp_002,2025-08-07,482.08
snap_001595,prod_7832,wh_001,2025-08-21,162,1,161,61,151,supp_003,2025-09-07,804.95
snap_001596,prod_2849,wh_005,2025-09-06,227,21,206,78,93,supp_001,2025-09-01,980.83
snap_001597,prod_8942,wh_005,2025-09-11,123,26,97,71,90,supp_005,2025-07-30,249.66
snap_001598,prod_4935,wh_003,2025-08-18,418,46,372,51,70,supp_001,2025-09-12,559.71
snap_001599,prod_3307,wh_003,2025-09-07,355,7,348,47,51,supp_003,2025-09-03,771.4
snap_001600,prod_3624,wh_003,2025-08-30,354,20,334,50,199,supp_003,2025-08-02,349.77
snap_001601,prod_2746,wh_001,2025-08-25,99,5,94,42,166,supp_004,2025-08-19,616.69
snap_001602,prod_2383,wh_002,2025-09-02,227,41,186,62,121,supp_001,2025-08-04,508.51
snap_001603,prod_7479,wh_004,2025-08-26,303,45,258,30,64,supp_005,2025-07-26,892.4
snap_001604,prod_8770,wh_001,2025-09-13,446,20,426,87,50,supp_002,2025-09-06,589.13
snap_001605,prod_4621,wh_002,2025-08-21,258,28,230,75,59,supp_005,2025-08-15,29.43
snap_001606,prod_4471,wh_005,2025-08-31,20,8,12,32,76,supp_004,2025-09-10,666.94
snap_001607,prod_3696,wh_004,2025-09-06,187,19,168,89,159,supp_001,2025-07-24,401.39
snap_001608,prod_8067,wh_001,2025-09-09,468,25,443,68,145,supp_001,2025-09-12,774.89
snap_001609,prod_1087,wh_001,2025-09-07,220,16,204,83,121,supp_002,2025-08-12,617.1
snap_001610,prod_1509,wh_003,2025-08-18,183,10,173,29,190,supp_004,2025-07-23,532.81
snap_001611,prod_8901,wh_002,2025-09-10,456,17,439,71,127,supp_003,2025-08-23,877.17
snap_001612,prod_9711,wh_005,2025-08-18,70,47,23,12,200,supp_002,2025-09-12,113.56
snap_001613,prod_7782,wh_004,2025-09-04,145,0,145,71,64,supp_005,2025-08-22,251.51
snap_001614,prod_2305,wh_001,2025-09-12,415,5,410,65,143,supp_002,2025-08-01,983.92
snap_001615,prod_7070,wh_002,2025-08-28,321,28,293,61,85,supp_002,2025-08-05,283.11
snap_001616,prod_8331,wh_001,2025-09-10,18,4,14,21,88,supp_002,2025-08-10,150.15
snap_001617,prod_2901,wh_003,2025-08-24,396,25,371,64,124,supp_004,2025-07-25,89.17
snap_001618,prod_2561,wh_003,2025-09-10,166,49,117,62,68,supp_005,2025-09-14,129.91
snap_001619,prod_8270,wh_003,2025-09-04,28,5,23,71,161,supp_001,2025-09-15,555.09
snap_001620,prod_6140,wh_005,2025-08-24,173,31,142,49,63,supp_004,2025-08-16,765.69
snap_001621,prod_9343,wh_001,2025-09-15,67,2,65,38,154,supp_005,2025-08-21,574.2
snap_001622,prod_7868,wh_004,2025-08-21,61,38,23,52,116,supp_005,2025-08-03,11.41
snap_001623,prod_7318,wh_004,2025-09-03,18,21,0,98,173,supp_001,2025-08-20,708.89
snap_001624,prod_9875,wh_001,2025-08-31,423,25,398,88,111,supp_001,2025-09-08,699.66
snap_001625,prod_2026,wh_001,2025-08-29,282,9,273,38,130,supp_005,2025-08-30,781.48
snap_001626,prod_8072,wh_004,2025-08-22,397,47,350,84,55,supp_005,2025-09-03,892.99
snap_001627,prod_7223,wh_003,2025-08-23,451,15,436,42,85,supp_002,2025-08-21,262.01
snap_001628,prod_7993,wh_005,2025-08-25,117,12,105,89,76,supp_003,2025-07-26,954.68
snap_001629,prod_5498,wh_004,2025-08-25,2,41,0,39,188,supp_005,2025-07-26,517.93
snap_001630,prod_1818,wh_004,2025-08-20,480,36,444,71,148,supp_003,2025-08-05,667.7
snap_001631,prod_4942,wh_001,2025-08-26,319,9,310,68,66,supp_001,2025-09-14,535.41
snap_001632,prod_6115,wh_005,2025-08-17,424,48,376,30,73,supp_004,2025-07-21,974.82
snap_001633,prod_8506,wh_003,2025-09-02,385,9,376,55,112,supp_001,2025-08-05,905.18
snap_001634,prod_1142,wh_003,2025-08-31,88,26,62,24,124,supp_002,2025-07-19,279.5
snap_001635,prod_3492,wh_004,2025-09-10,273,16,257,41,155,supp_003,2025-07-18,287.56
snap_001636,prod_9837,wh_003,2025-09-11,283,50,233,31,193,supp_001,2025-07-23,321.66
snap_001637,prod_5711,wh_003,2025-09-15,103,26,77,48,96,supp_003,2025-08-16,653.52
snap_001638,prod_1040,wh_004,2025-09-14,195,11,184,62,110,supp_002,2025-08-26,163.84
snap_001639,prod_9429,wh_002,2025-09-15,309,18,291,25,191,supp_002,2025-08-30,900.5
snap_001640,prod_7247,wh_002,2025-09-14,53,44,9,98,67,supp_002,2025-09-07,319.42
snap_001641,prod_8273,wh_001,2025-08-28,469,38,431,78,148,supp_001,2025-08-15,236.35
snap_001642,prod_5371,wh_001,2025-09-07,477,26,451,38,71,supp_005,2025-08-05,567.95
snap_001643,prod_3860,wh_003,2025-09-07,178,3,175,14,84,supp_005,2025-09-06,782.07
snap_001644,prod_5258,wh_004,2025-08-28,365,39,326,50,158,supp_002,2025-08-12,170.41
snap_001645,prod_3388,wh_005,2025-09-01,202,50,152,53,55,supp_004,2025-08-08,858.93
snap_001646,prod_9585,wh_002,2025-08-24,30,40,0,59,68,supp_001,2025-08-24,747.15
snap_001647,prod_5527,wh_003,2025-09-05,63,8,55,99,70,supp_003,2025-07-24,515.46
snap_001648,prod_4756,wh_004,2025-09-14,305,9,296,35,126,supp_004,2025-08-13,656.41
snap_001649,prod_2224,wh_003,2025-08-31,285,13,272,48,131,supp_004,2025-09-07,312.09
snap_001650,prod_2155,wh_002,2025-09-01,404,20,384,19,64,supp_001,2025-08-03,547.42
snap_001651,prod_2213,wh_004,2025-08-25,314,41,273,43,81,supp_004,2025-08-17,254.65
snap_001652,prod_2776,wh_004,2025-09-10,459,31,428,11,175,supp_001,2025-08-09,855.86
snap_001653,prod_2457,wh_005,2025-09-06,225,33,192,67,194,supp_002,2025-08-28,597.2
snap_001654,prod_7845,wh_004,2025-08-19,229,16,213,78,85,supp_002,2025-08-10,967.51
snap_001655,prod_9001,wh_003,2025-09-09,150,22,128,49,152,supp_004,2025-08-04,686.39
snap_001656,prod_6228,wh_004,2025-08-30,219,47,172,41,69,supp_003,2025-08-12,970.48
snap_001657,prod_3062,wh_005,2025-09-12,353,27,326,39,50,supp_001,2025-08-21,647.07
snap_001658,prod_8664,wh_003,2025-08-23,333,8,325,84,51,supp_002,2025-08-17,210.44
snap_001659,prod_9137,wh_005,2025-08-29,313,0,313,64,143,supp_001,2025-08-26,386.6
snap_001660,prod_2825,wh_003,2025-08-30,157,29,128,17,99,supp_004,2025-07-20,536.79
snap_001661,prod_2595,wh_003,2025-08-23,261,32,229,53,200,supp_005,2025-09-15,737.95
snap_001662,prod_2575,wh_005,2025-09-13,357,14,343,91,91,supp_002,2025-09-06,892.39
snap_001663,prod_3532,wh_005,2025-08-19,447,20,427,37,98,supp_002,2025-07-25,317.16
snap_001664,prod_4038,wh_001,2025-09-07,152,31,121,46,87,supp_003,2025-08-18,492.02
snap_001665,prod_5553,wh_002,2025-08-23,301,22,279,96,81,supp_004,2025-08-20,671.28
snap_001666,prod_5874,wh_003,2025-08-31,189,4,185,86,139,supp_005,2025-08-07,393.91
snap_001667,prod_7418,wh_004,2025-09-07,186,5,181,15,74,supp_005,2025-09-15,54.56
snap_001668,prod_3331,wh_003,2025-09-04,160,49,111,80,94,supp_002,2025-08-05,17.22
snap_001669,prod_6964,wh_002,2025-09-08,286,16,270,24,62,supp_003,2025-07-30,788.9
snap_001670,prod_7419,wh_003,2025-09-09,115,43,72,40,150,supp_001,2025-07-25,195.84
snap_001671,prod_3239,wh_001,2025-08-20,30,40,0,70,179,supp_002,2025-07-27,921.21
snap_001672,prod_1114,wh_002,2025-09-10,156,38,118,89,170,supp_002,2025-08-08,349.91
snap_001673,prod_7363,wh_002,2025-09-11,230,42,188,31,161,supp_005,2025-08-28,92.5
snap_001674,prod_6348,wh_005,2025-09-04,379,3,376,76,52,supp_004,2025-08-13,733.04
snap_001675,prod_5714,wh_002,2025-08-27,261,2,259,96,104,supp_005,2025-09-13,894.03
snap_001676,prod_4052,wh_001,2025-09-11,251,50,201,58,66,supp_005,2025-09-09,756.5
snap_001677,prod_8741,wh_004,2025-09-09,354,26,328,50,87,supp_002,2025-09-07,647.39
snap_001678,prod_3043,wh_004,2025-09-06,252,18,234,78,139,supp_002,2025-09-08,78.55
snap_001679,prod_9205,wh_001,2025-09-01,413,26,387,38,163,supp_005,2025-07-29,218.26
snap_001680,prod_2124,wh_004,2025-08-19,123,37,86,16,71,supp_005,2025-08-06,656.81
snap_001681,prod_3971,wh_005,2025-09-02,109,29,80,12,137,supp_003,2025-07-26,335.55
snap_001682,prod_6838,wh_005,2025-08-26,448,14,434,23,110,supp_005,2025-08-22,377.03
snap_001683,prod_3095,wh_002,2025-09-08,311,9,302,95,120,supp_003,2025-08-22,275.98
snap_001684,prod_7182,wh_004,2025-08-29,331,24,307,17,137,supp_001,2025-08-07,877.51
snap_001685,prod_9534,wh_002,2025-09-01,420,28,392,10,105,supp_005,2025-09-02,888.25
snap_001686,prod_7490,wh_001,2025-09-04,367,23,344,11,190,supp_004,2025-08-11,100.07
snap_001687,prod_1127,wh_005,2025-09-06,43,19,24,47,111,supp_003,2025-09-14,552.94
snap_001688,prod_4558,wh_001,2025-08-18,474,12,462,92,135,supp_004,2025-08-09,757.72
snap_001689,prod_7392,wh_001,2025-09-05,122,0,122,81,181,supp_004,2025-09-01,414.3
snap_001690,prod_4782,wh_002,2025-09-12,217,23,194,51,114,supp_004,2025-09-12,775.05
snap_001691,prod_5896,wh_004,2025-09-15,200,2,198,95,55,supp_005,2025-08-02,353.58
snap_001692,prod_8887,wh_001,2025-08-28,144,16,128,62,60,supp_001,2025-09-13,84.3
snap_001693,prod_6132,wh_001,2025-08-26,172,19,153,78,79,supp_004,2025-08-30,231.11
snap_001694,prod_5347,wh_004,2025-08-19,489,38,451,45,183,supp_003,2025-07-26,661.2
snap_001695,prod_3000,wh_001,2025-09-15,244,8,236,13,137,supp_002,2025-08-16,218.87
snap_001696,prod_3807,wh_004,2025-08-19,282,23,259,33,177,supp_001,2025-09-09,804.7
snap_001697,prod_8458,wh_004,2025-08-24,75,34,41,86,121,supp_003,2025-08-26,660.76
snap_001698,prod_2368,wh_004,2025-08-21,497,41,456,44,98,supp_005,2025-08-11,736.1
snap_001699,prod_1685,wh_003,2025-08-20,262,15,247,70,153,supp_005,2025-08-09,740.65
snap_001700,prod_3215,wh_002,2025-08-19,90,37,53,22,66,supp_003,2025-08-24,537.3
snap_001701,prod_6626,wh_002,2025-08-20,409,21,388,40,179,supp_001,2025-08-31,718.09
snap_001702,prod_7365,wh_005,2025-08-25,371,43,328,45,119,supp_002,2025-09-07,943.2
snap_001703,prod_8060,wh_005,2025-09-12,262,3,259,12,166,supp_004,2025-08-28,415.31
snap_001704,prod_9124,wh_004,2025-08-27,366,38,328,74,155,supp_003,2025-08-07,722.71
snap_001705,prod_7303,wh_004,2025-09-11,363,33,330,16,187,supp_001,2025-09-14,816.54
snap_001706,prod_8638,wh_001,2025-09-01,396,13,383,51,100,supp_001,2025-08-27,749.27
snap_001707,prod_4637,wh_003,2025-09-11,466,10,456,87,167,supp_001,2025-08-30,641.47
snap_001708,prod_3682,wh_002,2025-08-29,261,38,223,11,75,supp_001,2025-08-09,804.04
snap_001709,prod_5861,wh_002,2025-09-12,406,13,393,86,183,supp_004,2025-08-02,480.37
snap_001710,prod_4661,wh_003,2025-09-08,165,29,136,31,136,supp_004,2025-09-02,861.05
snap_001711,prod_5166,wh_002,2025-08-30,201,46,155,26,74,supp_005,2025-08-17,266.01
snap_001712,prod_1467,wh_001,2025-08-24,123,47,76,39,188,supp_004,2025-09-02,379.32
snap_001713,prod_5814,wh_005,2025-09-01,202,20,182,70,182,supp_004,2025-08-30,593.7
snap_001714,prod_2084,wh_005,2025-09-15,63,28,35,13,171,supp_002,2025-07-22,744.58
snap_001715,prod_8742,wh_005,2025-08-18,330,42,288,83,120,supp_004,2025-08-13,187.03
snap_001716,prod_9308,wh_002,2025-09-02,483,34,449,90,116,supp_003,2025-08-14,992.47
snap_001717,prod_1100,wh_003,2025-09-10,456,1,455,87,92,supp_004,2025-08-24,156.1
snap_001718,prod_9354,wh_005,2025-08-22,55,34,21,19,108,supp_005,2025-07-27,923.8
snap_001719,prod_7669,wh_001,2025-08-29,208,7,201,78,98,supp_001,2025-09-10,287.86
snap_001720,prod_4611,wh_002,2025-08-31,464,46,418,14,144,supp_005,2025-07-29,848.51
snap_001721,prod_9080,wh_003,2025-08-19,315,44,271,58,95,supp_004,2025-08-17,892.74
snap_001722,prod_6305,wh_004,2025-09-02,13,1,12,26,180,supp_002,2025-08-24,351.14
snap_001723,prod_7340,wh_002,2025-09-08,106,38,68,48,148,supp_001,2025-08-01,974.53
snap_001724,prod_4758,wh_003,2025-09-12,339,8,331,17,87,supp_005,2025-08-23,33.42
snap_001725,prod_2255,wh_005,2025-08-31,18,30,0,68,148,supp_004,2025-08-15,755.16
snap_001726,prod_6010,wh_001,2025-09-04,250,19,231,80,56,supp_004,2025-08-07,273.84
snap_001727,prod_1276,wh_004,2025-09-01,51,1,50,16,180,supp_005,2025-07-22,865.38
snap_001728,prod_9840,wh_001,2025-09-11,157,29,128,47,113,supp_004,2025-08-26,560.45
snap_001729,prod_5357,wh_001,2025-09-02,374,11,363,15,65,supp_001,2025-08-01,939.96
snap_001730,prod_1030,wh_005,2025-09-09,288,14,274,60,80,supp_003,2025-08-20,343.77
snap_001731,prod_9131,wh_002,2025-08-18,217,31,186,99,59,supp_004,2025-08-06,838.47
snap_001732,prod_5173,wh_001,2025-09-06,59,42,17,63,112,supp_002,2025-08-12,889.03
snap_001733,prod_5761,wh_005,2025-08-20,473,0,473,24,163,supp_003,2025-08-04,454.6
snap_001734,prod_2923,wh_001,2025-09-02,317,18,299,16,173,supp_004,2025-08-01,828.71
snap_001735,prod_3265,wh_002,2025-08-21,289,0,289,37,54,supp_002,2025-07-21,198.03
snap_001736,prod_5400,wh_003,2025-08-18,483,31,452,32,139,supp_002,2025-08-29,44.68
snap_001737,prod_8428,wh_004,2025-09-09,151,25,126,97,127,supp_003,2025-07-31,670.32
snap_001738,prod_9504,wh_001,2025-09-14,149,15,134,38,153,supp_004,2025-08-14,764.78
snap_001739,prod_9673,wh_002,2025-08-19,195,33,162,26,81,supp_003,2025-07-19,42.16
snap_001740,prod_8241,wh_005,2025-08-26,91,15,76,41,174,supp_003,2025-08-12,10.38
snap_001741,prod_1047,wh_005,2025-08-22,336,10,326,90,100,supp_005,2025-08-17,891.84
snap_001742,prod_5235,wh_005,2025-09-12,354,31,323,93,155,supp_003,2025-08-24,738.36
snap_001743,prod_1275,wh_004,2025-09-06,149,7,142,26,200,supp_003,2025-07-18,972.51
snap_001744,prod_4579,wh_005,2025-09-05,267,21,246,66,140,supp_005,2025-08-14,950.39
snap_001745,prod_9326,wh_004,2025-08-20,408,6,402,32,138,supp_005,2025-09-04,202.61
snap_001746,prod_9266,wh_002,2025-08-19,448,42,406,83,145,supp_001,2025-09-01,48.96
snap_001747,prod_6905,wh_001,2025-09-12,137,44,93,34,53,supp_004,2025-07-22,211.37
snap_001748,prod_3389,wh_001,2025-09-03,426,46,380,64,132,supp_002,2025-07-24,361.16
snap_001749,prod_9037,wh_002,2025-09-03,356,42,314,97,109,supp_005,2025-07-22,246.49
snap_001750,prod_9524,wh_001,2025-08-20,78,46,32,80,96,supp_002,2025-09-01,110.6
snap_001751,prod_4646,wh_004,2025-09-03,74,12,62,53,191,supp_005,2025-08-12,189.22
snap_001752,prod_1458,wh_001,2025-08-30,128,4,124,37,171,supp_004,2025-08-18,932.66
snap_001753,prod_3264,wh_001,2025-08-20,235,17,218,70,179,supp_002,2025-08-10,966.46
snap_001754,prod_6887,wh_003,2025-09-12,87,45,42,46,156,supp_004,2025-07-25,406.3
snap_001755,prod_6770,wh_002,2025-09-02,80,32,48,22,118,supp_003,2025-08-07,650.52
snap_001756,prod_6680,wh_004,2025-09-12,11,21,0,99,53,supp_001,2025-09-01,606.66
snap_001757,prod_2488,wh_003,2025-08-31,391,48,343,43,194,supp_002,2025-07-25,399.69
snap_001758,prod_3361,wh_004,2025-09-15,283,37,246,91,50,supp_002,2025-08-25,228.31
snap_001759,prod_9944,wh_001,2025-09-08,54,23,31,57,198,supp_005,2025-07-27,141.52
snap_001760,prod_9736,wh_005,2025-09-14,116,3,113,42,109,supp_004,2025-08-08,523.04
snap_001761,prod_6324,wh_001,2025-09-08,486,37,449,46,170,supp_003,2025-07-26,726.85
snap_001762,prod_8973,wh_002,2025-08-21,369,23,346,50,77,supp_003,2025-07-28,687.38
snap_001763,prod_2140,wh_004,2025-08-30,391,40,351,88,93,supp_004,2025-09-08,256.58
snap_001764,prod_4365,wh_002,2025-09-11,433,15,418,92,82,supp_004,2025-08-06,901.79
snap_001765,prod_8527,wh_001,2025-09-14,38,45,0,68,117,supp_001,2025-09-04,459.66
snap_001766,prod_1566,wh_004,2025-08-22,66,13,53,52,65,supp_001,2025-08-16,470.62
snap_001767,prod_1767,wh_003,2025-09-10,486,18,468,77,97,supp_002,2025-07-18,705.35
snap_001768,prod_4982,wh_002,2025-08-23,67,38,29,67,162,supp_001,2025-08-05,945.34
snap_001769,prod_8294,wh_004,2025-08-21,64,10,54,84,178,supp_002,2025-07-19,921.09
snap_001770,prod_2701,wh_004,2025-08-20,18,37,0,32,151,supp_004,2025-08-11,553.37
snap_001771,prod_4358,wh_001,2025-09-06,20,45,0,45,124,supp_004,2025-07-29,294.24
snap_001772,prod_9466,wh_005,2025-09-06,147,5,142,68,50,supp_002,2025-07-30,18.78
snap_001773,prod_9346,wh_005,2025-09-14,172,39,133,56,193,supp_002,2025-09-15,916.85
snap_001774,prod_3627,wh_004,2025-08-22,456,5,451,97,128,supp_001,2025-08-17,884.78
snap_001775,prod_8288,wh_004,2025-08-18,328,22,306,17,117,supp_002,2025-09-10,172.73
snap_001776,prod_2673,wh_004,2025-08-30,284,24,260,29,95,supp_002,2025-09-03,346.42
snap_001777,prod_5882,wh_005,2025-08-20,155,33,122,55,168,supp_003,2025-08-17,238.41
snap_001778,prod_2356,wh_001,2025-08-30,141,47,94,60,138,supp_004,2025-09-14,928.17
snap_001779,prod_3355,wh_001,2025-08-23,246,35,211,76,142,supp_003,2025-08-17,893.12
snap_001780,prod_7133,wh_001,2025-09-02,416,5,411,54,57,supp_003,2025-08-17,284.31
snap_001781,prod_5198,wh_005,2025-09-11,499,3,496,46,113,supp_001,2025-09-09,938.27
snap_001782,prod_8648,wh_005,2025-09-11,123,34,89,80,180,supp_005,2025-08-27,890.1
snap_001783,prod_9719,wh_001,2025-08-20,294,24,270,51,158,supp_004,2025-08-13,532.06
snap_001784,prod_5560,wh_001,2025-09-07,490,20,470,96,138,supp_003,2025-08-30,378.08
snap_001785,prod_2852,wh_003,2025-08-20,188,47,141,88,116,supp_003,2025-07-24,14.1
snap_001786,prod_9048,wh_002,2025-08-17,306,45,261,65,151,supp_005,2025-09-10,23.65
snap_001787,prod_9022,wh_003,2025-08-30,42,8,34,76,86,supp_001,2025-08-12,859.04
snap_001788,prod_9529,wh_002,2025-09-03,370,49,321,90,132,supp_004,2025-07-31,16.26
snap_001789,prod_6411,wh_002,2025-09-06,295,19,276,13,186,supp_001,2025-08-16,153.07
snap_001790,prod_9400,wh_003,2025-09-04,194,10,184,78,167,supp_003,2025-07-19,871.79
snap_001791,prod_1173,wh_001,2025-09-13,1,46,0,41,181,supp_002,2025-08-25,393.17
snap_001792,prod_2874,wh_003,2025-09-13,328,34,294,56,127,supp_002,2025-09-10,467.34
snap_001793,prod_2672,wh_003,2025-08-28,390,46,344,44,101,supp_004,2025-08-18,886.55
snap_001794,prod_5524,wh_001,2025-08-26,384,7,377,67,170,supp_001,2025-08-10,118.39
snap_001795,prod_7530,wh_003,2025-09-13,199,49,150,67,62,supp_005,2025-07-30,154.28
snap_001796,prod_7785,wh_002,2025-08-23,202,50,152,81,59,supp_003,2025-07-19,191.36
snap_001797,prod_8788,wh_002,2025-09-15,299,1,298,97,138,supp_003,2025-09-15,397.79
snap_001798,prod_5918,wh_004,2025-08-21,179,40,139,69,150,supp_005,2025-08-17,872.87
snap_001799,prod_6230,wh_005,2025-08-30,261,49,212,28,106,supp_004,2025-07-20,306.24
snap_001800,prod_7377,wh_004,2025-08-26,235,13,222,82,116,supp_002,2025-08-29,609.16
snap_001801,prod_4113,wh_004,2025-09-02,169,32,137,49,103,supp_001,2025-08-03,374.52
snap_001802,prod_4605,wh_002,2025-08-21,174,20,154,92,54,supp_001,2025-09-07,936.12
snap_001803,prod_8358,wh_004,2025-09-05,82,18,64,20,82,supp_005,2025-09-01,701.97
snap_001804,prod_4820,wh_004,2025-09-13,210,31,179,86,141,supp_005,2025-08-20,597.9
snap_001805,prod_7573,wh_004,2025-09-03,207,42,165,11,188,supp_003,2025-07-24,768.7
snap_001806,prod_1906,wh_001,2025-09-04,247,47,200,34,127,supp_002,2025-08-01,843.85
snap_001807,prod_5660,wh_001,2025-08-26,178,45,133,21,123,supp_004,2025-08-14,189.77
snap_001808,prod_3952,wh_004,2025-09-10,1,33,0,99,186,supp_003,2025-07-21,972.56
snap_001809,prod_7690,wh_002,2025-09-11,289,46,243,28,115,supp_002,2025-07-19,302.1
snap_001810,prod_3986,wh_005,2025-09-08,298,26,272,63,129,supp_005,2025-09-12,969.72
snap_001811,prod_8471,wh_003,2025-09-10,354,19,335,37,190,supp_003,2025-08-01,602.2
snap_001812,prod_7974,wh_001,2025-08-28,252,26,226,86,127,supp_004,2025-08-20,225.82
snap_001813,prod_5190,wh_003,2025-08-23,20,18,2,62,172,supp_004,2025-08-01,208.05
snap_001814,prod_4594,wh_003,2025-09-10,115,50,65,14,79,supp_002,2025-08-01,302.91
snap_001815,prod_2869,wh_002,2025-09-13,107,8,99,27,58,supp_002,2025-09-14,935.48
snap_001816,prod_5819,wh_005,2025-09-12,14,29,0,11,163,supp_002,2025-08-28,7.05
snap_001817,prod_1496,wh_003,2025-08-22,70,18,52,42,165,supp_003,2025-08-24,245.39
snap_001818,prod_4644,wh_001,2025-08-17,412,28,384,19,180,supp_001,2025-08-15,233.03
snap_001819,prod_3472,wh_004,2025-09-15,411,10,401,38,95,supp_001,2025-08-23,270.33
snap_001820,prod_7164,wh_004,2025-09-03,479,14,465,52,106,supp_001,2025-07-19,536.55
snap_001821,prod_1332,wh_003,2025-09-12,79,46,33,76,163,supp_002,2025-09-13,688.85
snap_001822,prod_2633,wh_002,2025-09-10,140,37,103,47,78,supp_005,2025-09-08,46.83
snap_001823,prod_6456,wh_001,2025-09-08,401,21,380,92,78,supp_003,2025-08-16,886.16
snap_001824,prod_7583,wh_005,2025-09-07,77,18,59,99,187,supp_002,2025-07-26,448.79
snap_001825,prod_7432,wh_002,2025-09-13,267,38,229,60,64,supp_003,2025-07-20,185.67
snap_001826,prod_7692,wh_005,2025-09-10,222,42,180,40,135,supp_005,2025-08-25,280.33
snap_001827,prod_8796,wh_004,2025-08-23,366,21,345,63,143,supp_003,2025-07-26,985.16
snap_001828,prod_1396,wh_002,2025-09-12,202,50,152,56,76,supp_001,2025-08-20,932.47
snap_001829,prod_2219,wh_005,2025-08-22,122,25,97,43,162,supp_002,2025-08-19,677.87
snap_001830,prod_1826,wh_001,2025-09-02,55,6,49,89,64,supp_005,2025-09-03,531.17
snap_001831,prod_4740,wh_001,2025-09-01,249,10,239,13,161,supp_004,2025-08-17,520.64
snap_001832,prod_4263,wh_004,2025-09-11,172,39,133,44,123,supp_003,2025-07-23,975.67
snap_001833,prod_2308,wh_002,2025-09-15,472,38,434,19,91,supp_002,2025-09-05,660.26
snap_001834,prod_8019,wh_005,2025-09-08,402,38,364,31,139,supp_005,2025-09-12,971.99
snap_001835,prod_3949,wh_004,2025-09-02,363,46,317,71,62,supp_003,2025-08-09,763.76
snap_001836,prod_1661,wh_004,2025-09-07,72,26,46,98,134,supp_001,2025-07-19,370.78
snap_001837,prod_2985,wh_004,2025-08-24,469,19,450,45,173,supp_003,2025-08-16,364.33
snap_001838,prod_3557,wh_003,2025-09-13,223,47,176,23,60,supp_001,2025-09-09,427.7
snap_001839,prod_2514,wh_004,2025-08-24,139,12,127,49,116,supp_002,2025-07-22,757.49
snap_001840,prod_6961,wh_001,2025-08-23,304,5,299,31,155,supp_004,2025-09-05,701.94
snap_001841,prod_5876,wh_001,2025-08-30,2,22,0,16,66,supp_001,2025-08-29,365.39
snap_001842,prod_5725,wh_001,2025-08-18,83,35,48,97,97,supp_002,2025-09-09,31.82
snap_001843,prod_7178,wh_005,2025-09-06,167,49,118,77,89,supp_004,2025-08-29,900.32
snap_001844,prod_2895,wh_002,2025-09-01,173,25,148,57,132,supp_004,2025-08-17,631.64
snap_001845,prod_2725,wh_001,2025-08-26,378,32,346,98,88,supp_002,2025-07-29,172.08
snap_001846,prod_6647,wh_004,2025-09-11,258,28,230,46,143,supp_005,2025-09-12,233.36
snap_001847,prod_8650,wh_004,2025-09-01,186,36,150,52,66,supp_002,2025-09-04,656.18
snap_001848,prod_6633,wh_003,2025-08-21,364,12,352,94,76,supp_002,2025-09-04,946.58
snap_001849,prod_2559,wh_002,2025-08-25,21,35,0,42,161,supp_001,2025-09-02,791.7
snap_001850,prod_8591,wh_005,2025-08-19,341,38,303,47,84,supp_004,2025-08-08,488.29
snap_001851,prod_1092,wh_002,2025-09-15,6,4,2,43,88,supp_005,2025-08-28,590.74
snap_001852,prod_2200,wh_005,2025-08-24,213,2,211,82,79,supp_001,2025-08-30,921.4
snap_001853,prod_8885,wh_001,2025-09-06,121,19,102,12,98,supp_004,2025-09-09,518.09
snap_001854,prod_2770,wh_005,2025-08-25,10,39,0,41,184,supp_001,2025-08-12,695.31
snap_001855,prod_6003,wh_002,2025-08-23,315,1,314,98,160,supp_002,2025-08-11,58.6
snap_001856,prod_4727,wh_005,2025-08-26,235,16,219,30,114,supp_003,2025-08-22,134.96
snap_001857,prod_2596,wh_003,2025-08-28,341,41,300,69,50,supp_002,2025-08-26,310.06
snap_001858,prod_8442,wh_003,2025-09-11,74,30,44,67,162,supp_003,2025-08-23,158.92
snap_001859,prod_6644,wh_005,2025-09-07,477,39,438,77,183,supp_005,2025-09-04,312.88
snap_001860,prod_2266,wh_002,2025-09-02,400,28,372,72,82,supp_004,2025-07-21,928.01
snap_001861,prod_4750,wh_003,2025-09-06,275,35,240,27,65,supp_002,2025-09-14,794.93
snap_001862,prod_5487,wh_001,2025-08-20,100,20,80,87,170,supp_004,2025-09-10,995.71
snap_001863,prod_2583,wh_001,2025-09-11,57,7,50,84,120,supp_005,2025-09-13,165.45
snap_001864,prod_2833,wh_002,2025-08-27,493,44,449,100,134,supp_002,2025-07-27,955.81
snap_001865,prod_2965,wh_001,2025-08-27,322,4,318,69,101,supp_004,2025-09-05,852.26
snap_001866,prod_5906,wh_004,2025-09-03,490,33,457,96,189,supp_005,2025-08-15,383.36
snap_001867,prod_1584,wh_003,2025-09-04,227,7,220,74,180,supp_004,2025-08-26,630.53
snap_001868,prod_3956,wh_001,2025-09-15,324,43,281,75,180,supp_001,2025-08-31,588.52
snap_001869,prod_9188,wh_004,2025-09-05,452,28,424,66,159,supp_001,2025-08-03,157.74
snap_001870,prod_9096,wh_004,2025-08-17,233,3,230,82,86,supp_004,2025-09-12,211.41
snap_001871,prod_8587,wh_004,2025-08-20,415,23,392,86,91,supp_005,2025-07-22,215.67
snap_001872,prod_1318,wh_003,2025-08-24,302,18,284,93,87,supp_001,2025-09-09,572.17
snap_001873,prod_7193,wh_001,2025-08-28,117,49,68,19,179,supp_003,2025-08-31,877.99
snap_001874,prod_2165,wh_004,2025-09-01,17,3,14,42,134,supp_003,2025-08-04,243.78
snap_001875,prod_9928,wh_004,2025-09-10,274,46,228,20,136,supp_003,2025-08-08,332.8
snap_001876,prod_5946,wh_004,2025-09-06,193,12,181,50,198,supp_003,2025-07-25,575.91
snap_001877,prod_4556,wh_003,2025-08-21,55,28,27,28,119,supp_004,2025-07-27,865.24
snap_001878,prod_5218,wh_003,2025-09-12,387,18,369,40,184,supp_003,2025-08-26,284.63
snap_001879,prod_6931,wh_003,2025-09-08,318,47,271,72,56,supp_001,2025-08-14,716.26
snap_001880,prod_8237,wh_001,2025-08-31,163,10,153,82,78,supp_005,2025-08-28,846.79
snap_001881,prod_7674,wh_005,2025-08-27,37,47,0,66,154,supp_004,2025-08-09,208.12
snap_001882,prod_1686,wh_003,2025-08-23,113,3,110,35,181,supp_002,2025-09-11,485.87
snap_001883,prod_1758,wh_005,2025-09-15,210,5,205,84,97,supp_001,2025-07-27,655.0
snap_001884,prod_7202,wh_004,2025-09-04,261,23,238,69,66,supp_003,2025-08-19,687.23
snap_001885,prod_2417,wh_003,2025-09-08,456,43,413,52,75,supp_002,2025-09-03,389.71
snap_001886,prod_5105,wh_002,2025-09-02,14,3,11,81,187,supp_003,2025-08-27,907.64
snap_001887,prod_5828,wh_005,2025-09-10,460,22,438,27,139,supp_001,2025-08-05,114.43
snap_001888,prod_2294,wh_005,2025-09-03,130,35,95,15,141,supp_003,2025-09-09,165.25
snap_001889,prod_5533,wh_001,2025-08-28,175,20,155,96,136,supp_005,2025-08-21,784.19
snap_001890,prod_5963,wh_005,2025-08-23,476,30,446,97,111,supp_001,2025-09-05,677.2
snap_001891,prod_6965,wh_005,2025-08-21,166,9,157,51,197,supp_004,2025-08-13,101.86
snap_001892,prod_2409,wh_003,2025-08-25,342,45,297,76,197,supp_003,2025-08-31,270.98
snap_001893,prod_7817,wh_005,2025-09-08,256,38,218,44,148,supp_002,2025-09-14,124.33
snap_001894,prod_1826,wh_004,2025-09-11,96,4,92,35,127,supp_001,2025-07-31,243.72
snap_001895,prod_8576,wh_005,2025-08-26,424,37,387,35,111,supp_001,2025-08-13,470.8
snap_001896,prod_9663,wh_005,2025-08-20,405,17,388,70,108,supp_004,2025-07-30,525.52
snap_001897,prod_8385,wh_001,2025-09-14,283,9,274,52,185,supp_001,2025-09-04,407.64
snap_001898,prod_6646,wh_001,2025-09-05,366,15,351,12,161,supp_001,2025-08-30,204.85
snap_001899,prod_1758,wh_002,2025-08-25,411,45,366,89,87,supp_004,2025-08-19,118.13
snap_001900,prod_6244,wh_004,2025-08-18,82,0,82,54,178,supp_005,2025-07-29,154.44
snap_001901,prod_2957,wh_003,2025-08-19,491,29,462,15,184,supp_003,2025-07-24,892.19
snap_001902,prod_9627,wh_001,2025-08-31,88,3,85,94,84,supp_002,2025-09-07,632.5
snap_001903,prod_5434,wh_003,2025-09-14,36,33,3,71,147,supp_005,2025-09-03,60.22
snap_001904,prod_3538,wh_001,2025-09-13,111,46,65,11,102,supp_005,2025-07-20,970.62
snap_001905,prod_6133,wh_005,2025-08-26,79,39,40,20,136,supp_002,2025-08-15,842.54
snap_001906,prod_7304,wh_001,2025-08-17,239,10,229,32,104,supp_004,2025-08-12,399.11
snap_001907,prod_8727,wh_005,2025-08-19,224,38,186,18,113,supp_003,2025-08-09,280.29
snap_001908,prod_8964,wh_001,2025-09-15,168,14,154,37,179,supp_001,2025-07-19,383.18
snap_001909,prod_6822,wh_003,2025-09-13,408,23,385,48,62,supp_001,2025-07-31,256.75
snap_001910,prod_9773,wh_005,2025-09-10,123,49,74,10,172,supp_002,2025-08-24,414.91
snap_001911,prod_6296,wh_005,2025-09-10,362,35,327,74,117,supp_001,2025-08-19,835.75
snap_001912,prod_1725,wh_002,2025-08-26,497,20,477,10,95,supp_002,2025-08-23,445.34
snap_001913,prod_8210,wh_004,2025-09-02,301,7,294,53,96,supp_005,2025-08-19,604.51
snap_001914,prod_4660,wh_005,2025-08-27,44,2,42,73,196,supp_005,2025-09-08,150.49
snap_001915,prod_1770,wh_004,2025-09-12,376,2,374,56,137,supp_001,2025-09-03,339.79
snap_001916,prod_9526,wh_004,2025-09-06,214,18,196,18,56,supp_004,2025-08-15,205.71
snap_001917,prod_7610,wh_002,2025-08-20,334,32,302,18,84,supp_003,2025-08-15,409.68
snap_001918,prod_9097,wh_004,2025-08-28,124,37,87,78,118,supp_004,2025-08-15,151.45
snap_001919,prod_6936,wh_004,2025-09-04,73,17,56,36,100,supp_004,2025-09-04,59.08
snap_001920,prod_4413,wh_002,2025-09-06,393,4,389,52,148,supp_003,2025-07-22,918.2
snap_001921,prod_8191,wh_003,2025-09-10,238,6,232,45,148,supp_001,2025-09-06,582.15
snap_001922,prod_6516,wh_001,2025-08-29,171,43,128,70,99,supp_005,2025-07-26,219.71
snap_001923,prod_1411,wh_002,2025-08-22,48,25,23,36,157,supp_003,2025-08-29,168.19
snap_001924,prod_3026,wh_001,2025-08-23,397,19,378,60,165,supp_003,2025-08-13,855.07
snap_001925,prod_3921,wh_005,2025-08-21,297,20,277,32,168,supp_005,2025-09-15,993.46
snap_001926,prod_4002,wh_003,2025-08-23,408,4,404,88,88,supp_001,2025-09-06,514.43
snap_001927,prod_8779,wh_002,2025-08-28,45,37,8,57,79,supp_003,2025-08-02,463.9
snap_001928,prod_2507,wh_005,2025-09-03,239,38,201,58,114,supp_002,2025-07-22,648.29
snap_001929,prod_4699,wh_002,2025-09-04,64,2,62,91,193,supp_003,2025-09-10,477.34
snap_001930,prod_5781,wh_005,2025-08-26,103,29,74,98,64,supp_001,2025-07-31,173.73
snap_001931,prod_3706,wh_002,2025-09-01,391,44,347,25,66,supp_005,2025-08-06,375.84
snap_001932,prod_1827,wh_003,2025-09-07,230,4,226,60,50,supp_001,2025-07-20,223.79
snap_001933,prod_8108,wh_003,2025-09-05,184,5,179,37,62,supp_004,2025-08-25,448.44
snap_001934,prod_3025,wh_001,2025-08-26,203,21,182,11,149,supp_004,2025-08-31,825.25
snap_001935,prod_9311,wh_005,2025-08-23,241,20,221,52,82,supp_001,2025-09-13,653.83
snap_001936,prod_2047,wh_005,2025-09-13,458,9,449,35,125,supp_003,2025-08-27,792.7
snap_001937,prod_9848,wh_001,2025-09-09,278,45,233,22,174,supp_001,2025-07-24,463.46
snap_001938,prod_7423,wh_004,2025-08-30,372,38,334,82,131,supp_005,2025-09-13,624.25
snap_001939,prod_8956,wh_003,2025-08-20,55,41,14,38,56,supp_003,2025-08-09,282.89
snap_001940,prod_6096,wh_004,2025-08-28,263,6,257,45,112,supp_002,2025-07-26,299.62
snap_001941,prod_4291,wh_005,2025-09-15,48,18,30,50,189,supp_004,2025-08-05,297.28
snap_001942,prod_3607,wh_002,2025-08-26,200,32,168,100,85,supp_001,2025-08-11,867.93
snap_001943,prod_4147,wh_005,2025-09-10,41,39,2,39,111,supp_002,2025-08-03,336.4
snap_001944,prod_9726,wh_001,2025-09-09,153,26,127,71,116,supp_001,2025-09-10,855.21
snap_001945,prod_9413,wh_002,2025-09-01,255,50,205,99,89,supp_005,2025-08-27,117.15
snap_001946,prod_8169,wh_005,2025-09-07,6,17,0,23,106,supp_002,2025-09-13,522.84
snap_001947,prod_6760,wh_001,2025-08-30,90,37,53,21,69,supp_005,2025-07-24,543.47
snap_001948,prod_3386,wh_004,2025-09-04,25,15,10,50,73,supp_004,2025-08-01,243.26
snap_001949,prod_2602,wh_001,2025-08-22,296,40,256,90,184,supp_003,2025-08-20,941.96
snap_001950,prod_5191,wh_005,2025-09-02,324,33,291,52,91,supp_002,2025-08-05,46.07
snap_001951,prod_7377,wh_003,2025-09-11,179,18,161,22,72,supp_003,2025-09-01,418.45
snap_001952,prod_4572,wh_004,2025-08-27,135,47,88,64,51,supp_003,2025-08-13,997.66
snap_001953,prod_8305,wh_005,2025-09-03,84,37,47,23,114,supp_002,2025-08-10,538.37
snap_001954,prod_8924,wh_003,2025-08-30,328,13,315,66,153,supp_002,2025-08-07,841.07
snap_001955,prod_5167,wh_003,2025-08-20,322,13,309,18,116,supp_004,2025-08-22,900.71
snap_001956,prod_9876,wh_003,2025-08-31,215,9,206,74,52,supp_001,2025-07-23,288.53
snap_001957,prod_2225,wh_004,2025-09-15,448,2,446,46,131,supp_001,2025-07-23,733.5
snap_001958,prod_2446,wh_005,2025-08-26,45,13,32,53,143,supp_005,2025-08-27,678.21
snap_001959,prod_1009,wh_001,2025-08-17,287,45,242,39,83,supp_001,2025-09-07,100.69
snap_001960,prod_4322,wh_005,2025-08-21,227,18,209,39,183,supp_001,2025-07-23,424.89
snap_001961,prod_6735,wh_004,2025-09-11,381,38,343,45,143,supp_005,2025-08-10,238.42
snap_001962,prod_8417,wh_003,2025-09-05,481,47,434,19,88,supp_001,2025-08-24,69.29
snap_001963,prod_6194,wh_005,2025-08-27,270,20,250,59,125,supp_003,2025-09-04,782.29
snap_001964,prod_3439,wh_001,2025-09-15,283,28,255,43,163,supp_005,2025-08-07,278.66
snap_001965,prod_6651,wh_004,2025-09-06,447,24,423,16,81,supp_002,2025-07-30,281.57
snap_001966,prod_4103,wh_001,2025-09-09,303,21,282,34,76,supp_004,2025-09-04,580.84
snap_001967,prod_7755,wh_004,2025-08-26,471,15,456,54,67,supp_004,2025-07-21,829.85
snap_001968,prod_3349,wh_001,2025-08-28,7,30,0,53,126,supp_003,2025-08-03,615.23
snap_001969,prod_2256,wh_005,2025-09-07,398,23,375,100,118,supp_004,2025-07-18,673.95
snap_001970,prod_7756,wh_003,2025-09-10,377,36,341,55,60,supp_005,2025-09-05,748.98
snap_001971,prod_1159,wh_003,2025-08-25,346,39,307,86,53,supp_005,2025-08-30,593.46
snap_001972,prod_5822,wh_005,2025-08-17,350,3,347,97,86,supp_003,2025-08-02,472.28
snap_001973,prod_2360,wh_005,2025-09-14,38,41,0,67,158,supp_002,2025-09-08,713.29
snap_001974,prod_7555,wh_004,2025-09-03,496,11,485,95,72,supp_005,2025-08-10,576.39
snap_001975,prod_3690,wh_003,2025-08-24,298,6,292,93,135,supp_003,2025-08-17,162.57
snap_001976,prod_8046,wh_002,2025-08-24,401,41,360,18,198,supp_004,2025-08-25,271.74
snap_001977,prod_1319,wh_005,2025-08-26,403,36,367,23,165,supp_003,2025-08-06,697.09
snap_001978,prod_5546,wh_002,2025-08-22,412,50,362,15,142,supp_003,2025-09-10,27.02
snap_001979,prod_9290,wh_002,2025-09-05,263,15,248,29,115,supp_004,2025-09-13,827.42
snap_001980,prod_4010,wh_001,2025-08-23,106,40,66,26,58,supp_004,2025-08-27,412.62
snap_001981,prod_8007,wh_003,2025-09-01,443,12,431,31,132,supp_004,2025-08-18,386.81
snap_001982,prod_7487,wh_003,2025-09-06,472,35,437,69,182,supp_001,2025-08-17,669.44
snap_001983,prod_8125,wh_003,2025-09-13,296,47,249,93,111,supp_003,2025-07-29,255.43
snap_001984,prod_1852,wh_003,2025-08-29,34,31,3,64,139,supp_002,2025-08-01,851.44
snap_001985,prod_3259,wh_003,2025-08-17,415,49,366,94,177,supp_003,2025-09-05,969.79
snap_001986,prod_6631,wh_002,2025-09-02,211,50,161,71,138,supp_005,2025-08-30,208.87
snap_001987,prod_6289,wh_001,2025-08-26,482,13,469,27,83,supp_004,2025-08-22,513.73
snap_001988,prod_4847,wh_005,2025-08-30,119,45,74,23,105,supp_005,2025-09-12,700.03
snap_001989,prod_1096,wh_002,2025-08-17,440,40,400,65,101,supp_004,2025-09-06,204.94
snap_001990,prod_5097,wh_001,2025-09-13,342,27,315,100,74,supp_004,2025-08-13,718.03
snap_001991,prod_5101,wh_004,2025-08-29,73,0,73,41,161,supp_002,2025-09-08,79.45
snap_001992,prod_6916,wh_001,2025-09-08,258,8,250,70,67,supp_001,2025-08-25,155.14
snap_001993,prod_5298,wh_003,2025-09-10,379,12,367,73,146,supp_002,2025-08-16,478.79
snap_001994,prod_7992,wh_004,2025-09-06,84,9,75,91,192,supp_002,2025-07-20,408.42
snap_001995,prod_7328,wh_004,2025-09-04,151,50,101,34,140,supp_001,2025-09-13,926.08
snap_001996,prod_5826,wh_001,2025-09-15,42,30,12,40,148,supp_005,2025-08-01,994.21
snap_001997,prod_2803,wh_003,2025-08-20,62,10,52,29,160,supp_002,2025-07-26,293.2
snap_001998,prod_9024,wh_004,2025-08-19,242,49,193,38,88,supp_004,2025-09-13,875.88
snap_001999,prod_9671,wh_001,2025-09-08,333,50,283,86,73,supp_005,2025-09-09,600.08
snap_002000,prod_6324,wh_003,2025-09-01,469,6,463,13,88,supp_004,2025-08-12,778.24
snap_002001,prod_9723,wh_003,2025-09-02,50,28,22,27,200,supp_002,2025-09-10,57.95
snap_002002,prod_5817,wh_003,2025-08-23,230,24,206,58,148,supp_003,2025-08-24,602.14
snap_002003,prod_9462,wh_002,2025-08-23,291,0,291,60,173,supp_002,2025-08-13,235.14
snap_002004,prod_4001,wh_001,2025-09-03,268,13,255,66,153,supp_005,2025-08-26,260.46
snap_002005,prod_9670,wh_004,2025-09-07,119,27,92,31,160,supp_004,2025-07-22,130.1
snap_002006,prod_6924,wh_005,2025-08-27,300,29,271,19,160,supp_001,2025-07-18,33.93
snap_002007,prod_6890,wh_004,2025-09-12,84,45,39,30,129,supp_002,2025-08-07,340.65
snap_002008,prod_5762,wh_005,2025-09-04,175,20,155,91,91,supp_002,2025-09-09,227.41
snap_002009,prod_9765,wh_003,2025-09-09,228,7,221,23,144,supp_002,2025-08-15,143.37
snap_002010,prod_8353,wh_005,2025-09-05,176,29,147,47,96,supp_003,2025-08-05,467.22
snap_002011,prod_4126,wh_001,2025-08-22,84,19,65,11,88,supp_004,2025-09-11,385.4
snap_002012,prod_1142,wh_001,2025-08-21,330,14,316,53,101,supp_002,2025-08-16,856.21
snap_002013,prod_7974,wh_001,2025-08-29,316,15,301,56,192,supp_003,2025-08-08,393.16
snap_002014,prod_1031,wh_002,2025-09-08,240,40,200,36,88,supp_002,2025-09-12,599.57
snap_002015,prod_9799,wh_005,2025-08-18,486,25,461,13,107,supp_002,2025-07-25,27.52
snap_002016,prod_7618,wh_003,2025-08-21,138,16,122,93,65,supp_005,2025-08-11,401.41
snap_002017,prod_4485,wh_002,2025-09-01,0,50,0,82,88,supp_002,2025-07-24,816.43
snap_002018,prod_8161,wh_003,2025-08-25,324,3,321,29,173,supp_004,2025-08-23,994.31
snap_002019,prod_6973,wh_003,2025-09-05,335,8,327,46,162,supp_004,2025-08-22,992.57
snap_002020,prod_4039,wh_005,2025-09-04,318,8,310,45,77,supp_003,2025-09-09,810.92
snap_002021,prod_4769,wh_001,2025-08-23,120,4,116,98,107,supp_005,2025-09-11,404.91
snap_002022,prod_7805,wh_001,2025-09-03,390,8,382,17,141,supp_001,2025-09-07,604.69
snap_002023,prod_1072,wh_002,2025-09-02,334,26,308,92,62,supp_004,2025-09-10,988.31
snap_002024,prod_7684,wh_002,2025-08-17,57,8,49,83,114,supp_005,2025-09-01,24.35
snap_002025,prod_8893,wh_004,2025-08-30,464,15,449,36,174,supp_002,2025-09-11,383.48
snap_002026,prod_4678,wh_005,2025-09-12,173,2,171,21,132,supp_002,2025-08-21,443.18
snap_002027,prod_9866,wh_004,2025-08-17,284,38,246,58,59,supp_002,2025-09-15,305.36
snap_002028,prod_2845,wh_001,2025-08-29,71,17,54,51,178,supp_004,2025-08-26,764.34
snap_002029,prod_7828,wh_002,2025-09-15,101,0,101,25,98,supp_005,2025-08-06,295.74
snap_002030,prod_8470,wh_004,2025-09-10,408,23,385,49,107,supp_004,2025-07-18,117.13
snap_002031,prod_5805,wh_003,2025-08-17,254,37,217,42,156,supp_004,2025-09-13,386.28
snap_002032,prod_8673,wh_002,2025-08-29,439,50,389,63,53,supp_003,2025-07-20,72.43
snap_002033,prod_9711,wh_003,2025-08-31,141,28,113,55,90,supp_002,2025-09-12,866.71
snap_002034,prod_2581,wh_002,2025-09-01,8,1,7,52,93,supp_005,2025-08-06,858.25
snap_002035,prod_2177,wh_004,2025-09-07,275,33,242,59,129,supp_004,2025-08-08,831.83
snap_002036,prod_6711,wh_001,2025-08-29,402,22,380,35,155,supp_002,2025-08-12,391.76
snap_002037,prod_5033,wh_001,2025-08-26,439,27,412,43,105,supp_001,2025-08-21,893.78
snap_002038,prod_1917,wh_002,2025-09-08,455,40,415,93,115,supp_003,2025-08-07,537.63
snap_002039,prod_6453,wh_003,2025-09-04,7,27,0,26,75,supp_005,2025-08-02,356.99
snap_002040,prod_6776,wh_003,2025-08-21,69,24,45,77,134,supp_001,2025-08-08,673.42
snap_002041,prod_2601,wh_003,2025-08-27,271,33,238,35,172,supp_005,2025-09-08,253.97
snap_002042,prod_6862,wh_002,2025-08-31,147,41,106,67,62,supp_004,2025-08-11,439.07
snap_002043,prod_6192,wh_002,2025-09-14,318,19,299,30,105,supp_003,2025-07-21,477.5
snap_002044,prod_3164,wh_005,2025-08-30,198,42,156,25,118,supp_001,2025-07-22,953.47
snap_002045,prod_4264,wh_003,2025-09-03,184,26,158,37,113,supp_003,2025-07-27,53.92
snap_002046,prod_6698,wh_005,2025-09-05,138,21,117,87,197,supp_001,2025-08-26,84.73
snap_002047,prod_8966,wh_004,2025-09-04,309,21,288,73,144,supp_004,2025-08-01,960.75
snap_002048,prod_2384,wh_002,2025-08-22,228,0,228,71,53,supp_005,2025-08-23,410.18
snap_002049,prod_6593,wh_002,2025-08-29,110,20,90,98,127,supp_001,2025-08-11,393.27
snap_002050,prod_8785,wh_003,2025-09-01,178,22,156,20,164,supp_002,2025-08-27,169.07
snap_002051,prod_8932,wh_004,2025-09-06,361,15,346,24,144,supp_005,2025-09-05,713.87
snap_002052,prod_9388,wh_005,2025-09-04,126,41,85,38,59,supp_005,2025-08-12,366.04
snap_002053,prod_5407,wh_003,2025-09-10,205,45,160,45,143,supp_003,2025-07-30,55.7
snap_002054,prod_7721,wh_005,2025-09-05,42,13,29,31,168,supp_004,2025-09-03,74.88
snap_002055,prod_7695,wh_004,2025-09-06,118,28,90,66,112,supp_004,2025-08-23,852.92
snap_002056,prod_8487,wh_001,2025-09-13,489,22,467,95,126,supp_004,2025-08-10,697.91
snap_002057,prod_1802,wh_003,2025-08-20,423,5,418,17,158,supp_001,2025-08-05,257.41
snap_002058,prod_2342,wh_002,2025-09-13,305,38,267,60,76,supp_002,2025-09-10,162.26
snap_002059,prod_5363,wh_005,2025-09-11,215,17,198,80,124,supp_002,2025-07-19,566.22
snap_002060,prod_2988,wh_001,2025-09-05,466,8,458,68,61,supp_002,2025-08-04,598.44
snap_002061,prod_3407,wh_003,2025-08-31,421,28,393,67,100,supp_004,2025-09-12,406.76
snap_002062,prod_4830,wh_001,2025-09-14,236,44,192,48,128,supp_002,2025-08-04,521.2
snap_002063,prod_9940,wh_001,2025-09-05,99,40,59,23,138,supp_004,2025-09-05,365.7
snap_002064,prod_5429,wh_003,2025-08-20,371,34,337,67,139,supp_004,2025-08-01,569.74
snap_002065,prod_9200,wh_002,2025-08-17,380,28,352,40,60,supp_003,2025-09-08,522.03
snap_002066,prod_8265,wh_005,2025-09-07,19,37,0,57,175,supp_005,2025-09-03,480.81
snap_002067,prod_1710,wh_002,2025-09-04,151,18,133,74,121,supp_002,2025-09-14,296.91
snap_002068,prod_3581,wh_001,2025-08-19,384,16,368,42,61,supp_003,2025-08-02,820.19
snap_002069,prod_2828,wh_001,2025-08-22,56,50,6,38,173,supp_002,2025-09-06,615.45
snap_002070,prod_3659,wh_001,2025-09-12,334,22,312,47,159,supp_004,2025-09-07,91.84
snap_002071,prod_3785,wh_005,2025-08-25,278,38,240,62,130,supp_003,2025-08-05,723.02
snap_002072,prod_2667,wh_001,2025-08-18,97,34,63,11,179,supp_004,2025-07-18,363.65
snap_002073,prod_9703,wh_001,2025-09-07,119,8,111,54,88,supp_002,2025-07-27,573.34
snap_002074,prod_9608,wh_002,2025-08-17,200,15,185,32,75,supp_004,2025-08-11,915.03
snap_002075,prod_2660,wh_004,2025-09-02,63,28,35,26,199,supp_005,2025-07-23,224.2
snap_002076,prod_9738,wh_002,2025-08-30,299,31,268,24,84,supp_002,2025-08-10,925.31
snap_002077,prod_8740,wh_004,2025-09-14,316,2,314,49,200,supp_002,2025-09-09,811.19
snap_002078,prod_6413,wh_001,2025-08-23,195,8,187,71,100,supp_004,2025-08-11,335.18
snap_002079,prod_9859,wh_003,2025-09-15,171,39,132,89,179,supp_004,2025-09-09,20.8
snap_002080,prod_2176,wh_005,2025-09-11,259,13,246,73,120,supp_005,2025-09-14,372.35
snap_002081,prod_8508,wh_004,2025-09-09,445,28,417,31,117,supp_003,2025-07-24,648.21
snap_002082,prod_6679,wh_002,2025-08-21,480,24,456,34,174,supp_002,2025-07-23,720.94
snap_002083,prod_9002,wh_002,2025-09-10,481,11,470,11,51,supp_004,2025-08-08,813.01
snap_002084,prod_2021,wh_003,2025-09-09,165,22,143,50,172,supp_003,2025-08-13,404.57
snap_002085,prod_9768,wh_001,2025-09-12,301,18,283,23,161,supp_001,2025-08-14,482.26
snap_002086,prod_6066,wh_001,2025-08-21,218,37,181,91,125,supp_001,2025-07-21,70.94
snap_002087,prod_7665,wh_004,2025-08-27,54,47,7,59,134,supp_002,2025-08-27,106.37
snap_002088,prod_6463,wh_002,2025-08-23,166,49,117,90,144,supp_004,2025-09-13,793.2
snap_002089,prod_5122,wh_002,2025-09-13,163,4,159,14,162,supp_004,2025-07-29,949.65
snap_002090,prod_7012,wh_001,2025-09-02,395,21,374,80,190,supp_002,2025-08-28,434.69
snap_002091,prod_9446,wh_005,2025-09-12,18,21,0,33,192,supp_002,2025-09-09,398.47
snap_002092,prod_4286,wh_002,2025-08-26,467,14,453,99,83,supp_004,2025-09-10,22.33
snap_002093,prod_9651,wh_005,2025-08-21,63,1,62,36,108,supp_004,2025-08-10,93.52
snap_002094,prod_9044,wh_001,2025-08-31,176,25,151,75,117,supp_005,2025-09-07,120.08
snap_002095,prod_3600,wh_004,2025-08-29,274,20,254,99,149,supp_004,2025-07-30,550.06
snap_002096,prod_5675,wh_001,2025-09-04,7,26,0,89,200,supp_003,2025-08-18,675.83
snap_002097,prod_1309,wh_002,2025-08-27,183,34,149,90,63,supp_005,2025-08-06,284.73
snap_002098,prod_9390,wh_004,2025-09-05,155,20,135,69,196,supp_002,2025-08-19,334.33
snap_002099,prod_2184,wh_001,2025-09-07,443,20,423,59,162,supp_001,2025-08-12,624.03
snap_002100,prod_5085,wh_004,2025-09-12,453,40,413,66,81,supp_003,2025-07-28,471.14
snap_002101,prod_9593,wh_005,2025-09-03,464,6,458,85,118,supp_001,2025-08-05,265.96
snap_002102,prod_8099,wh_003,2025-08-27,144,36,108,62,54,supp_005,2025-08-16,303.23
snap_002103,prod_5895,wh_003,2025-09-06,433,27,406,89,62,supp_001,2025-08-03,41.29
snap_002104,prod_6429,wh_003,2025-09-15,129,47,82,31,126,supp_003,2025-08-20,975.48
snap_002105,prod_9187,wh_002,2025-08-31,182,13,169,35,187,supp_001,2025-08-25,917.5
snap_002106,prod_5822,wh_001,2025-08-17,5,20,0,93,120,supp_003,2025-09-09,814.83
snap_002107,prod_8443,wh_001,2025-08-27,155,49,106,22,140,supp_002,2025-07-24,958.48
snap_002108,prod_6408,wh_001,2025-09-04,315,34,281,56,158,supp_005,2025-09-12,923.46
snap_002109,prod_9511,wh_005,2025-09-11,412,31,381,29,88,supp_002,2025-09-03,159.14
snap_002110,prod_5136,wh_001,2025-08-23,212,3,209,44,90,supp_001,2025-08-23,710.21
snap_002111,prod_7256,wh_004,2025-09-03,297,41,256,74,110,supp_003,2025-07-22,69.63
snap_002112,prod_5995,wh_005,2025-08-26,349,49,300,87,115,supp_003,2025-08-03,9.24
snap_002113,prod_1112,wh_002,2025-08-18,5,21,0,47,88,supp_005,2025-08-31,521.22
snap_002114,prod_5565,wh_005,2025-09-05,21,16,5,13,175,supp_005,2025-08-27,793.83
snap_002115,prod_6049,wh_004,2025-08-22,121,27,94,70,164,supp_005,2025-08-14,709.65
snap_002116,prod_4711,wh_002,2025-09-02,495,12,483,52,117,supp_005,2025-08-29,210.89
snap_002117,prod_1873,wh_002,2025-08-19,41,48,0,93,84,supp_002,2025-08-17,668.89
snap_002118,prod_6617,wh_002,2025-08-29,479,10,469,24,140,supp_003,2025-07-29,802.68
snap_002119,prod_6143,wh_004,2025-08-25,404,34,370,70,156,supp_002,2025-08-07,550.55
snap_002120,prod_2809,wh_004,2025-09-13,481,35,446,13,146,supp_003,2025-08-26,887.27
snap_002121,prod_9679,wh_005,2025-08-26,217,34,183,96,126,supp_003,2025-08-03,513.02
snap_002122,prod_6235,wh_004,2025-08-28,345,35,310,22,179,supp_001,2025-08-21,471.36
snap_002123,prod_2848,wh_005,2025-09-10,46,17,29,73,134,supp_005,2025-07-26,238.25
snap_002124,prod_9221,wh_004,2025-08-20,462,46,416,58,98,supp_001,2025-08-26,283.43
snap_002125,prod_5668,wh_001,2025-09-05,59,47,12,94,194,supp_001,2025-09-02,171.35
snap_002126,prod_4144,wh_001,2025-08-31,153,33,120,74,155,supp_004,2025-07-24,27.46
snap_002127,prod_7283,wh_004,2025-08-31,248,34,214,31,198,supp_001,2025-08-25,324.22
snap_002128,prod_7766,wh_005,2025-09-05,213,13,200,87,67,supp_004,2025-08-02,151.02
snap_002129,prod_8311,wh_003,2025-09-12,412,35,377,86,78,supp_005,2025-08-24,507.18
snap_002130,prod_3296,wh_002,2025-09-14,375,18,357,19,68,supp_002,2025-08-26,969.45
snap_002131,prod_8543,wh_003,2025-08-20,234,30,204,50,145,supp_001,2025-09-02,698.04
snap_002132,prod_1058,wh_004,2025-08-24,296,20,276,11,53,supp_004,2025-07-23,760.53
snap_002133,prod_7956,wh_002,2025-08-25,84,39,45,84,185,supp_005,2025-08-26,46.62
snap_002134,prod_1342,wh_005,2025-09-11,403,19,384,29,113,supp_001,2025-07-19,375.27
snap_002135,prod_3289,wh_002,2025-09-10,311,6,305,30,60,supp_005,2025-08-14,5.95
snap_002136,prod_7022,wh_003,2025-09-13,285,36,249,58,149,supp_002,2025-07-25,482.56
snap_002137,prod_7356,wh_003,2025-09-04,420,30,390,68,62,supp_004,2025-08-30,260.48
snap_002138,prod_8688,wh_001,2025-08-21,347,21,326,12,148,supp_002,2025-09-02,805.98
snap_002139,prod_7626,wh_002,2025-09-02,14,41,0,45,166,supp_005,2025-08-19,139.71
snap_002140,prod_2279,wh_002,2025-09-10,95,5,90,91,95,supp_001,2025-08-30,497.14
snap_002141,prod_7432,wh_004,2025-09-12,35,12,23,61,198,supp_004,2025-08-23,493.62
snap_002142,prod_7225,wh_001,2025-08-19,468,49,419,77,92,supp_003,2025-09-04,131.04
snap_002143,prod_2550,wh_003,2025-09-07,125,44,81,52,179,supp_003,2025-08-23,133.5
snap_002144,prod_2581,wh_005,2025-09-06,226,28,198,82,107,supp_002,2025-08-02,245.75
snap_002145,prod_2622,wh_002,2025-09-14,267,50,217,21,192,supp_004,2025-08-25,563.53
snap_002146,prod_8801,wh_002,2025-09-15,147,28,119,57,177,supp_004,2025-07-19,843.02
snap_002147,prod_3153,wh_001,2025-09-09,327,7,320,85,73,supp_004,2025-08-05,253.12
snap_002148,prod_5513,wh_004,2025-09-07,295,28,267,55,169,supp_002,2025-09-11,78.17
snap_002149,prod_6052,wh_005,2025-08-25,36,36,0,48,173,supp_005,2025-09-03,445.2
snap_002150,prod_6035,wh_004,2025-08-23,482,32,450,11,67,supp_002,2025-08-09,138.91
snap_002151,prod_2444,wh_003,2025-09-08,120,7,113,65,124,supp_001,2025-09-09,439.5
snap_002152,prod_7762,wh_001,2025-08-26,138,34,104,87,56,supp_003,2025-08-30,247.51
snap_002153,prod_6597,wh_003,2025-09-06,388,30,358,55,76,supp_002,2025-07-31,396.3
snap_002154,prod_2381,wh_003,2025-09-02,178,50,128,88,108,supp_004,2025-08-16,179.34
snap_002155,prod_5514,wh_003,2025-09-03,441,1,440,70,92,supp_005,2025-08-27,336.37
snap_002156,prod_1376,wh_003,2025-09-14,110,18,92,16,102,supp_004,2025-08-26,939.84
snap_002157,prod_1743,wh_005,2025-09-15,86,30,56,16,158,supp_001,2025-09-06,511.17
snap_002158,prod_3463,wh_003,2025-08-31,440,40,400,100,140,supp_001,2025-08-29,220.87
snap_002159,prod_3113,wh_003,2025-08-20,89,48,41,23,91,supp_002,2025-07-26,559.87
snap_002160,prod_5606,wh_004,2025-08-31,77,45,32,20,190,supp_004,2025-09-11,470.55
snap_002161,prod_2593,wh_001,2025-08-25,406,10,396,51,88,supp_005,2025-08-06,965.54
snap_002162,prod_6478,wh_001,2025-09-02,186,27,159,64,51,supp_003,2025-09-10,154.1
snap_002163,prod_3006,wh_003,2025-09-01,69,33,36,84,87,supp_002,2025-08-10,778.81
snap_002164,prod_1268,wh_002,2025-09-04,132,29,103,22,147,supp_005,2025-07-21,850.56
snap_002165,prod_3937,wh_001,2025-08-29,237,37,200,31,87,supp_004,2025-08-25,646.99
snap_002166,prod_9948,wh_002,2025-08-26,92,3,89,24,143,supp_005,2025-08-09,8.79
snap_002167,prod_1574,wh_005,2025-09-10,477,38,439,57,145,supp_002,2025-07-21,490.85
snap_002168,prod_9504,wh_002,2025-08-18,467,31,436,93,190,supp_004,2025-07-26,437.67
snap_002169,prod_6024,wh_004,2025-08-25,173,20,153,56,200,supp_001,2025-07-24,626.81
snap_002170,prod_9559,wh_001,2025-08-18,43,25,18,57,111,supp_004,2025-08-27,480.01
snap_002171,prod_6673,wh_001,2025-08-20,128,37,91,19,112,supp_003,2025-09-06,984.06
snap_002172,prod_1614,wh_002,2025-09-10,8,29,0,33,181,supp_001,2025-08-02,289.57
snap_002173,prod_6159,wh_001,2025-09-12,149,13,136,44,153,supp_002,2025-09-07,640.81
snap_002174,prod_2446,wh_005,2025-09-13,100,2,98,38,107,supp_001,2025-08-18,965.88
snap_002175,prod_6208,wh_003,2025-09-02,492,50,442,94,171,supp_004,2025-08-13,778.53
snap_002176,prod_8055,wh_003,2025-08-31,310,42,268,70,99,supp_001,2025-08-05,299.77
snap_002177,prod_9156,wh_002,2025-09-04,303,1,302,80,195,supp_003,2025-09-06,371.58
snap_002178,prod_1991,wh_005,2025-08-20,167,7,160,26,100,supp_004,2025-09-15,878.89
snap_002179,prod_7906,wh_002,2025-08-23,493,0,493,75,156,supp_001,2025-08-11,462.68
snap_002180,prod_3316,wh_004,2025-09-13,228,26,202,49,56,supp_001,2025-07-31,773.62
snap_002181,prod_5121,wh_005,2025-09-04,145,25,120,90,174,supp_002,2025-08-19,364.87
snap_002182,prod_7700,wh_004,2025-08-22,271,3,268,37,147,supp_001,2025-08-19,888.64
snap_002183,prod_4123,wh_004,2025-09-12,196,17,179,92,151,supp_005,2025-07-29,178.64
snap_002184,prod_3983,wh_002,2025-09-07,238,46,192,73,169,supp_001,2025-08-03,934.9
snap_002185,prod_7456,wh_003,2025-09-06,327,23,304,57,95,supp_001,2025-08-16,542.91
snap_002186,prod_6433,wh_001,2025-08-26,250,36,214,64,91,supp_001,2025-07-24,879.11
snap_002187,prod_4641,wh_003,2025-09-09,16,18,0,98,198,supp_005,2025-08-16,606.61
snap_002188,prod_6482,wh_004,2025-09-11,340,38,302,90,144,supp_001,2025-08-31,241.21
snap_002189,prod_7400,wh_005,2025-09-01,147,41,106,71,60,supp_003,2025-08-31,834.59
snap_002190,prod_7597,wh_001,2025-09-08,356,48,308,48,103,supp_004,2025-09-03,144.79
snap_002191,prod_8710,wh_005,2025-08-31,380,43,337,97,138,supp_002,2025-08-30,230.47
snap_002192,prod_2045,wh_005,2025-08-26,444,39,405,39,180,supp_003,2025-08-12,300.64
snap_002193,prod_7143,wh_004,2025-08-30,233,7,226,59,175,supp_003,2025-07-23,333.08
snap_002194,prod_3272,wh_002,2025-09-07,90,14,76,39,76,supp_005,2025-07-19,37.89
snap_002195,prod_3277,wh_001,2025-09-11,470,42,428,57,82,supp_003,2025-08-03,614.25
snap_002196,prod_1983,wh_005,2025-08-21,494,49,445,98,145,supp_001,2025-07-23,665.86
snap_002197,prod_1713,wh_002,2025-09-02,161,12,149,83,62,supp_003,2025-07-29,70.73
snap_002198,prod_9779,wh_005,2025-09-14,213,27,186,81,133,supp_001,2025-08-30,675.53
snap_002199,prod_1562,wh_002,2025-09-07,473,27,446,47,174,supp_003,2025-08-18,696.04
snap_002200,prod_4253,wh_002,2025-09-13,262,19,243,52,68,supp_003,2025-07-28,347.94
snap_002201,prod_4125,wh_003,2025-09-10,489,49,440,10,51,supp_004,2025-07-31,828.67
snap_002202,prod_1039,wh_005,2025-09-06,465,14,451,68,164,supp_003,2025-08-03,769.18
snap_002203,prod_1046,wh_002,2025-08-22,444,39,405,20,112,supp_003,2025-07-23,105.34
snap_002204,prod_1559,wh_002,2025-09-06,9,48,0,52,141,supp_001,2025-08-27,89.9
snap_002205,prod_9335,wh_003,2025-08-24,459,40,419,50,193,supp_001,2025-08-03,371.13
snap_002206,prod_6599,wh_005,2025-08-25,373,13,360,69,108,supp_003,2025-07-18,63.28
snap_002207,prod_1374,wh_005,2025-08-29,141,49,92,21,138,supp_003,2025-08-01,973.59
snap_002208,prod_4427,wh_001,2025-09-14,218,32,186,56,144,supp_001,2025-08-29,691.65
snap_002209,prod_5257,wh_005,2025-09-01,337,13,324,64,178,supp_003,2025-08-29,829.15
snap_002210,prod_8557,wh_001,2025-08-25,389,18,371,82,136,supp_002,2025-07-29,575.6
snap_002211,prod_9104,wh_003,2025-08-25,366,22,344,39,91,supp_001,2025-08-18,550.35
snap_002212,prod_4362,wh_003,2025-09-14,380,22,358,97,79,supp_004,2025-09-01,660.12
snap_002213,prod_2400,wh_001,2025-08-30,339,44,295,32,197,supp_002,2025-09-14,695.08
snap_002214,prod_5842,wh_001,2025-09-15,123,38,85,97,100,supp_005,2025-09-14,367.34
snap_002215,prod_9040,wh_001,2025-09-03,364,45,319,25,76,supp_005,2025-08-16,128.17
snap_002216,prod_6492,wh_001,2025-09-15,110,16,94,94,114,supp_003,2025-07-23,239.34
snap_002217,prod_5386,wh_003,2025-08-26,304,50,254,73,197,supp_002,2025-08-24,121.36
snap_002218,prod_8027,wh_002,2025-09-08,223,45,178,81,145,supp_001,2025-09-02,779.85
snap_002219,prod_6513,wh_004,2025-09-07,483,41,442,49,163,supp_005,2025-08-18,428.63
snap_002220,prod_2865,wh_005,2025-09-08,382,10,372,68,70,supp_002,2025-07-20,551.34
snap_002221,prod_5362,wh_001,2025-08-29,408,4,404,27,145,supp_002,2025-08-14,93.85
snap_002222,prod_5767,wh_005,2025-09-02,151,38,113,60,168,supp_004,2025-07-22,238.1
snap_002223,prod_4059,wh_004,2025-09-07,499,18,481,52,128,supp_001,2025-09-07,237.95
snap_002224,prod_6277,wh_001,2025-09-13,35,38,0,38,169,supp_001,2025-08-23,884.88
snap_002225,prod_5768,wh_004,2025-08-18,139,20,119,69,120,supp_005,2025-08-26,579.29
snap_002226,prod_9287,wh_003,2025-09-06,4,35,0,36,125,supp_002,2025-08-30,666.97
snap_002227,prod_6554,wh_003,2025-09-10,58,7,51,67,101,supp_002,2025-09-06,481.06
snap_002228,prod_5977,wh_003,2025-09-02,338,18,320,28,193,supp_002,2025-09-04,478.97
snap_002229,prod_8738,wh_002,2025-08-28,351,41,310,77,94,supp_003,2025-09-12,146.01
snap_002230,prod_4467,wh_005,2025-09-02,448,49,399,85,69,supp_003,2025-08-23,248.65
snap_002231,prod_8662,wh_002,2025-09-15,469,20,449,47,115,supp_002,2025-09-09,58.68
snap_002232,prod_7911,wh_002,2025-09-06,390,5,385,32,85,supp_001,2025-09-09,687.61
snap_002233,prod_3819,wh_001,2025-09-15,357,43,314,45,198,supp_005,2025-08-07,573.28
snap_002234,prod_4138,wh_005,2025-09-15,385,13,372,14,91,supp_005,2025-08-01,169.99
snap_002235,prod_7720,wh_003,2025-09-12,220,0,220,63,110,supp_001,2025-09-06,538.42
snap_002236,prod_3850,wh_001,2025-09-12,11,28,0,11,120,supp_004,2025-08-14,988.8
snap_002237,prod_9915,wh_003,2025-09-13,366,21,345,58,164,supp_002,2025-08-18,63.47
snap_002238,prod_1321,wh_001,2025-08-31,11,28,0,84,79,supp_004,2025-08-05,769.02
snap_002239,prod_5974,wh_001,2025-08-29,163,26,137,85,82,supp_002,2025-07-30,483.68
snap_002240,prod_9166,wh_005,2025-08-24,340,17,323,50,121,supp_005,2025-07-24,240.61
snap_002241,prod_5158,wh_001,2025-08-31,215,22,193,13,83,supp_003,2025-07-24,227.38
snap_002242,prod_6331,wh_002,2025-09-03,461,29,432,45,195,supp_001,2025-08-21,71.84
snap_002243,prod_4982,wh_003,2025-08-31,428,43,385,76,119,supp_004,2025-09-07,953.72
snap_002244,prod_8148,wh_001,2025-08-20,202,8,194,48,109,supp_003,2025-08-29,379.93
snap_002245,prod_1026,wh_001,2025-08-17,462,8,454,50,69,supp_004,2025-07-30,976.4
snap_002246,prod_8094,wh_005,2025-08-30,298,30,268,33,109,supp_005,2025-07-18,931.86
snap_002247,prod_1569,wh_003,2025-09-10,293,31,262,84,74,supp_004,2025-08-14,786.81
snap_002248,prod_6017,wh_002,2025-09-14,2,20,0,79,123,supp_002,2025-08-16,472.04
snap_002249,prod_2985,wh_003,2025-08-29,204,6,198,32,88,supp_004,2025-07-28,362.71
snap_002250,prod_5598,wh_003,2025-08-24,140,50,90,61,65,supp_005,2025-09-14,31.71
snap_002251,prod_5478,wh_004,2025-08-21,459,40,419,62,75,supp_005,2025-07-18,9.03
snap_002252,prod_8099,wh_001,2025-09-10,50,19,31,25,63,supp_004,2025-08-06,405.94
snap_002253,prod_6559,wh_002,2025-08-29,248,25,223,89,68,supp_001,2025-08-28,235.01
snap_002254,prod_3912,wh_002,2025-09-08,4,7,0,22,61,supp_002,2025-07-22,873.58
snap_002255,prod_7139,wh_004,2025-09-08,6,30,0,63,134,supp_005,2025-07-31,621.75
snap_002256,prod_6033,wh_005,2025-09-07,353,49,304,35,116,supp_005,2025-08-05,361.77
snap_002257,prod_3499,wh_002,2025-09-07,170,14,156,48,114,supp_005,2025-09-10,717.99
snap_002258,prod_1519,wh_003,2025-09-03,316,13,303,29,58,supp_004,2025-08-10,564.0
snap_002259,prod_7644,wh_005,2025-09-06,117,19,98,98,129,supp_004,2025-07-25,224.66
snap_002260,prod_9163,wh_001,2025-08-31,359,25,334,43,97,supp_001,2025-07-27,401.08
snap_002261,prod_4256,wh_003,2025-08-31,324,13,311,45,149,supp_003,2025-09-12,181.83
snap_002262,prod_5528,wh_003,2025-08-28,373,43,330,86,161,supp_002,2025-08-26,618.87
snap_002263,prod_4539,wh_005,2025-08-23,375,36,339,76,183,supp_002,2025-08-09,669.45
snap_002264,prod_2328,wh_004,2025-09-10,34,38,0,81,75,supp_002,2025-08-13,810.55
snap_002265,prod_8226,wh_003,2025-09-02,255,15,240,95,159,supp_002,2025-09-15,225.09
snap_002266,prod_3007,wh_002,2025-09-02,204,25,179,64,146,supp_002,2025-09-02,731.53
snap_002267,prod_2818,wh_002,2025-09-01,165,16,149,45,115,supp_004,2025-07-23,471.69
snap_002268,prod_1157,wh_005,2025-09-09,42,13,29,51,76,supp_005,2025-08-06,819.27
snap_002269,prod_6856,wh_002,2025-09-02,158,21,137,38,86,supp_001,2025-09-14,337.55
snap_002270,prod_3206,wh_001,2025-09-11,457,32,425,43,63,supp_005,2025-08-30,651.16
snap_002271,prod_2298,wh_003,2025-08-18,427,24,403,81,116,supp_003,2025-09-02,995.59
snap_002272,prod_5253,wh_002,2025-09-01,132,28,104,89,173,supp_001,2025-08-27,29.34
snap_002273,prod_6232,wh_002,2025-09-07,188,16,172,98,51,supp_001,2025-08-05,112.45
snap_002274,prod_8948,wh_001,2025-09-01,49,30,19,90,119,supp_002,2025-08-12,616.3
snap_002275,prod_9189,wh_003,2025-09-13,456,36,420,34,80,supp_003,2025-08-04,300.48
snap_002276,prod_1592,wh_002,2025-09-08,467,14,453,18,71,supp_003,2025-08-03,743.75
snap_002277,prod_9047,wh_002,2025-08-28,465,21,444,56,192,supp_003,2025-07-30,50.63
snap_002278,prod_4665,wh_001,2025-09-07,30,36,0,11,91,supp_001,2025-07-24,49.27
snap_002279,prod_6142,wh_004,2025-09-08,47,38,9,93,51,supp_004,2025-08-18,874.28
snap_002280,prod_5390,wh_001,2025-09-07,13,16,0,94,147,supp_003,2025-08-17,121.62
snap_002281,prod_5937,wh_002,2025-08-17,99,39,60,33,128,supp_004,2025-09-07,377.72
snap_002282,prod_1818,wh_005,2025-09-04,22,50,0,29,78,supp_003,2025-09-01,965.42
snap_002283,prod_3194,wh_004,2025-08-28,169,33,136,44,151,supp_003,2025-09-08,222.16
snap_002284,prod_8984,wh_001,2025-09-04,389,27,362,53,118,supp_004,2025-09-03,402.45
snap_002285,prod_6245,wh_002,2025-09-04,428,29,399,57,92,supp_002,2025-07-22,150.27
snap_002286,prod_5919,wh_005,2025-09-10,27,16,11,31,106,supp_002,2025-07-23,161.25
snap_002287,prod_1070,wh_004,2025-09-05,403,11,392,35,86,supp_004,2025-08-20,713.21
snap_002288,prod_1598,wh_002,2025-09-10,230,26,204,51,98,supp_001,2025-09-13,706.3
snap_002289,prod_7046,wh_004,2025-09-13,314,2,312,92,82,supp_002,2025-08-15,267.76
snap_002290,prod_5749,wh_003,2025-09-06,61,8,53,40,147,supp_002,2025-07-30,849.26
snap_002291,prod_9511,wh_002,2025-09-13,85,50,35,99,155,supp_005,2025-08-30,186.58
snap_002292,prod_3768,wh_003,2025-08-25,161,11,150,12,156,supp_002,2025-08-30,508.33
snap_002293,prod_8094,wh_005,2025-09-10,249,44,205,42,162,supp_003,2025-08-18,691.21
snap_002294,prod_9067,wh_002,2025-09-01,387,28,359,19,186,supp_003,2025-08-08,255.29
snap_002295,prod_5571,wh_002,2025-08-17,304,43,261,33,73,supp_001,2025-07-24,177.82
snap_002296,prod_2523,wh_002,2025-08-30,431,47,384,16,73,supp_003,2025-07-29,886.73
snap_002297,prod_5436,wh_003,2025-08-18,26,38,0,19,74,supp_005,2025-08-15,264.71
snap_002298,prod_3507,wh_002,2025-08-25,437,13,424,75,168,supp_002,2025-08-12,431.09
snap_002299,prod_9059,wh_001,2025-08-31,196,33,163,37,63,supp_003,2025-08-16,926.14
snap_002300,prod_4266,wh_002,2025-08-29,227,20,207,52,102,supp_001,2025-08-25,915.18
snap_002301,prod_9690,wh_002,2025-09-05,321,14,307,95,175,supp_002,2025-09-09,957.61
snap_002302,prod_9228,wh_004,2025-09-03,363,31,332,81,80,supp_003,2025-08-07,662.06
snap_002303,prod_8692,wh_002,2025-08-17,246,9,237,19,62,supp_001,2025-08-25,457.97
snap_002304,prod_4321,wh_002,2025-09-04,464,2,462,74,159,supp_003,2025-08-08,345.67
snap_002305,prod_4929,wh_001,2025-08-21,221,5,216,79,73,supp_004,2025-09-10,634.41
snap_002306,prod_7480,wh_001,2025-08-22,253,3,250,28,120,supp_004,2025-07-30,98.06
snap_002307,prod_5593,wh_004,2025-09-09,410,12,398,77,114,supp_005,2025-08-02,997.25
snap_002308,prod_4424,wh_002,2025-08-20,222,42,180,69,59,supp_005,2025-08-25,965.6
snap_002309,prod_1137,wh_003,2025-09-10,187,23,164,53,200,supp_005,2025-07-26,345.64
snap_002310,prod_1345,wh_005,2025-08-31,240,8,232,21,170,supp_005,2025-08-07,73.45
snap_002311,prod_5193,wh_001,2025-09-13,201,21,180,10,62,supp_002,2025-09-01,810.87
snap_002312,prod_4325,wh_002,2025-08-20,120,29,91,39,153,supp_004,2025-09-14,667.22
snap_002313,prod_1222,wh_005,2025-08-17,152,7,145,14,78,supp_001,2025-09-14,721.52
snap_002314,prod_6724,wh_005,2025-09-15,60,39,21,59,116,supp_005,2025-08-10,91.78
snap_002315,prod_6083,wh_002,2025-08-30,174,18,156,72,138,supp_005,2025-07-21,826.93
snap_002316,prod_1312,wh_005,2025-09-12,458,21,437,30,50,supp_005,2025-08-27,138.57
snap_002317,prod_3176,wh_001,2025-09-08,407,45,362,71,96,supp_005,2025-08-10,528.97
snap_002318,prod_2127,wh_002,2025-09-14,85,21,64,29,199,supp_002,2025-07-28,79.26
snap_002319,prod_1938,wh_002,2025-09-11,97,36,61,75,88,supp_005,2025-07-26,456.01
snap_002320,prod_1666,wh_005,2025-09-12,25,17,8,51,136,supp_001,2025-08-13,515.64
snap_002321,prod_6295,wh_001,2025-08-24,436,14,422,72,143,supp_002,2025-08-06,356.92
snap_002322,prod_2456,wh_001,2025-08-24,424,23,401,11,69,supp_002,2025-09-01,562.63
snap_002323,prod_2688,wh_002,2025-09-04,493,47,446,87,53,supp_001,2025-07-25,725.77
snap_002324,prod_3651,wh_003,2025-09-02,170,25,145,87,118,supp_001,2025-08-19,305.76
snap_002325,prod_9247,wh_001,2025-08-20,63,14,49,60,200,supp_001,2025-07-24,228.77
snap_002326,prod_2144,wh_001,2025-08-20,30,26,4,83,199,supp_004,2025-09-14,774.34
snap_002327,prod_5285,wh_005,2025-08-26,12,49,0,92,109,supp_001,2025-08-11,123.04
snap_002328,prod_2255,wh_005,2025-08-25,421,47,374,14,75,supp_001,2025-09-03,129.55
snap_002329,prod_9246,wh_001,2025-09-14,237,38,199,54,175,supp_003,2025-08-20,782.54
snap_002330,prod_5917,wh_003,2025-09-05,117,16,101,40,130,supp_003,2025-08-25,781.81
snap_002331,prod_9663,wh_002,2025-09-15,3,33,0,66,87,supp_004,2025-07-31,986.62
snap_002332,prod_5687,wh_004,2025-09-12,451,31,420,25,134,supp_001,2025-09-14,614.98
snap_002333,prod_3481,wh_003,2025-09-08,131,4,127,54,99,supp_005,2025-08-01,354.95
snap_002334,prod_8751,wh_005,2025-09-14,159,35,124,30,134,supp_002,2025-09-02,111.8
snap_002335,prod_7837,wh_001,2025-09-15,86,12,74,46,78,supp_001,2025-08-23,623.9
snap_002336,prod_2330,wh_003,2025-09-05,28,28,0,26,191,supp_005,2025-08-09,536.91
snap_002337,prod_9941,wh_001,2025-09-10,2,6,0,78,157,supp_005,2025-08-22,599.57
snap_002338,prod_3211,wh_002,2025-09-13,230,41,189,84,86,supp_001,2025-08-29,356.6
snap_002339,prod_3640,wh_002,2025-08-24,435,21,414,62,58,supp_004,2025-07-25,906.88
snap_002340,prod_2718,wh_003,2025-09-05,281,19,262,14,110,supp_001,2025-08-31,816.56
snap_002341,prod_4467,wh_002,2025-08-26,174,18,156,72,121,supp_002,2025-09-11,602.39
snap_002342,prod_1878,wh_004,2025-08-26,359,29,330,89,188,supp_001,2025-08-13,567.82
snap_002343,prod_8459,wh_001,2025-09-13,252,24,228,12,174,supp_002,2025-08-27,345.2
snap_002344,prod_5878,wh_002,2025-09-05,441,39,402,82,116,supp_004,2025-09-14,780.61
snap_002345,prod_3288,wh_005,2025-08-29,142,31,111,11,107,supp_001,2025-09-15,668.94
snap_002346,prod_6020,wh_002,2025-08-29,9,4,5,68,130,supp_005,2025-08-07,257.01
snap_002347,prod_4855,wh_003,2025-08-28,411,21,390,29,177,supp_003,2025-08-10,192.58
snap_002348,prod_9281,wh_002,2025-08-26,54,26,28,61,79,supp_003,2025-07-29,337.76
snap_002349,prod_8349,wh_005,2025-09-05,489,10,479,11,104,supp_005,2025-08-19,184.07
snap_002350,prod_7037,wh_004,2025-08-27,115,13,102,99,128,supp_005,2025-08-11,652.79
snap_002351,prod_6827,wh_001,2025-08-27,198,6,192,92,189,supp_001,2025-08-05,642.98
snap_002352,prod_2381,wh_003,2025-08-24,344,42,302,80,177,supp_005,2025-08-06,382.36
snap_002353,prod_1822,wh_001,2025-09-04,300,49,251,71,85,supp_004,2025-09-04,176.02
snap_002354,prod_1651,wh_002,2025-09-07,497,15,482,98,198,supp_005,2025-07-22,7.09
snap_002355,prod_4423,wh_002,2025-08-23,463,39,424,59,84,supp_005,2025-08-17,185.45
snap_002356,prod_9811,wh_003,2025-09-08,171,10,161,70,191,supp_001,2025-08-07,473.81
snap_002357,prod_7354,wh_002,2025-09-10,427,10,417,61,114,supp_002,2025-08-31,288.13
snap_002358,prod_9465,wh_004,2025-08-26,413,27,386,24,94,supp_003,2025-07-20,211.8
snap_002359,prod_8237,wh_002,2025-09-09,353,25,328,73,108,supp_005,2025-09-11,908.94
snap_002360,prod_5244,wh_001,2025-09-06,315,4,311,92,67,supp_005,2025-08-06,16.33
snap_002361,prod_9875,wh_004,2025-09-11,416,39,377,36,174,supp_003,2025-08-23,341.97
snap_002362,prod_7350,wh_003,2025-09-10,46,38,8,91,123,supp_004,2025-08-03,379.97
snap_002363,prod_7132,wh_003,2025-09-10,295,31,264,15,153,supp_002,2025-08-19,703.17
snap_002364,prod_5048,wh_004,2025-09-15,379,39,340,70,55,supp_005,2025-09-04,494.01
snap_002365,prod_8920,wh_004,2025-08-24,84,39,45,74,54,supp_001,2025-08-08,659.05
snap_002366,prod_4488,wh_001,2025-09-03,36,27,9,40,99,supp_004,2025-08-18,789.9
snap_002367,prod_2643,wh_002,2025-09-02,116,8,108,66,104,supp_004,2025-08-25,834.04
snap_002368,prod_8794,wh_003,2025-09-14,308,31,277,58,99,supp_001,2025-09-15,190.63
snap_002369,prod_4461,wh_004,2025-08-29,305,6,299,61,103,supp_001,2025-08-20,44.43
snap_002370,prod_3200,wh_003,2025-08-31,453,26,427,33,120,supp_002,2025-08-31,309.8
snap_002371,prod_5384,wh_004,2025-09-08,120,35,85,76,97,supp_003,2025-08-31,586.7
snap_002372,prod_5047,wh_005,2025-09-04,228,4,224,45,56,supp_003,2025-08-02,703.15
snap_002373,prod_2644,wh_001,2025-08-18,496,3,493,93,97,supp_005,2025-09-03,638.47
snap_002374,prod_6080,wh_005,2025-08-24,73,15,58,94,195,supp_002,2025-08-28,990.6
snap_002375,prod_4132,wh_004,2025-08-22,134,21,113,21,97,supp_001,2025-08-13,899.21
snap_002376,prod_7101,wh_003,2025-08-29,290,38,252,80,141,supp_002,2025-09-02,131.31
snap_002377,prod_9328,wh_001,2025-09-02,347,32,315,98,145,supp_001,2025-09-08,629.22
snap_002378,prod_8568,wh_004,2025-09-01,318,45,273,53,91,supp_003,2025-09-02,646.7
snap_002379,prod_2789,wh_001,2025-09-06,179,29,150,70,162,supp_004,2025-07-30,465.15
snap_002380,prod_8090,wh_003,2025-08-30,453,35,418,73,112,supp_001,2025-09-15,755.52
snap_002381,prod_5013,wh_005,2025-08-30,388,31,357,83,167,supp_004,2025-09-07,904.12
snap_002382,prod_9250,wh_003,2025-09-08,36,27,9,98,117,supp_003,2025-08-06,323.68
snap_002383,prod_6057,wh_004,2025-08-24,295,25,270,87,108,supp_003,2025-09-09,162.41
snap_002384,prod_8999,wh_003,2025-08-27,404,33,371,64,190,supp_005,2025-08-30,964.68
snap_002385,prod_7774,wh_002,2025-08-26,323,21,302,20,189,supp_001,2025-09-04,695.8
snap_002386,prod_9209,wh_001,2025-09-14,455,17,438,33,138,supp_004,2025-07-29,865.71
snap_002387,prod_2712,wh_003,2025-09-02,63,29,34,83,150,supp_005,2025-08-05,222.25
snap_002388,prod_8363,wh_005,2025-09-06,188,47,141,12,179,supp_003,2025-09-10,355.43
snap_002389,prod_3906,wh_002,2025-08-30,209,42,167,10,101,supp_005,2025-09-14,590.56
snap_002390,prod_1817,wh_005,2025-09-03,246,25,221,95,175,supp_002,2025-08-25,97.78
snap_002391,prod_7196,wh_005,2025-08-29,173,0,173,17,130,supp_005,2025-08-30,462.25
snap_002392,prod_6323,wh_003,2025-09-15,381,6,375,93,184,supp_004,2025-08-26,944.71
snap_002393,prod_4374,wh_001,2025-09-12,419,0,419,92,137,supp_002,2025-09-13,26.63
snap_002394,prod_2772,wh_002,2025-08-30,58,20,38,70,54,supp_001,2025-08-26,246.12
snap_002395,prod_9804,wh_001,2025-09-08,146,35,111,93,99,supp_003,2025-08-22,646.08
snap_002396,prod_5373,wh_004,2025-08-23,473,12,461,51,103,supp_001,2025-09-15,952.26
snap_002397,prod_9148,wh_001,2025-08-27,49,21,28,26,119,supp_003,2025-08-13,249.91
snap_002398,prod_7885,wh_004,2025-08-28,186,39,147,58,126,supp_005,2025-08-23,383.14
snap_002399,prod_6375,wh_003,2025-09-06,490,40,450,44,97,supp_003,2025-08-24,359.85
snap_002400,prod_2196,wh_002,2025-08-22,456,28,428,97,135,supp_001,2025-09-04,537.9
snap_002401,prod_5209,wh_003,2025-09-14,183,13,170,66,180,supp_001,2025-08-16,412.61
snap_002402,prod_8222,wh_002,2025-09-05,117,45,72,28,143,supp_001,2025-07-20,996.34
snap_002403,prod_4343,wh_002,2025-09-09,100,44,56,19,98,supp_002,2025-09-03,752.67
snap_002404,prod_7686,wh_004,2025-08-18,112,42,70,37,80,supp_002,2025-08-20,485.87
snap_002405,prod_7282,wh_003,2025-09-13,191,20,171,11,73,supp_001,2025-08-03,382.94
snap_002406,prod_2403,wh_005,2025-08-31,55,3,52,50,131,supp_003,2025-08-24,584.41
snap_002407,prod_1720,wh_003,2025-08-21,79,23,56,14,149,supp_005,2025-08-19,210.98
snap_002408,prod_1585,wh_002,2025-09-06,169,44,125,82,140,supp_003,2025-09-03,496.4
snap_002409,prod_5279,wh_004,2025-09-10,253,1,252,37,57,supp_001,2025-07-28,952.91
snap_002410,prod_6887,wh_002,2025-08-27,188,15,173,16,172,supp_001,2025-08-12,395.47
snap_002411,prod_9842,wh_005,2025-09-05,75,10,65,77,87,supp_001,2025-07-24,991.34
snap_002412,prod_2277,wh_001,2025-08-27,234,25,209,22,94,supp_005,2025-09-11,725.89
snap_002413,prod_1889,wh_002,2025-08-21,226,45,181,94,114,supp_003,2025-08-14,904.62
snap_002414,prod_3109,wh_003,2025-09-03,376,46,330,40,180,supp_004,2025-07-31,920.79
snap_002415,prod_6705,wh_002,2025-09-03,403,41,362,39,120,supp_003,2025-09-07,869.07
snap_002416,prod_3838,wh_004,2025-09-11,260,43,217,84,192,supp_003,2025-09-08,787.88
snap_002417,prod_2970,wh_005,2025-09-10,279,10,269,86,84,supp_003,2025-09-05,296.0
snap_002418,prod_5069,wh_002,2025-08-27,120,14,106,97,99,supp_003,2025-09-10,489.14
snap_002419,prod_5201,wh_004,2025-08-17,293,49,244,32,62,supp_002,2025-09-10,192.4
snap_002420,prod_6908,wh_005,2025-08-28,401,31,370,73,91,supp_004,2025-07-24,460.63
snap_002421,prod_6368,wh_001,2025-09-09,205,8,197,20,184,supp_004,2025-08-28,638.47
snap_002422,prod_9071,wh_001,2025-09-05,235,46,189,16,65,supp_001,2025-08-09,985.3
snap_002423,prod_3671,wh_003,2025-08-29,226,35,191,80,93,supp_001,2025-08-14,732.56
snap_002424,prod_3137,wh_002,2025-09-15,227,2,225,98,110,supp_001,2025-08-30,783.23
snap_002425,prod_8054,wh_003,2025-09-09,89,34,55,42,92,supp_004,2025-09-01,251.45
snap_002426,prod_3510,wh_003,2025-09-15,351,34,317,21,70,supp_004,2025-09-01,745.83
snap_002427,prod_2176,wh_003,2025-09-08,192,18,174,55,196,supp_005,2025-08-28,838.21
snap_002428,prod_3127,wh_002,2025-09-07,102,42,60,36,139,supp_005,2025-09-08,661.5
snap_002429,prod_3609,wh_003,2025-09-06,253,39,214,69,52,supp_003,2025-08-31,485.76
snap_002430,prod_4034,wh_001,2025-09-11,115,2,113,78,88,supp_005,2025-07-21,125.59
snap_002431,prod_1739,wh_001,2025-08-20,154,33,121,77,164,supp_003,2025-08-04,226.71
snap_002432,prod_3265,wh_001,2025-08-24,437,39,398,74,66,supp_001,2025-08-20,571.2
snap_002433,prod_9067,wh_002,2025-09-10,170,29,141,42,152,supp_004,2025-09-14,315.45
snap_002434,prod_8537,wh_002,2025-09-12,80,3,77,38,144,supp_005,2025-07-25,423.66
snap_002435,prod_1301,wh_004,2025-09-15,184,21,163,36,57,supp_003,2025-07-20,886.24
snap_002436,prod_5194,wh_004,2025-08-29,348,2,346,29,130,supp_003,2025-08-25,719.62
snap_002437,prod_2819,wh_003,2025-09-10,127,35,92,84,127,supp_005,2025-07-19,969.58
snap_002438,prod_1179,wh_001,2025-08-24,311,8,303,44,63,supp_001,2025-08-23,173.92
snap_002439,prod_2898,wh_002,2025-09-10,12,39,0,93,83,supp_004,2025-08-19,846.03
snap_002440,prod_3209,wh_004,2025-09-06,367,8,359,88,132,supp_002,2025-09-02,129.49
snap_002441,prod_9398,wh_001,2025-08-30,334,25,309,60,163,supp_002,2025-07-18,799.69
snap_002442,prod_1838,wh_005,2025-09-01,251,45,206,98,186,supp_004,2025-09-05,321.05
snap_002443,prod_3060,wh_001,2025-09-02,37,11,26,95,78,supp_003,2025-07-28,799.75
snap_002444,prod_9645,wh_005,2025-08-29,429,32,397,90,142,supp_005,2025-09-08,501.5
snap_002445,prod_7584,wh_001,2025-09-08,172,0,172,29,121,supp_004,2025-08-14,207.01
snap_002446,prod_1046,wh_003,2025-08-27,191,2,189,23,125,supp_004,2025-07-19,407.01
snap_002447,prod_4930,wh_001,2025-09-07,5,45,0,74,167,supp_002,2025-08-03,375.31
snap_002448,prod_2176,wh_002,2025-09-07,176,5,171,61,52,supp_003,2025-09-10,696.1
snap_002449,prod_9105,wh_001,2025-09-08,120,5,115,38,160,supp_001,2025-08-31,285.69
snap_002450,prod_2833,wh_002,2025-08-19,308,35,273,20,192,supp_003,2025-07-29,109.94
snap_002451,prod_6304,wh_001,2025-08-30,136,6,130,96,185,supp_003,2025-09-07,355.24
snap_002452,prod_7416,wh_004,2025-08-18,171,27,144,71,142,supp_002,2025-08-06,236.08
snap_002453,prod_8549,wh_002,2025-08-19,270,2,268,53,110,supp_005,2025-08-11,863.89
snap_002454,prod_9836,wh_002,2025-09-06,417,40,377,33,75,supp_005,2025-08-11,424.43
snap_002455,prod_1182,wh_001,2025-08-18,332,19,313,81,186,supp_005,2025-08-31,440.29
snap_002456,prod_4266,wh_002,2025-08-17,71,29,42,62,85,supp_001,2025-08-04,941.92
snap_002457,prod_7237,wh_003,2025-09-08,236,38,198,97,103,supp_003,2025-07-21,239.59
snap_002458,prod_5020,wh_005,2025-08-28,94,23,71,10,68,supp_003,2025-08-22,61.2
snap_002459,prod_4102,wh_001,2025-08-27,263,38,225,41,63,supp_005,2025-09-06,458.49
snap_002460,prod_3197,wh_002,2025-09-13,17,39,0,37,199,supp_005,2025-08-23,443.58
snap_002461,prod_3623,wh_005,2025-08-26,17,3,14,45,97,supp_002,2025-08-15,507.19
snap_002462,prod_7858,wh_002,2025-08-27,136,23,113,79,115,supp_005,2025-07-28,697.97
snap_002463,prod_9295,wh_004,2025-08-31,333,8,325,76,117,supp_002,2025-08-17,727.83
snap_002464,prod_1275,wh_002,2025-08-27,34,10,24,44,114,supp_003,2025-08-11,671.62
snap_002465,prod_9665,wh_005,2025-09-11,13,45,0,31,53,supp_005,2025-07-23,340.52
snap_002466,prod_5037,wh_001,2025-09-13,416,3,413,33,154,supp_004,2025-08-23,406.19
snap_002467,prod_3596,wh_004,2025-09-02,496,10,486,26,122,supp_002,2025-09-12,727.23
snap_002468,prod_3777,wh_001,2025-08-21,270,29,241,27,57,supp_001,2025-08-24,670.13
snap_002469,prod_4782,wh_001,2025-09-07,391,8,383,69,71,supp_005,2025-09-13,569.91
snap_002470,prod_8915,wh_003,2025-09-08,66,26,40,68,84,supp_004,2025-08-31,334.36
snap_002471,prod_2032,wh_001,2025-08-23,55,31,24,33,193,supp_003,2025-09-12,925.82
snap_002472,prod_8419,wh_005,2025-09-11,495,33,462,66,66,supp_002,2025-08-17,968.85
snap_002473,prod_5828,wh_002,2025-08-22,263,36,227,72,112,supp_005,2025-08-24,845.49
snap_002474,prod_5449,wh_003,2025-08-31,365,47,318,74,109,supp_001,2025-08-21,200.47
snap_002475,prod_9849,wh_005,2025-08-17,311,44,267,90,65,supp_004,2025-08-27,739.88
snap_002476,prod_1498,wh_005,2025-09-10,364,10,354,19,155,supp_005,2025-07-19,760.93
snap_002477,prod_9813,wh_001,2025-09-09,78,40,38,53,137,supp_004,2025-08-10,654.31
snap_002478,prod_3326,wh_003,2025-09-15,447,50,397,70,85,supp_005,2025-08-12,479.29
snap_002479,prod_4183,wh_003,2025-09-06,90,46,44,82,52,supp_004,2025-08-16,671.44
snap_002480,prod_7034,wh_001,2025-08-24,403,36,367,54,124,supp_005,2025-08-19,736.33
snap_002481,prod_9669,wh_001,2025-08-26,409,32,377,79,153,supp_005,2025-08-07,923.01
snap_002482,prod_3324,wh_003,2025-09-02,379,27,352,54,179,supp_004,2025-08-19,361.93
snap_002483,prod_1562,wh_002,2025-09-03,394,35,359,16,151,supp_004,2025-08-05,929.31
snap_002484,prod_4099,wh_005,2025-08-19,256,14,242,22,84,supp_005,2025-08-23,529.59
snap_002485,prod_1167,wh_004,2025-09-05,33,43,0,65,146,supp_001,2025-07-27,735.83
snap_002486,prod_1354,wh_002,2025-08-25,205,30,175,75,168,supp_002,2025-09-05,904.59
snap_002487,prod_5638,wh_001,2025-09-07,191,45,146,66,79,supp_002,2025-08-20,532.6
snap_002488,prod_8202,wh_003,2025-08-26,411,44,367,22,125,supp_001,2025-09-03,69.98
snap_002489,prod_4609,wh_002,2025-08-17,145,35,110,59,80,supp_002,2025-08-26,874.38
snap_002490,prod_5625,wh_005,2025-08-29,175,19,156,81,153,supp_002,2025-07-27,604.88
snap_002491,prod_8357,wh_003,2025-08-17,356,3,353,17,122,supp_005,2025-09-02,752.41
snap_002492,prod_9313,wh_001,2025-08-30,375,19,356,74,161,supp_003,2025-07-19,831.64
snap_002493,prod_5350,wh_002,2025-09-12,312,48,264,49,81,supp_002,2025-07-19,956.54
snap_002494,prod_3697,wh_004,2025-08-18,117,35,82,61,50,supp_001,2025-08-03,487.13
snap_002495,prod_2688,wh_004,2025-09-08,253,45,208,100,134,supp_005,2025-07-19,8.14
snap_002496,prod_2484,wh_005,2025-09-03,374,29,345,86,97,supp_002,2025-08-09,125.74
snap_002497,prod_4919,wh_002,2025-08-17,464,29,435,24,194,supp_004,2025-08-11,809.3
snap_002498,prod_8657,wh_001,2025-08-18,449,11,438,100,150,supp_001,2025-09-05,937.75
snap_002499,prod_5491,wh_003,2025-09-01,142,16,126,66,174,supp_005,2025-07-19,139.3
snap_002500,prod_7337,wh_001,2025-08-26,6,3,3,61,108,supp_001,2025-08-04,815.27
snap_002501,prod_2549,wh_001,2025-09-03,220,6,214,76,149,supp_004,2025-09-08,573.63
snap_002502,prod_2647,wh_003,2025-09-07,496,27,469,65,93,supp_004,2025-07-22,240.82
snap_002503,prod_8053,wh_005,2025-09-08,210,6,204,51,57,supp_003,2025-07-30,791.37
snap_002504,prod_6601,wh_001,2025-08-18,419,30,389,59,64,supp_003,2025-07-23,7.42
snap_002505,prod_1823,wh_005,2025-09-10,6,26,0,73,160,supp_004,2025-09-10,558.03
snap_002506,prod_4622,wh_002,2025-09-07,15,14,1,12,184,supp_003,2025-09-05,746.95
snap_002507,prod_5681,wh_005,2025-09-02,378,30,348,99,116,supp_002,2025-07-19,605.94
snap_002508,prod_3269,wh_005,2025-09-09,445,11,434,39,154,supp_001,2025-08-23,231.18
snap_002509,prod_4185,wh_004,2025-08-22,268,0,268,42,166,supp_001,2025-07-20,427.32
snap_002510,prod_5687,wh_003,2025-08-26,352,3,349,57,197,supp_001,2025-09-13,766.97
snap_002511,prod_7375,wh_002,2025-09-10,1,19,0,10,116,supp_004,2025-09-09,216.6
snap_002512,prod_5194,wh_003,2025-08-20,129,46,83,35,69,supp_004,2025-07-29,527.94
snap_002513,prod_6131,wh_003,2025-09-01,314,45,269,13,61,supp_001,2025-08-30,66.83
snap_002514,prod_5766,wh_002,2025-09-02,29,10,19,51,69,supp_002,2025-07-25,433.8
snap_002515,prod_6055,wh_002,2025-08-28,478,1,477,81,51,supp_002,2025-08-02,445.26
snap_002516,prod_8220,wh_001,2025-08-24,304,32,272,99,184,supp_005,2025-09-09,123.35
snap_002517,prod_6894,wh_004,2025-08-27,393,1,392,35,151,supp_005,2025-09-03,182.03
snap_002518,prod_6781,wh_004,2025-09-05,100,12,88,81,125,supp_003,2025-08-24,426.43
snap_002519,prod_9385,wh_005,2025-08-23,359,16,343,10,175,supp_001,2025-08-16,626.63
snap_002520,prod_8336,wh_005,2025-08-29,380,26,354,33,162,supp_004,2025-07-22,557.4
snap_002521,prod_4044,wh_003,2025-09-13,151,20,131,67,125,supp_004,2025-07-30,46.36
snap_002522,prod_7849,wh_001,2025-08-27,15,32,0,78,143,supp_004,2025-07-27,848.17
snap_002523,prod_5658,wh_003,2025-08-19,47,41,6,53,160,supp_001,2025-07-28,866.79
snap_002524,prod_6923,wh_005,2025-08-28,167,16,151,55,153,supp_002,2025-08-08,193.43
snap_002525,prod_9850,wh_001,2025-08-19,375,15,360,13,53,supp_001,2025-08-27,407.7
snap_002526,prod_7102,wh_005,2025-08-19,458,10,448,32,72,supp_003,2025-09-13,632.17
snap_002527,prod_7392,wh_001,2025-08-25,409,47,362,93,169,supp_002,2025-09-12,832.19
snap_002528,prod_7713,wh_004,2025-08-26,207,38,169,66,102,supp_004,2025-08-10,197.64
snap_002529,prod_4260,wh_001,2025-09-01,372,7,365,80,139,supp_005,2025-07-19,268.02
snap_002530,prod_8227,wh_001,2025-09-11,334,19,315,87,69,supp_002,2025-07-31,983.32
snap_002531,prod_4663,wh_002,2025-08-17,393,2,391,74,129,supp_004,2025-08-03,585.06
snap_002532,prod_2246,wh_002,2025-08-25,493,27,466,39,149,supp_005,2025-09-03,518.18
snap_002533,prod_5481,wh_003,2025-09-06,401,36,365,92,149,supp_004,2025-08-02,114.02
snap_002534,prod_3671,wh_001,2025-09-03,391,31,360,29,82,supp_004,2025-07-22,21.42
snap_002535,prod_4283,wh_004,2025-09-02,316,45,271,90,121,supp_001,2025-09-06,73.53
snap_002536,prod_8595,wh_003,2025-09-05,337,1,336,60,87,supp_003,2025-07-24,993.21
snap_002537,prod_7790,wh_001,2025-08-27,404,29,375,74,111,supp_005,2025-07-20,855.57
snap_002538,prod_5210,wh_003,2025-08-28,8,10,0,86,65,supp_003,2025-08-05,190.12
snap_002539,prod_8442,wh_002,2025-08-30,434,32,402,12,63,supp_003,2025-07-29,668.26
snap_002540,prod_2950,wh_001,2025-09-07,92,23,69,17,70,supp_002,2025-08-09,982.87
snap_002541,prod_2631,wh_001,2025-09-08,106,1,105,86,128,supp_004,2025-08-08,279.8
snap_002542,prod_8580,wh_004,2025-09-06,489,47,442,62,99,supp_003,2025-09-14,164.0
snap_002543,prod_5352,wh_002,2025-08-28,418,41,377,100,148,supp_003,2025-07-30,481.76
snap_002544,prod_2738,wh_005,2025-08-20,69,50,19,34,142,supp_003,2025-08-08,470.76
snap_002545,prod_4539,wh_004,2025-09-06,151,7,144,66,107,supp_002,2025-09-01,948.02
snap_002546,prod_6596,wh_002,2025-08-19,402,12,390,66,82,supp_001,2025-07-27,810.13
snap_002547,prod_8970,wh_005,2025-08-22,155,9,146,100,132,supp_005,2025-08-02,131.46
snap_002548,prod_8856,wh_004,2025-09-09,197,14,183,99,111,supp_001,2025-08-24,317.74
snap_002549,prod_6849,wh_005,2025-09-01,162,33,129,41,148,supp_004,2025-08-04,836.48
snap_002550,prod_7884,wh_003,2025-09-15,415,46,369,17,128,supp_002,2025-07-19,358.68
snap_002551,prod_7627,wh_005,2025-08-31,239,43,196,25,117,supp_001,2025-07-26,250.87
snap_002552,prod_7226,wh_005,2025-08-24,499,13,486,91,126,supp_001,2025-08-30,813.42
snap_002553,prod_4545,wh_001,2025-08-31,280,6,274,84,73,supp_003,2025-08-21,79.93
snap_002554,prod_5267,wh_004,2025-08-31,299,35,264,99,60,supp_002,2025-07-31,659.75
snap_002555,prod_6324,wh_005,2025-09-04,266,3,263,93,161,supp_002,2025-08-02,166.25
snap_002556,prod_5821,wh_003,2025-08-19,293,22,271,85,111,supp_001,2025-09-10,80.77
snap_002557,prod_5446,wh_002,2025-08-19,500,31,469,63,149,supp_002,2025-08-16,878.59
snap_002558,prod_4259,wh_002,2025-08-17,454,15,439,26,65,supp_003,2025-08-31,561.99
snap_002559,prod_7035,wh_001,2025-08-19,113,21,92,56,58,supp_001,2025-07-24,92.6
snap_002560,prod_6860,wh_003,2025-08-31,12,16,0,72,81,supp_004,2025-07-27,253.52
snap_002561,prod_5494,wh_003,2025-08-28,421,18,403,34,191,supp_002,2025-08-17,211.4
snap_002562,prod_5296,wh_001,2025-09-01,326,29,297,98,71,supp_002,2025-08-31,573.79
snap_002563,prod_8827,wh_005,2025-08-29,197,47,150,81,72,supp_001,2025-09-12,64.81
snap_002564,prod_3662,wh_005,2025-08-30,253,20,233,66,75,supp_003,2025-07-28,78.94
snap_002565,prod_7391,wh_002,2025-08-30,487,37,450,53,190,supp_003,2025-08-03,508.72
snap_002566,prod_1512,wh_001,2025-08-25,300,50,250,26,131,supp_001,2025-08-29,751.62
snap_002567,prod_4596,wh_001,2025-09-08,128,43,85,82,59,supp_005,2025-09-02,916.77
snap_002568,prod_2120,wh_002,2025-08-20,173,49,124,80,200,supp_004,2025-07-30,113.12
snap_002569,prod_9794,wh_002,2025-09-14,267,25,242,93,134,supp_001,2025-08-20,740.74
snap_002570,prod_8632,wh_002,2025-09-11,452,42,410,62,111,supp_005,2025-09-09,731.36
snap_002571,prod_4338,wh_003,2025-09-10,439,26,413,52,57,supp_004,2025-09-02,311.37
snap_002572,prod_3199,wh_002,2025-09-11,244,21,223,21,87,supp_002,2025-07-27,178.75
snap_002573,prod_7790,wh_003,2025-09-05,141,38,103,75,139,supp_005,2025-08-26,198.84
snap_002574,prod_1278,wh_003,2025-09-05,231,26,205,55,168,supp_002,2025-08-18,387.2
snap_002575,prod_9038,wh_003,2025-08-25,363,25,338,50,65,supp_001,2025-09-05,807.19
snap_002576,prod_5373,wh_002,2025-08-28,188,46,142,27,171,supp_002,2025-07-31,136.02
snap_002577,prod_7116,wh_001,2025-08-22,133,44,89,90,51,supp_001,2025-08-27,624.25
snap_002578,prod_3876,wh_001,2025-09-11,82,6,76,63,145,supp_004,2025-08-11,532.3
snap_002579,prod_3258,wh_001,2025-08-30,22,13,9,96,97,supp_001,2025-07-20,440.38
snap_002580,prod_1723,wh_003,2025-08-29,417,11,406,84,110,supp_002,2025-08-06,671.01
snap_002581,prod_6916,wh_001,2025-09-03,8,25,0,85,78,supp_004,2025-08-02,943.19
snap_002582,prod_2482,wh_002,2025-09-12,447,40,407,35,198,supp_003,2025-08-04,728.37
snap_002583,prod_5861,wh_002,2025-08-26,424,17,407,36,141,supp_005,2025-08-07,849.13
snap_002584,prod_2958,wh_001,2025-09-14,170,16,154,85,166,supp_004,2025-09-04,648.79
snap_002585,prod_6655,wh_002,2025-09-07,282,29,253,85,171,supp_005,2025-08-07,101.1
snap_002586,prod_2073,wh_003,2025-08-18,293,43,250,67,133,supp_003,2025-08-03,351.33
snap_002587,prod_2226,wh_002,2025-08-31,493,45,448,94,186,supp_002,2025-08-12,266.69
snap_002588,prod_9810,wh_002,2025-09-01,193,45,148,50,158,supp_004,2025-07-22,390.1
snap_002589,prod_6391,wh_005,2025-09-04,178,41,137,43,92,supp_001,2025-09-06,789.84
snap_002590,prod_1482,wh_001,2025-08-20,288,25,263,64,176,supp_004,2025-09-05,372.8
snap_002591,prod_4661,wh_005,2025-08-17,205,16,189,47,104,supp_002,2025-09-02,565.91
snap_002592,prod_6591,wh_002,2025-09-02,211,41,170,79,153,supp_004,2025-08-28,481.76
snap_002593,prod_1765,wh_004,2025-09-13,366,28,338,54,57,supp_004,2025-08-25,627.39
snap_002594,prod_8225,wh_001,2025-09-11,220,9,211,17,108,supp_005,2025-08-14,689.68
snap_002595,prod_4751,wh_001,2025-08-18,314,36,278,67,66,supp_002,2025-08-28,216.31
snap_002596,prod_7579,wh_004,2025-09-05,99,49,50,39,133,supp_005,2025-07-25,963.14
snap_002597,prod_6940,wh_003,2025-08-22,224,38,186,38,98,supp_003,2025-08-16,926.43
snap_002598,prod_4336,wh_002,2025-09-05,320,26,294,22,96,supp_004,2025-08-29,718.16
snap_002599,prod_8485,wh_003,2025-08-22,60,23,37,34,88,supp_001,2025-08-06,482.85
snap_002600,prod_2036,wh_002,2025-09-09,370,50,320,61,186,supp_002,2025-08-22,403.71
snap_002601,prod_4542,wh_001,2025-08-28,12,49,0,81,200,supp_002,2025-08-08,563.93
snap_002602,prod_7521,wh_004,2025-09-12,227,31,196,73,173,supp_002,2025-07-21,884.11
snap_002603,prod_5682,wh_002,2025-08-21,388,17,371,25,172,supp_001,2025-08-21,253.91
snap_002604,prod_2819,wh_002,2025-09-01,127,21,106,11,163,supp_003,2025-09-13,871.22
snap_002605,prod_7709,wh_005,2025-08-25,31,14,17,99,130,supp_001,2025-08-23,497.61
snap_002606,prod_8129,wh_004,2025-08-27,148,27,121,52,195,supp_003,2025-08-11,266.01
snap_002607,prod_7410,wh_001,2025-09-01,69,21,48,93,197,supp_003,2025-07-25,820.07
snap_002608,prod_5026,wh_001,2025-08-28,373,29,344,58,81,supp_002,2025-08-04,341.48
snap_002609,prod_7463,wh_002,2025-08-23,238,14,224,40,193,supp_003,2025-09-06,358.76
snap_002610,prod_7807,wh_005,2025-09-07,129,29,100,44,135,supp_004,2025-08-23,943.52
snap_002611,prod_9976,wh_003,2025-09-15,463,23,440,14,184,supp_004,2025-09-04,831.34
snap_002612,prod_8474,wh_004,2025-09-04,360,14,346,50,155,supp_001,2025-09-12,195.94
snap_002613,prod_2678,wh_001,2025-09-15,50,33,17,58,110,supp_005,2025-09-09,887.98
snap_002614,prod_2777,wh_002,2025-09-02,16,33,0,77,125,supp_001,2025-09-01,732.36
snap_002615,prod_2665,wh_004,2025-08-26,327,23,304,65,77,supp_005,2025-08-25,839.26
snap_002616,prod_8031,wh_002,2025-09-09,236,37,199,66,160,supp_005,2025-07-28,463.88
snap_002617,prod_2404,wh_001,2025-08-21,407,47,360,26,136,supp_003,2025-08-13,998.2
snap_002618,prod_1147,wh_002,2025-09-04,337,41,296,31,148,supp_005,2025-07-30,773.22
snap_002619,prod_1410,wh_003,2025-09-06,189,13,176,39,63,supp_002,2025-09-06,554.62
snap_002620,prod_7926,wh_001,2025-09-07,377,48,329,68,94,supp_004,2025-09-03,388.18
snap_002621,prod_4120,wh_004,2025-08-20,376,50,326,86,102,supp_002,2025-08-14,942.34
snap_002622,prod_8675,wh_003,2025-08-17,451,2,449,33,88,supp_002,2025-08-15,485.32
snap_002623,prod_1302,wh_002,2025-09-12,145,4,141,67,95,supp_005,2025-07-26,729.24
snap_002624,prod_1618,wh_001,2025-08-27,237,25,212,63,83,supp_001,2025-07-25,588.39
snap_002625,prod_4943,wh_003,2025-09-08,450,1,449,52,110,supp_003,2025-08-21,494.36
snap_002626,prod_4542,wh_002,2025-09-01,115,45,70,55,195,supp_001,2025-08-17,164.85
snap_002627,prod_6522,wh_003,2025-08-23,175,14,161,63,85,supp_004,2025-08-16,346.62
snap_002628,prod_6357,wh_002,2025-08-29,448,35,413,90,74,supp_005,2025-07-30,755.64
snap_002629,prod_5742,wh_004,2025-09-12,403,12,391,59,148,supp_004,2025-08-30,174.14
snap_002630,prod_2626,wh_001,2025-09-03,140,25,115,45,106,supp_005,2025-08-26,342.45
snap_002631,prod_8948,wh_005,2025-09-12,133,50,83,25,128,supp_004,2025-07-30,42.12
snap_002632,prod_8693,wh_005,2025-09-03,311,14,297,88,61,supp_005,2025-07-24,156.28
snap_002633,prod_8702,wh_001,2025-09-01,363,6,357,73,151,supp_004,2025-09-04,153.5
snap_002634,prod_1443,wh_005,2025-09-09,120,28,92,89,87,supp_003,2025-09-11,44.53
snap_002635,prod_4163,wh_004,2025-08-28,457,18,439,59,52,supp_003,2025-08-23,576.42
snap_002636,prod_3266,wh_005,2025-09-10,28,35,0,83,112,supp_002,2025-08-03,848.95
snap_002637,prod_7077,wh_002,2025-08-18,294,10,284,96,98,supp_003,2025-07-23,169.21
snap_002638,prod_8200,wh_004,2025-09-01,193,27,166,89,181,supp_004,2025-08-22,828.53
snap_002639,prod_2201,wh_004,2025-09-14,333,8,325,61,158,supp_004,2025-08-04,782.17
snap_002640,prod_2231,wh_001,2025-09-04,65,34,31,90,83,supp_005,2025-07-22,442.96
snap_002641,prod_3001,wh_002,2025-09-05,422,20,402,21,108,supp_004,2025-08-15,344.2
snap_002642,prod_7552,wh_005,2025-08-31,373,20,353,82,100,supp_002,2025-08-15,946.41
snap_002643,prod_5924,wh_002,2025-08-21,210,42,168,53,57,supp_005,2025-08-23,29.83
snap_002644,prod_1549,wh_002,2025-09-02,461,29,432,62,166,supp_003,2025-09-11,636.65
snap_002645,prod_7863,wh_005,2025-09-02,146,12,134,47,65,supp_001,2025-07-24,305.3
snap_002646,prod_8668,wh_001,2025-08-29,32,33,0,80,149,supp_005,2025-07-30,503.57
snap_002647,prod_9229,wh_003,2025-08-24,472,11,461,16,55,supp_004,2025-09-14,916.96
snap_002648,prod_9721,wh_005,2025-09-12,149,47,102,29,183,supp_005,2025-07-30,546.69
snap_002649,prod_3999,wh_004,2025-09-02,8,13,0,92,139,supp_002,2025-08-31,822.08
snap_002650,prod_7278,wh_005,2025-08-18,483,8,475,26,163,supp_002,2025-07-28,917.1
snap_002651,prod_1429,wh_005,2025-09-03,239,10,229,51,79,supp_004,2025-08-10,444.64
snap_002652,prod_2086,wh_002,2025-08-28,13,0,13,16,150,supp_001,2025-08-21,696.02
snap_002653,prod_4025,wh_002,2025-09-07,346,5,341,68,57,supp_001,2025-07-23,225.38
snap_002654,prod_9481,wh_003,2025-09-13,82,40,42,60,90,supp_001,2025-07-19,268.75
snap_002655,prod_7283,wh_002,2025-09-06,157,14,143,19,104,supp_003,2025-09-03,297.25
snap_002656,prod_5795,wh_003,2025-08-26,464,41,423,23,154,supp_005,2025-08-06,964.65
snap_002657,prod_1861,wh_003,2025-08-18,319,42,277,14,99,supp_004,2025-08-27,572.93
snap_002658,prod_9185,wh_004,2025-09-14,271,43,228,56,99,supp_004,2025-07-30,340.86
snap_002659,prod_6659,wh_001,2025-09-06,296,38,258,82,194,supp_004,2025-08-09,323.44
snap_002660,prod_1966,wh_005,2025-09-08,51,37,14,57,149,supp_002,2025-09-08,277.89
snap_002661,prod_5584,wh_005,2025-08-18,27,9,18,88,151,supp_004,2025-09-08,642.44
snap_002662,prod_2508,wh_005,2025-08-18,481,48,433,35,148,supp_004,2025-08-29,779.17
snap_002663,prod_3108,wh_005,2025-08-25,25,34,0,17,131,supp_005,2025-07-18,752.26
snap_002664,prod_4520,wh_002,2025-08-31,113,46,67,100,135,supp_004,2025-09-15,263.25
snap_002665,prod_2659,wh_003,2025-08-29,499,43,456,69,54,supp_002,2025-07-26,390.13
snap_002666,prod_1855,wh_002,2025-08-25,238,19,219,28,122,supp_003,2025-09-08,732.46
snap_002667,prod_2650,wh_002,2025-09-03,5,19,0,67,77,supp_005,2025-08-09,426.34
snap_002668,prod_3598,wh_003,2025-09-11,363,21,342,19,97,supp_002,2025-09-05,439.49
snap_002669,prod_8040,wh_004,2025-09-13,499,28,471,52,142,supp_004,2025-09-06,727.78
snap_002670,prod_7330,wh_005,2025-08-26,181,7,174,96,184,supp_002,2025-09-04,51.69
snap_002671,prod_6828,wh_004,2025-08-24,140,25,115,88,159,supp_005,2025-09-04,950.01
snap_002672,prod_6487,wh_002,2025-09-13,113,14,99,37,146,supp_003,2025-08-29,534.35
snap_002673,prod_7607,wh_004,2025-08-23,424,29,395,11,142,supp_003,2025-08-10,954.31
snap_002674,prod_5114,wh_001,2025-08-20,222,1,221,48,51,supp_004,2025-08-19,887.8
snap_002675,prod_2336,wh_003,2025-09-11,90,45,45,64,55,supp_004,2025-08-29,377.56
snap_002676,prod_9895,wh_004,2025-08-23,72,20,52,13,110,supp_003,2025-07-21,224.18
snap_002677,prod_4116,wh_002,2025-09-13,135,14,121,94,72,supp_001,2025-08-11,711.02
snap_002678,prod_2883,wh_002,2025-08-28,496,46,450,30,82,supp_003,2025-08-31,740.59
snap_002679,prod_6535,wh_005,2025-08-24,364,32,332,24,97,supp_002,2025-08-30,541.61
snap_002680,prod_1698,wh_001,2025-08-29,16,19,0,93,99,supp_005,2025-09-12,150.94
snap_002681,prod_4286,wh_005,2025-09-14,253,32,221,23,177,supp_004,2025-08-16,521.47
snap_002682,prod_1718,wh_001,2025-09-04,252,14,238,43,102,supp_004,2025-09-10,152.24
snap_002683,prod_4629,wh_003,2025-08-19,405,1,404,91,147,supp_005,2025-08-19,823.72
snap_002684,prod_1430,wh_003,2025-09-05,271,0,271,49,62,supp_001,2025-08-16,520.39
snap_002685,prod_3783,wh_002,2025-08-26,334,20,314,99,180,supp_005,2025-07-30,166.82
snap_002686,prod_4433,wh_004,2025-09-07,116,17,99,66,120,supp_002,2025-08-14,188.4
snap_002687,prod_4195,wh_002,2025-08-28,451,12,439,13,196,supp_005,2025-08-08,317.97
snap_002688,prod_1588,wh_003,2025-09-06,62,33,29,71,199,supp_003,2025-07-24,958.55
snap_002689,prod_7129,wh_004,2025-09-06,450,17,433,67,72,supp_001,2025-08-04,147.63
snap_002690,prod_7370,wh_005,2025-09-02,331,7,324,47,96,supp_004,2025-08-28,705.28
snap_002691,prod_7606,wh_004,2025-08-25,39,20,19,38,111,supp_002,2025-07-28,416.18
snap_002692,prod_3480,wh_003,2025-09-09,437,9,428,14,194,supp_005,2025-08-23,435.95
snap_002693,prod_1228,wh_002,2025-09-11,269,27,242,57,186,supp_005,2025-07-18,583.7
snap_002694,prod_8492,wh_003,2025-08-30,152,21,131,86,99,supp_001,2025-07-26,953.76
snap_002695,prod_3895,wh_002,2025-09-04,249,50,199,12,102,supp_001,2025-08-08,645.45
snap_002696,prod_4496,wh_002,2025-08-20,258,10,248,20,79,supp_003,2025-07-18,323.05
snap_002697,prod_2253,wh_002,2025-09-10,432,6,426,25,197,supp_001,2025-08-22,581.51
snap_002698,prod_5176,wh_001,2025-09-06,259,9,250,27,172,supp_005,2025-09-15,401.59
snap_002699,prod_5068,wh_002,2025-09-15,164,8,156,96,182,supp_004,2025-08-18,134.78
snap_002700,prod_4582,wh_003,2025-08-30,124,49,75,55,122,supp_002,2025-08-04,378.82
snap_002701,prod_3469,wh_004,2025-08-19,284,5,279,16,152,supp_005,2025-07-23,63.01
snap_002702,prod_2908,wh_002,2025-09-08,294,19,275,88,199,supp_005,2025-08-29,942.35
snap_002703,prod_3196,wh_004,2025-08-20,13,39,0,80,156,supp_003,2025-09-15,878.67
snap_002704,prod_5311,wh_002,2025-09-05,436,1,435,70,118,supp_003,2025-09-11,565.67
snap_002705,prod_9601,wh_004,2025-08-21,201,42,159,67,64,supp_002,2025-07-31,51.68
snap_002706,prod_1308,wh_003,2025-09-10,448,42,406,99,182,supp_004,2025-08-19,156.9
snap_002707,prod_6656,wh_005,2025-08-24,176,34,142,94,150,supp_001,2025-08-14,936.95
snap_002708,prod_7582,wh_003,2025-08-22,187,34,153,45,102,supp_005,2025-07-27,258.05
snap_002709,prod_1268,wh_004,2025-09-15,480,43,437,72,159,supp_005,2025-08-25,625.18
snap_002710,prod_9110,wh_002,2025-08-20,420,9,411,40,91,supp_001,2025-08-19,797.79
snap_002711,prod_1848,wh_005,2025-08-30,461,5,456,36,84,supp_003,2025-09-08,170.41
snap_002712,prod_3711,wh_002,2025-08-27,132,10,122,86,195,supp_001,2025-07-26,468.23
snap_002713,prod_5307,wh_001,2025-09-04,246,23,223,48,192,supp_003,2025-08-28,507.36
snap_002714,prod_8722,wh_002,2025-09-15,252,21,231,35,172,supp_005,2025-08-11,613.42
snap_002715,prod_4059,wh_002,2025-08-22,71,24,47,50,102,supp_004,2025-08-08,921.57
snap_002716,prod_3721,wh_001,2025-08-26,71,30,41,13,158,supp_002,2025-08-21,920.4
snap_002717,prod_8978,wh_001,2025-09-15,440,29,411,30,129,supp_001,2025-08-22,383.47
snap_002718,prod_7799,wh_003,2025-09-08,319,45,274,86,80,supp_005,2025-09-15,378.96
snap_002719,prod_6445,wh_004,2025-09-13,410,0,410,74,122,supp_003,2025-08-04,680.2
snap_002720,prod_4097,wh_004,2025-09-09,354,47,307,42,60,supp_001,2025-08-24,826.15
snap_002721,prod_7013,wh_005,2025-09-03,323,24,299,43,72,supp_004,2025-07-23,693.64
snap_002722,prod_3722,wh_004,2025-09-06,58,24,34,90,122,supp_002,2025-08-13,811.36
snap_002723,prod_8711,wh_004,2025-09-11,353,10,343,51,139,supp_003,2025-08-26,511.97
snap_002724,prod_3708,wh_003,2025-08-22,226,3,223,86,139,supp_004,2025-09-09,179.31
snap_002725,prod_2396,wh_004,2025-09-05,281,20,261,13,137,supp_001,2025-09-13,605.53
snap_002726,prod_3244,wh_001,2025-09-01,429,26,403,33,162,supp_001,2025-08-11,444.56
snap_002727,prod_3224,wh_005,2025-08-30,178,17,161,86,152,supp_002,2025-08-12,63.5
snap_002728,prod_6221,wh_004,2025-08-18,122,12,110,86,114,supp_005,2025-08-27,100.09
snap_002729,prod_5091,wh_003,2025-08-27,65,48,17,39,83,supp_002,2025-08-07,462.2
snap_002730,prod_7773,wh_002,2025-09-02,436,23,413,40,163,supp_002,2025-09-08,836.72
snap_002731,prod_6225,wh_001,2025-09-01,395,29,366,61,145,supp_005,2025-07-23,636.35
snap_002732,prod_2791,wh_005,2025-08-20,370,28,342,25,118,supp_003,2025-08-14,407.42
snap_002733,prod_8163,wh_004,2025-09-05,19,1,18,26,176,supp_002,2025-08-02,578.88
snap_002734,prod_3740,wh_002,2025-08-23,175,14,161,62,106,supp_003,2025-08-16,493.59
snap_002735,prod_4911,wh_003,2025-09-05,440,32,408,70,103,supp_002,2025-08-07,674.15
snap_002736,prod_5481,wh_003,2025-08-21,314,36,278,72,192,supp_002,2025-07-27,377.97
snap_002737,prod_7867,wh_003,2025-08-21,155,6,149,64,105,supp_005,2025-09-09,708.14
snap_002738,prod_7160,wh_002,2025-09-02,80,16,64,13,64,supp_004,2025-09-02,274.25
snap_002739,prod_4098,wh_003,2025-09-13,473,39,434,77,73,supp_004,2025-09-05,678.21
snap_002740,prod_3355,wh_002,2025-08-28,396,13,383,80,52,supp_004,2025-08-05,703.02
snap_002741,prod_6840,wh_003,2025-08-19,23,36,0,18,102,supp_004,2025-08-25,545.65
snap_002742,prod_1732,wh_005,2025-08-17,259,42,217,86,196,supp_004,2025-09-08,95.97
snap_002743,prod_2892,wh_004,2025-09-11,464,42,422,91,107,supp_004,2025-08-13,224.32
snap_002744,prod_2816,wh_001,2025-09-12,69,11,58,26,149,supp_005,2025-08-26,776.93
snap_002745,prod_9729,wh_002,2025-09-10,207,8,199,59,74,supp_005,2025-07-25,768.44
snap_002746,prod_4788,wh_001,2025-09-09,424,13,411,48,111,supp_005,2025-09-11,944.4
snap_002747,prod_5564,wh_003,2025-09-10,236,23,213,69,109,supp_002,2025-07-30,66.69
snap_002748,prod_5681,wh_003,2025-08-28,181,0,181,23,170,supp_004,2025-08-19,821.98
snap_002749,prod_9923,wh_003,2025-09-08,51,1,50,34,175,supp_003,2025-09-07,84.97
snap_002750,prod_9569,wh_001,2025-08-23,142,40,102,42,52,supp_005,2025-09-07,657.67
snap_002751,prod_4147,wh_003,2025-09-11,289,6,283,61,90,supp_005,2025-08-08,323.78
snap_002752,prod_5085,wh_003,2025-09-01,247,21,226,19,137,supp_003,2025-09-07,345.94
snap_002753,prod_5013,wh_005,2025-09-09,441,1,440,22,79,supp_003,2025-08-23,632.3
snap_002754,prod_8354,wh_001,2025-08-24,311,28,283,55,61,supp_001,2025-08-15,649.32
snap_002755,prod_2726,wh_002,2025-09-12,287,35,252,19,62,supp_002,2025-08-02,107.71
snap_002756,prod_2748,wh_005,2025-09-01,327,39,288,73,71,supp_002,2025-07-30,914.25
snap_002757,prod_8112,wh_004,2025-08-19,216,34,182,91,149,supp_002,2025-08-29,360.91
snap_002758,prod_9763,wh_004,2025-08-27,275,26,249,58,148,supp_002,2025-07-22,118.86
snap_002759,prod_7785,wh_001,2025-08-24,231,3,228,42,150,supp_001,2025-07-20,329.91
snap_002760,prod_3182,wh_001,2025-08-20,412,20,392,48,142,supp_003,2025-07-30,634.68
snap_002761,prod_3700,wh_004,2025-09-01,185,18,167,55,66,supp_004,2025-08-14,847.44
snap_002762,prod_9431,wh_005,2025-08-25,115,28,87,87,86,supp_002,2025-08-01,216.68
snap_002763,prod_3363,wh_003,2025-08-27,405,6,399,14,141,supp_001,2025-08-19,376.91
snap_002764,prod_9571,wh_001,2025-08-24,126,8,118,49,145,supp_004,2025-07-31,466.38
snap_002765,prod_6642,wh_002,2025-08-29,236,24,212,24,187,supp_003,2025-08-17,955.66
snap_002766,prod_5434,wh_001,2025-09-13,189,16,173,20,74,supp_005,2025-08-09,567.88
snap_002767,prod_6120,wh_005,2025-08-21,461,47,414,65,187,supp_004,2025-09-12,67.66
snap_002768,prod_5442,wh_005,2025-08-31,415,42,373,58,117,supp_003,2025-08-01,53.41
snap_002769,prod_4725,wh_002,2025-09-01,226,1,225,42,172,supp_001,2025-07-19,322.95
snap_002770,prod_9535,wh_003,2025-08-23,224,17,207,88,172,supp_001,2025-08-20,206.13
snap_002771,prod_2839,wh_003,2025-09-12,403,48,355,49,146,supp_003,2025-07-31,694.3
snap_002772,prod_3449,wh_004,2025-09-14,395,9,386,59,119,supp_002,2025-08-09,422.08
snap_002773,prod_3098,wh_001,2025-08-26,358,36,322,15,124,supp_001,2025-09-08,879.29
snap_002774,prod_2004,wh_001,2025-09-05,451,47,404,88,106,supp_002,2025-09-03,391.11
snap_002775,prod_2173,wh_003,2025-08-26,157,19,138,42,193,supp_004,2025-09-14,204.89
snap_002776,prod_5073,wh_002,2025-08-17,328,6,322,31,79,supp_005,2025-07-24,717.17
snap_002777,prod_7406,wh_001,2025-09-06,400,5,395,61,50,supp_004,2025-08-16,228.42
snap_002778,prod_9541,wh_003,2025-09-03,314,49,265,72,91,supp_003,2025-09-14,907.36
snap_002779,prod_2941,wh_004,2025-09-11,281,27,254,48,97,supp_004,2025-08-04,903.01
snap_002780,prod_4137,wh_004,2025-08-20,25,39,0,56,97,supp_001,2025-08-17,215.95
snap_002781,prod_1547,wh_003,2025-08-24,152,34,118,64,171,supp_005,2025-09-07,490.14
snap_002782,prod_1860,wh_004,2025-09-05,483,15,468,48,188,supp_003,2025-07-26,197.63
snap_002783,prod_7207,wh_005,2025-08-30,374,24,350,28,166,supp_005,2025-09-10,784.64
snap_002784,prod_3595,wh_005,2025-09-05,315,24,291,61,172,supp_002,2025-09-11,304.35
snap_002785,prod_6583,wh_005,2025-08-25,490,13,477,66,156,supp_001,2025-08-20,981.38
snap_002786,prod_8444,wh_004,2025-08-25,122,12,110,84,56,supp_001,2025-07-27,608.17
snap_002787,prod_5888,wh_003,2025-09-14,86,39,47,86,125,supp_002,2025-08-20,35.48
snap_002788,prod_5941,wh_003,2025-09-09,277,22,255,88,56,supp_005,2025-07-30,270.53
snap_002789,prod_8065,wh_002,2025-08-25,499,9,490,33,119,supp_001,2025-09-08,658.44
snap_002790,prod_1649,wh_004,2025-09-10,125,44,81,34,79,supp_005,2025-08-06,182.44
snap_002791,prod_8684,wh_004,2025-09-03,260,23,237,90,59,supp_001,2025-07-26,765.94
snap_002792,prod_3466,wh_001,2025-09-07,122,11,111,26,152,supp_005,2025-09-01,159.95
snap_002793,prod_5631,wh_004,2025-08-25,260,20,240,85,80,supp_001,2025-07-20,127.38
snap_002794,prod_1496,wh_003,2025-09-01,482,14,468,23,133,supp_001,2025-07-21,450.16
snap_002795,prod_9588,wh_002,2025-08-28,28,9,19,78,161,supp_001,2025-08-28,161.87
snap_002796,prod_8781,wh_002,2025-08-18,156,49,107,56,145,supp_003,2025-09-01,995.27
snap_002797,prod_5211,wh_005,2025-09-03,407,27,380,30,104,supp_005,2025-09-15,706.08
snap_002798,prod_9141,wh_005,2025-09-02,56,22,34,74,76,supp_004,2025-08-28,143.46
snap_002799,prod_2135,wh_001,2025-08-18,119,43,76,43,135,supp_001,2025-07-24,410.63
snap_002800,prod_4505,wh_002,2025-09-13,405,25,380,45,117,supp_002,2025-07-21,702.01
snap_002801,prod_7169,wh_001,2025-08-30,206,2,204,78,68,supp_005,2025-07-25,69.89
snap_002802,prod_2597,wh_002,2025-09-01,207,15,192,62,90,supp_004,2025-08-01,959.34
snap_002803,prod_6105,wh_004,2025-09-08,236,50,186,35,176,supp_005,2025-09-15,141.0
snap_002804,prod_8821,wh_002,2025-09-14,62,44,18,68,163,supp_004,2025-09-13,59.14
snap_002805,prod_6936,wh_003,2025-09-03,336,42,294,59,123,supp_003,2025-09-03,852.74
snap_002806,prod_7210,wh_004,2025-09-12,222,42,180,84,62,supp_002,2025-08-29,999.36
snap_002807,prod_2212,wh_001,2025-08-21,179,30,149,70,53,supp_003,2025-07-22,847.22
snap_002808,prod_5755,wh_005,2025-09-09,436,7,429,16,108,supp_001,2025-09-06,289.47
snap_002809,prod_6905,wh_005,2025-09-07,407,10,397,83,101,supp_003,2025-08-29,339.25
snap_002810,prod_7968,wh_005,2025-08-25,209,50,159,42,56,supp_004,2025-09-13,527.45
snap_002811,prod_1099,wh_001,2025-09-07,410,38,372,91,171,supp_001,2025-08-09,607.81
snap_002812,prod_4620,wh_004,2025-09-01,121,23,98,32,65,supp_001,2025-09-08,489.54
snap_002813,prod_1540,wh_001,2025-09-10,180,14,166,64,149,supp_005,2025-08-12,530.76
snap_002814,prod_3969,wh_001,2025-08-30,445,47,398,20,90,supp_003,2025-07-24,770.72
snap_002815,prod_4247,wh_005,2025-09-01,202,47,155,15,100,supp_003,2025-08-14,266.99
snap_002816,prod_4554,wh_003,2025-08-29,315,41,274,35,99,supp_005,2025-08-18,456.48
snap_002817,prod_6119,wh_005,2025-09-11,4,5,0,74,84,supp_001,2025-08-30,240.52
snap_002818,prod_7144,wh_003,2025-08-29,169,24,145,65,117,supp_005,2025-08-31,320.48
snap_002819,prod_6601,wh_003,2025-09-05,67,21,46,59,161,supp_004,2025-09-01,122.39
snap_002820,prod_4353,wh_005,2025-08-21,125,11,114,21,169,supp_002,2025-07-26,881.17
snap_002821,prod_5916,wh_001,2025-09-13,10,30,0,90,94,supp_004,2025-08-08,13.78
snap_002822,prod_4533,wh_004,2025-09-12,307,41,266,55,114,supp_003,2025-09-07,448.95
snap_002823,prod_4745,wh_001,2025-08-19,96,47,49,72,163,supp_003,2025-08-18,300.48
snap_002824,prod_8075,wh_003,2025-08-19,354,43,311,52,80,supp_004,2025-08-26,107.56
snap_002825,prod_9727,wh_005,2025-09-08,389,28,361,10,137,supp_002,2025-08-18,524.89
snap_002826,prod_6347,wh_003,2025-08-29,218,29,189,72,194,supp_001,2025-09-14,923.86
snap_002827,prod_6274,wh_004,2025-09-14,215,22,193,43,165,supp_003,2025-08-06,93.79
snap_002828,prod_8599,wh_001,2025-08-18,486,37,449,33,151,supp_004,2025-08-07,861.32
snap_002829,prod_6952,wh_005,2025-08-30,427,32,395,55,134,supp_003,2025-08-04,66.57
snap_002830,prod_5785,wh_002,2025-08-23,344,49,295,63,95,supp_004,2025-09-13,992.97
snap_002831,prod_5328,wh_004,2025-08-22,186,48,138,23,84,supp_002,2025-08-29,348.39
snap_002832,prod_4861,wh_002,2025-08-31,85,41,44,92,194,supp_002,2025-08-01,409.81
snap_002833,prod_1228,wh_004,2025-08-22,119,12,107,82,164,supp_004,2025-09-12,38.98
snap_002834,prod_9315,wh_002,2025-08-19,341,0,341,13,142,supp_004,2025-09-05,942.2
snap_002835,prod_2334,wh_005,2025-09-10,138,34,104,52,88,supp_005,2025-07-19,824.25
snap_002836,prod_2723,wh_004,2025-08-27,187,43,144,87,148,supp_003,2025-09-14,299.67
snap_002837,prod_8347,wh_002,2025-08-29,378,30,348,28,72,supp_001,2025-07-18,758.51
snap_002838,prod_9518,wh_003,2025-09-01,348,28,320,30,170,supp_001,2025-08-21,698.23
snap_002839,prod_9437,wh_004,2025-09-02,68,40,28,11,94,supp_003,2025-07-27,306.24
snap_002840,prod_3742,wh_005,2025-08-22,446,39,407,63,89,supp_002,2025-09-10,529.5
snap_002841,prod_1960,wh_001,2025-09-12,80,23,57,77,120,supp_001,2025-08-23,440.77
snap_002842,prod_6528,wh_003,2025-08-30,336,12,324,72,78,supp_003,2025-08-14,267.01
snap_002843,prod_6385,wh_003,2025-08-30,270,20,250,86,199,supp_004,2025-09-10,477.07
snap_002844,prod_8145,wh_002,2025-09-11,490,40,450,73,69,supp_002,2025-08-05,722.1
snap_002845,prod_7540,wh_005,2025-09-11,186,35,151,62,97,supp_001,2025-07-27,178.27
snap_002846,prod_6224,wh_005,2025-09-08,339,47,292,89,113,supp_003,2025-08-12,949.04
snap_002847,prod_8778,wh_001,2025-08-31,76,26,50,50,157,supp_002,2025-09-08,201.16
snap_002848,prod_4697,wh_004,2025-08-22,465,37,428,87,84,supp_001,2025-08-25,521.44
snap_002849,prod_7695,wh_001,2025-08-28,262,45,217,16,87,supp_004,2025-07-26,217.1
snap_002850,prod_6888,wh_003,2025-08-30,367,2,365,69,80,supp_004,2025-07-20,893.74
snap_002851,prod_3256,wh_002,2025-09-11,460,45,415,58,159,supp_003,2025-08-18,590.29
snap_002852,prod_3788,wh_003,2025-08-19,347,22,325,57,159,supp_001,2025-08-20,913.18
snap_002853,prod_1749,wh_003,2025-09-04,305,0,305,34,169,supp_003,2025-08-05,293.0
snap_002854,prod_1361,wh_005,2025-09-14,314,19,295,53,113,supp_003,2025-08-15,724.75
snap_002855,prod_9498,wh_002,2025-08-17,415,13,402,27,184,supp_001,2025-08-07,162.26
snap_002856,prod_9985,wh_004,2025-09-06,168,12,156,73,192,supp_004,2025-08-21,27.04
snap_002857,prod_5521,wh_001,2025-09-04,82,7,75,18,154,supp_005,2025-08-26,962.38
snap_002858,prod_3769,wh_001,2025-09-05,12,39,0,42,163,supp_003,2025-07-27,15.13
snap_002859,prod_1138,wh_001,2025-08-27,277,22,255,45,68,supp_005,2025-08-11,608.17
snap_002860,prod_2986,wh_002,2025-09-14,290,11,279,14,93,supp_003,2025-07-21,565.24
snap_002861,prod_8979,wh_004,2025-09-03,169,46,123,32,88,supp_003,2025-08-25,767.33
snap_002862,prod_8049,wh_005,2025-08-24,289,23,266,27,175,supp_004,2025-09-03,519.2
snap_002863,prod_4049,wh_005,2025-09-09,252,5,247,39,179,supp_005,2025-09-12,517.04
snap_002864,prod_1952,wh_005,2025-08-30,262,41,221,42,154,supp_005,2025-08-22,195.97
snap_002865,prod_3270,wh_004,2025-08-28,108,3,105,54,92,supp_003,2025-09-03,175.04
snap_002866,prod_7928,wh_005,2025-09-05,276,37,239,49,157,supp_001,2025-08-01,502.07
snap_002867,prod_5081,wh_004,2025-08-25,168,45,123,25,144,supp_001,2025-07-25,334.31
snap_002868,prod_3746,wh_002,2025-08-28,473,25,448,45,162,supp_001,2025-08-30,763.0
snap_002869,prod_6070,wh_002,2025-08-17,61,22,39,28,174,supp_004,2025-08-15,635.34
snap_002870,prod_2739,wh_005,2025-08-31,185,19,166,39,163,supp_005,2025-08-30,600.84
snap_002871,prod_8844,wh_003,2025-09-13,321,21,300,54,169,supp_004,2025-08-18,812.87
snap_002872,prod_7445,wh_003,2025-09-10,222,27,195,89,147,supp_005,2025-08-18,726.37
snap_002873,prod_5403,wh_003,2025-08-18,443,50,393,35,82,supp_003,2025-08-22,366.48
snap_002874,prod_8298,wh_003,2025-08-18,185,12,173,47,128,supp_004,2025-08-03,270.09
snap_002875,prod_5371,wh_004,2025-08-29,478,50,428,52,159,supp_001,2025-07-19,124.02
snap_002876,prod_5004,wh_005,2025-08-28,181,28,153,92,111,supp_002,2025-08-20,262.91
snap_002877,prod_5611,wh_003,2025-09-03,456,13,443,98,187,supp_003,2025-08-12,716.41
snap_002878,prod_1631,wh_003,2025-08-27,353,35,318,88,183,supp_004,2025-07-20,462.18
snap_002879,prod_6225,wh_003,2025-08-25,103,20,83,33,50,supp_005,2025-07-19,618.76
snap_002880,prod_5601,wh_002,2025-09-15,326,5,321,37,167,supp_004,2025-08-31,483.5
snap_002881,prod_5752,wh_002,2025-08-17,473,50,423,76,73,supp_004,2025-07-29,478.2
snap_002882,prod_9397,wh_001,2025-09-10,78,0,78,90,72,supp_002,2025-09-08,100.87
snap_002883,prod_7000,wh_004,2025-09-12,495,33,462,38,118,supp_001,2025-07-29,935.05
snap_002884,prod_5957,wh_005,2025-09-08,231,9,222,85,157,supp_001,2025-09-08,348.37
snap_002885,prod_4067,wh_004,2025-08-20,405,35,370,98,188,supp_001,2025-07-18,762.27
snap_002886,prod_1955,wh_004,2025-09-02,7,47,0,22,166,supp_004,2025-08-31,494.88
snap_002887,prod_7898,wh_003,2025-08-30,409,18,391,59,146,supp_002,2025-08-20,685.62
snap_002888,prod_3871,wh_002,2025-09-08,407,9,398,91,101,supp_003,2025-08-15,369.15
snap_002889,prod_1818,wh_003,2025-09-10,200,25,175,35,130,supp_003,2025-08-05,545.68
snap_002890,prod_3778,wh_003,2025-08-27,13,37,0,89,96,supp_001,2025-08-31,61.9
snap_002891,prod_7733,wh_003,2025-08-18,216,26,190,38,81,supp_004,2025-09-05,817.9
snap_002892,prod_1120,wh_004,2025-08-22,102,50,52,99,188,supp_001,2025-08-08,943.16
snap_002893,prod_9443,wh_003,2025-09-12,361,20,341,24,67,supp_003,2025-09-03,516.41
snap_002894,prod_3293,wh_002,2025-09-13,278,1,277,72,96,supp_001,2025-09-09,835.14
snap_002895,prod_6568,wh_004,2025-09-06,139,26,113,43,97,supp_004,2025-09-11,979.8
snap_002896,prod_5651,wh_003,2025-09-01,225,2,223,19,178,supp_002,2025-08-03,964.38
snap_002897,prod_1030,wh_001,2025-09-03,172,24,148,38,97,supp_001,2025-08-16,965.58
snap_002898,prod_7654,wh_003,2025-09-01,372,24,348,64,116,supp_001,2025-07-19,529.33
snap_002899,prod_5078,wh_003,2025-08-24,14,19,0,91,79,supp_004,2025-07-18,891.01
snap_002900,prod_6377,wh_001,2025-08-23,91,45,46,80,137,supp_003,2025-07-21,560.02
snap_002901,prod_7560,wh_003,2025-08-17,298,7,291,61,184,supp_002,2025-08-22,738.24
snap_002902,prod_8138,wh_004,2025-08-28,478,16,462,94,190,supp_001,2025-07-29,48.17
snap_002903,prod_4402,wh_002,2025-08-20,305,7,298,77,64,supp_005,2025-08-06,681.06
snap_002904,prod_4388,wh_004,2025-09-15,466,5,461,81,154,supp_004,2025-08-09,995.44
snap_002905,prod_4783,wh_003,2025-09-04,370,35,335,75,159,supp_001,2025-08-07,752.46
snap_002906,prod_3527,wh_002,2025-09-07,320,25,295,19,72,supp_003,2025-09-05,598.94
snap_002907,prod_4988,wh_005,2025-09-01,223,26,197,97,74,supp_003,2025-08-20,922.43
snap_002908,prod_3995,wh_003,2025-09-05,61,25,36,49,124,supp_003,2025-08-17,112.99
snap_002909,prod_8363,wh_004,2025-09-03,186,19,167,38,116,supp_005,2025-08-31,731.61
snap_002910,prod_2003,wh_004,2025-08-24,141,48,93,29,161,supp_002,2025-09-07,349.88
snap_002911,prod_8546,wh_003,2025-08-19,386,16,370,49,90,supp_005,2025-08-07,355.9
snap_002912,prod_4075,wh_005,2025-08-19,48,1,47,26,106,supp_005,2025-08-05,688.94
snap_002913,prod_7904,wh_004,2025-09-12,319,41,278,12,164,supp_005,2025-07-28,542.26
snap_002914,prod_2428,wh_001,2025-09-15,332,10,322,62,114,supp_002,2025-09-06,48.23
snap_002915,prod_6963,wh_001,2025-09-11,81,14,67,39,170,supp_001,2025-08-18,930.2
snap_002916,prod_4050,wh_001,2025-08-18,164,48,116,39,114,supp_003,2025-09-05,14.32
snap_002917,prod_4282,wh_002,2025-09-15,358,21,337,43,53,supp_005,2025-09-03,631.79
snap_002918,prod_4632,wh_005,2025-09-11,486,7,479,85,119,supp_003,2025-08-27,613.05
snap_002919,prod_3150,wh_002,2025-08-24,198,40,158,12,151,supp_002,2025-09-14,418.04
snap_002920,prod_7801,wh_001,2025-09-06,346,22,324,97,170,supp_001,2025-08-02,103.71
snap_002921,prod_4285,wh_003,2025-09-12,411,4,407,71,128,supp_004,2025-08-07,476.49
snap_002922,prod_8594,wh_005,2025-09-07,28,23,5,63,98,supp_005,2025-08-18,634.75
snap_002923,prod_1382,wh_004,2025-09-14,384,17,367,25,84,supp_002,2025-09-02,48.74
snap_002924,prod_6107,wh_002,2025-08-29,44,41,3,67,86,supp_003,2025-07-21,821.94
snap_002925,prod_7138,wh_002,2025-08-18,450,44,406,82,119,supp_002,2025-08-16,644.8
snap_002926,prod_3150,wh_005,2025-08-27,353,34,319,19,150,supp_003,2025-08-02,796.32
snap_002927,prod_1460,wh_004,2025-08-19,70,48,22,44,53,supp_004,2025-08-26,231.07
snap_002928,prod_9288,wh_003,2025-09-06,306,40,266,13,85,supp_004,2025-08-16,228.36
snap_002929,prod_5786,wh_004,2025-09-12,400,47,353,64,138,supp_005,2025-07-21,837.28
snap_002930,prod_9558,wh_004,2025-09-10,456,34,422,60,144,supp_005,2025-08-12,51.12
snap_002931,prod_5741,wh_003,2025-09-01,314,39,275,11,131,supp_001,2025-07-28,827.19
snap_002932,prod_5873,wh_004,2025-08-25,264,33,231,27,72,supp_001,2025-08-02,662.47
snap_002933,prod_7305,wh_005,2025-09-12,269,25,244,81,142,supp_001,2025-07-30,911.94
snap_002934,prod_4838,wh_004,2025-08-22,353,43,310,13,62,supp_005,2025-08-26,647.96
snap_002935,prod_9581,wh_003,2025-08-23,337,49,288,61,72,supp_001,2025-07-29,57.29
snap_002936,prod_8984,wh_003,2025-08-21,232,26,206,86,89,supp_005,2025-08-10,129.12
snap_002937,prod_3064,wh_001,2025-08-23,436,12,424,70,119,supp_003,2025-08-24,658.5
snap_002938,prod_8991,wh_002,2025-08-28,266,41,225,40,122,supp_005,2025-08-30,402.14
snap_002939,prod_6428,wh_001,2025-08-19,121,43,78,36,178,supp_005,2025-08-18,441.06
snap_002940,prod_9029,wh_004,2025-09-04,61,12,49,42,180,supp_005,2025-07-27,156.17
snap_002941,prod_9147,wh_005,2025-09-05,416,7,409,99,63,supp_004,2025-08-27,25.12
snap_002942,prod_5790,wh_002,2025-09-06,231,22,209,19,84,supp_002,2025-07-31,962.06
snap_002943,prod_3451,wh_003,2025-09-04,361,18,343,63,83,supp_003,2025-09-06,257.92
snap_002944,prod_4091,wh_003,2025-09-09,325,17,308,20,141,supp_003,2025-08-24,145.63
snap_002945,prod_1697,wh_004,2025-09-01,183,11,172,41,104,supp_003,2025-09-10,53.77
snap_002946,prod_8153,wh_005,2025-08-29,335,27,308,53,128,supp_003,2025-08-31,854.08
snap_002947,prod_8974,wh_001,2025-09-11,21,1,20,93,153,supp_003,2025-08-17,303.44
snap_002948,prod_6000,wh_001,2025-09-09,226,15,211,44,191,supp_003,2025-09-15,87.53
snap_002949,prod_8392,wh_005,2025-09-04,428,45,383,28,146,supp_003,2025-07-24,124.71
snap_002950,prod_5799,wh_005,2025-09-14,347,10,337,41,82,supp_002,2025-09-15,468.42
snap_002951,prod_4555,wh_002,2025-09-10,48,15,33,91,102,supp_002,2025-07-27,217.99
snap_002952,prod_6621,wh_005,2025-09-05,494,14,480,39,52,supp_003,2025-07-31,900.76
snap_002953,prod_4007,wh_003,2025-08-26,412,15,397,64,116,supp_004,2025-08-12,560.38
snap_002954,prod_5375,wh_004,2025-08-23,147,20,127,62,137,supp_004,2025-07-28,935.5
snap_002955,prod_3081,wh_001,2025-09-03,303,1,302,72,97,supp_005,2025-07-18,914.61
snap_002956,prod_5510,wh_002,2025-09-01,157,42,115,56,128,supp_004,2025-08-25,185.99
snap_002957,prod_6693,wh_003,2025-08-23,358,44,314,29,157,supp_003,2025-08-17,598.78
snap_002958,prod_8246,wh_005,2025-09-09,123,28,95,100,126,supp_004,2025-08-22,556.95
snap_002959,prod_3446,wh_002,2025-09-01,121,45,76,96,81,supp_001,2025-07-26,86.01
snap_002960,prod_7652,wh_005,2025-08-25,144,39,105,90,154,supp_005,2025-07-18,247.39
snap_002961,prod_6946,wh_001,2025-09-09,123,10,113,25,72,supp_004,2025-08-26,91.37
snap_002962,prod_3183,wh_002,2025-08-28,208,9,199,15,114,supp_001,2025-07-19,780.32
snap_002963,prod_7921,wh_004,2025-09-03,309,49,260,80,107,supp_005,2025-08-20,724.97
snap_002964,prod_9568,wh_001,2025-08-27,125,19,106,11,162,supp_005,2025-08-04,113.86
snap_002965,prod_2514,wh_001,2025-08-29,405,13,392,68,194,supp_003,2025-07-30,293.56
snap_002966,prod_3665,wh_002,2025-09-12,426,25,401,62,186,supp_001,2025-07-30,582.52
snap_002967,prod_3822,wh_002,2025-09-09,435,41,394,93,188,supp_005,2025-08-07,162.91
snap_002968,prod_9225,wh_005,2025-09-11,119,23,96,10,136,supp_005,2025-08-26,529.16
snap_002969,prod_6689,wh_001,2025-09-07,259,36,223,21,175,supp_004,2025-08-08,527.72
snap_002970,prod_7694,wh_004,2025-09-13,105,12,93,94,50,supp_003,2025-07-18,108.08
snap_002971,prod_4170,wh_003,2025-08-18,24,35,0,96,152,supp_001,2025-08-09,319.4
snap_002972,prod_6851,wh_004,2025-09-06,40,45,0,84,116,supp_005,2025-07-18,321.04
snap_002973,prod_7524,wh_004,2025-09-05,77,4,73,57,66,supp_004,2025-09-10,413.09
snap_002974,prod_8643,wh_003,2025-08-21,250,40,210,39,56,supp_002,2025-09-07,149.06
snap_002975,prod_5773,wh_002,2025-09-06,367,27,340,68,67,supp_003,2025-08-18,726.35
snap_002976,prod_7905,wh_003,2025-08-23,81,26,55,55,77,supp_002,2025-09-05,755.16
snap_002977,prod_4244,wh_002,2025-09-04,68,9,59,95,200,supp_001,2025-07-25,733.78
snap_002978,prod_9851,wh_001,2025-09-07,356,14,342,63,98,supp_001,2025-08-10,785.92
snap_002979,prod_8777,wh_004,2025-09-11,137,44,93,86,162,supp_005,2025-08-27,301.19
snap_002980,prod_6418,wh_001,2025-08-28,305,45,260,66,157,supp_001,2025-07-22,775.93
snap_002981,prod_7038,wh_002,2025-08-21,383,30,353,62,106,supp_002,2025-09-15,357.36
snap_002982,prod_4945,wh_001,2025-09-06,436,33,403,30,64,supp_004,2025-08-19,821.57
snap_002983,prod_1318,wh_004,2025-09-10,349,42,307,50,76,supp_003,2025-07-25,744.17
snap_002984,prod_2836,wh_004,2025-09-12,462,42,420,88,198,supp_001,2025-07-19,764.78
snap_002985,prod_3973,wh_001,2025-09-10,80,1,79,46,177,supp_001,2025-07-31,246.69
snap_002986,prod_2510,wh_004,2025-08-24,46,34,12,10,131,supp_002,2025-08-22,523.09
snap_002987,prod_2066,wh_003,2025-08-21,199,24,175,43,134,supp_003,2025-09-05,645.47
snap_002988,prod_9396,wh_004,2025-09-02,46,6,40,89,157,supp_001,2025-08-06,227.42
snap_002989,prod_7222,wh_001,2025-08-24,135,42,93,78,87,supp_002,2025-07-28,260.09
snap_002990,prod_8005,wh_003,2025-08-30,321,5,316,78,166,supp_004,2025-09-14,34.79
snap_002991,prod_7845,wh_005,2025-09-13,347,43,304,75,99,supp_002,2025-08-11,754.3
snap_002992,prod_5227,wh_004,2025-09-03,226,19,207,67,142,supp_004,2025-08-24,175.46
snap_002993,prod_5060,wh_001,2025-09-09,144,8,136,34,196,supp_004,2025-08-04,263.45
snap_002994,prod_3309,wh_001,2025-08-28,62,37,25,81,54,supp_003,2025-07-26,985.81
snap_002995,prod_9730,wh_002,2025-09-07,380,3,377,56,175,supp_004,2025-08-22,783.27
snap_002996,prod_8086,wh_003,2025-08-22,341,4,337,61,73,supp_002,2025-09-06,873.39
snap_002997,prod_6681,wh_005,2025-09-07,449,44,405,58,136,supp_003,2025-07-28,603.22
snap_002998,prod_7770,wh_002,2025-08-19,121,19,102,13,163,supp_002,2025-08-05,222.85
snap_002999,prod_5690,wh_004,2025-08-24,318,15,303,19,190,supp_001,2025-08-24,542.87
snap_003000,prod_9494,wh_004,2025-09-02,28,0,28,74,91,supp_003,2025-08-18,321.49
snap_003001,prod_5816,wh_005,2025-09-15,467,21,446,31,88,supp_003,2025-08-08,369.44
snap_003002,prod_5998,wh_004,2025-09-07,429,6,423,78,185,supp_005,2025-08-29,895.94
snap_003003,prod_4494,wh_002,2025-08-30,246,42,204,43,199,supp_003,2025-08-01,244.78
snap_003004,prod_7750,wh_003,2025-08-18,161,45,116,10,134,supp_001,2025-08-30,674.63
snap_003005,prod_5417,wh_003,2025-08-24,117,11,106,72,124,supp_004,2025-09-14,976.14
snap_003006,prod_7855,wh_004,2025-09-08,243,36,207,39,130,supp_001,2025-08-03,944.69
snap_003007,prod_9530,wh_002,2025-08-17,392,42,350,84,108,supp_003,2025-07-22,562.53
snap_003008,prod_5288,wh_001,2025-09-10,425,38,387,94,164,supp_003,2025-08-10,950.06
snap_003009,prod_2630,wh_005,2025-08-17,150,31,119,30,154,supp_004,2025-08-10,542.02
snap_003010,prod_1106,wh_003,2025-08-28,387,15,372,74,136,supp_003,2025-09-02,596.77
snap_003011,prod_3880,wh_005,2025-09-02,77,2,75,44,84,supp_001,2025-08-27,21.43
snap_003012,prod_9472,wh_001,2025-08-19,277,31,246,18,168,supp_001,2025-09-14,525.84
snap_003013,prod_3506,wh_005,2025-08-28,197,22,175,83,74,supp_004,2025-07-21,824.36
snap_003014,prod_3844,wh_005,2025-09-13,280,18,262,50,127,supp_004,2025-09-04,498.11
snap_003015,prod_8705,wh_001,2025-08-29,324,32,292,89,161,supp_004,2025-08-23,944.81
snap_003016,prod_2929,wh_002,2025-09-14,429,22,407,99,163,supp_001,2025-08-24,756.5
snap_003017,prod_8005,wh_003,2025-09-02,368,47,321,70,98,supp_005,2025-08-22,250.95
snap_003018,prod_3379,wh_001,2025-08-30,423,26,397,95,146,supp_005,2025-09-03,98.31
snap_003019,prod_6083,wh_004,2025-09-08,178,33,145,57,149,supp_001,2025-09-15,44.14
snap_003020,prod_9875,wh_002,2025-08-25,371,30,341,56,189,supp_003,2025-09-12,533.16
snap_003021,prod_2784,wh_001,2025-09-01,415,30,385,45,90,supp_005,2025-07-20,108.16
snap_003022,prod_1392,wh_003,2025-08-20,460,2,458,54,50,supp_003,2025-08-13,196.09
snap_003023,prod_8218,wh_003,2025-09-11,28,45,0,73,142,supp_005,2025-07-30,449.43
snap_003024,prod_4209,wh_003,2025-09-11,411,12,399,99,104,supp_003,2025-07-27,699.69
snap_003025,prod_2870,wh_002,2025-08-25,377,2,375,76,137,supp_005,2025-07-24,533.66
snap_003026,prod_3077,wh_003,2025-08-30,233,15,218,72,159,supp_005,2025-08-01,246.95
snap_003027,prod_2927,wh_001,2025-08-31,135,25,110,83,127,supp_001,2025-08-22,414.76
snap_003028,prod_6729,wh_003,2025-09-14,350,10,340,65,98,supp_001,2025-08-18,138.18
snap_003029,prod_5682,wh_003,2025-09-02,345,50,295,13,67,supp_003,2025-08-02,463.0
snap_003030,prod_9457,wh_003,2025-09-12,271,44,227,79,58,supp_004,2025-08-12,904.95
snap_003031,prod_9490,wh_002,2025-08-24,342,4,338,40,118,supp_001,2025-08-27,640.13
snap_003032,prod_3688,wh_003,2025-08-18,82,7,75,31,78,supp_002,2025-08-02,488.51
snap_003033,prod_1189,wh_003,2025-09-13,463,13,450,48,62,supp_001,2025-08-11,868.16
snap_003034,prod_9824,wh_005,2025-09-01,32,16,16,31,124,supp_004,2025-09-15,793.87
snap_003035,prod_5874,wh_003,2025-09-10,186,29,157,11,119,supp_002,2025-08-02,40.51
snap_003036,prod_1351,wh_005,2025-09-12,119,8,111,83,95,supp_002,2025-09-03,805.34
snap_003037,prod_3565,wh_002,2025-09-14,19,18,1,69,180,supp_002,2025-07-31,147.4
snap_003038,prod_2501,wh_003,2025-08-21,331,40,291,10,75,supp_001,2025-08-14,930.02
snap_003039,prod_4547,wh_002,2025-09-10,411,47,364,23,93,supp_001,2025-08-21,75.52
snap_003040,prod_4148,wh_002,2025-09-12,337,12,325,48,176,supp_001,2025-08-13,332.26
snap_003041,prod_6375,wh_003,2025-08-25,438,2,436,95,150,supp_002,2025-09-07,360.91
snap_003042,prod_6203,wh_005,2025-08-31,144,5,139,22,70,supp_005,2025-09-04,18.1
snap_003043,prod_9675,wh_002,2025-09-14,448,19,429,35,152,supp_004,2025-08-12,332.0
snap_003044,prod_3101,wh_002,2025-09-01,75,22,53,81,186,supp_001,2025-09-13,694.25
snap_003045,prod_5093,wh_002,2025-08-17,77,24,53,32,133,supp_003,2025-09-08,480.94
snap_003046,prod_2781,wh_001,2025-08-17,116,50,66,36,139,supp_005,2025-07-21,812.17
snap_003047,prod_7886,wh_004,2025-09-02,371,23,348,100,163,supp_003,2025-07-27,958.5
snap_003048,prod_2257,wh_005,2025-08-29,417,42,375,46,95,supp_002,2025-09-05,953.77
snap_003049,prod_4797,wh_003,2025-08-26,85,20,65,87,153,supp_002,2025-08-24,549.37
snap_003050,prod_1841,wh_005,2025-08-30,441,38,403,89,166,supp_001,2025-08-10,396.78
snap_003051,prod_6919,wh_001,2025-08-20,387,6,381,10,186,supp_002,2025-08-10,968.02
snap_003052,prod_3369,wh_004,2025-08-21,403,38,365,39,180,supp_005,2025-08-14,568.82
snap_003053,prod_8298,wh_005,2025-08-23,101,17,84,38,76,supp_001,2025-08-16,529.83
snap_003054,prod_1204,wh_005,2025-09-12,346,33,313,87,118,supp_001,2025-09-03,456.85
snap_003055,prod_5616,wh_002,2025-09-03,152,20,132,67,179,supp_003,2025-09-06,701.86
snap_003056,prod_5333,wh_001,2025-09-02,306,30,276,17,100,supp_005,2025-08-06,78.33
snap_003057,prod_8033,wh_002,2025-08-23,147,30,117,77,142,supp_004,2025-08-08,182.28
snap_003058,prod_2084,wh_002,2025-08-30,295,19,276,61,181,supp_005,2025-09-10,481.17
snap_003059,prod_9720,wh_001,2025-08-30,304,19,285,66,168,supp_004,2025-08-20,190.84
snap_003060,prod_2335,wh_003,2025-08-24,205,34,171,45,199,supp_001,2025-07-26,162.94
snap_003061,prod_2149,wh_004,2025-08-21,49,40,9,54,81,supp_001,2025-08-16,797.84
snap_003062,prod_3980,wh_005,2025-08-20,313,34,279,94,168,supp_002,2025-08-03,32.62
snap_003063,prod_7203,wh_004,2025-09-07,500,10,490,80,75,supp_005,2025-08-23,156.84
snap_003064,prod_4102,wh_002,2025-09-05,428,37,391,95,192,supp_002,2025-08-09,692.53
snap_003065,prod_8625,wh_001,2025-09-08,328,19,309,51,65,supp_002,2025-08-04,218.19
snap_003066,prod_5462,wh_004,2025-08-24,77,17,60,76,73,supp_005,2025-09-04,647.76
snap_003067,prod_5712,wh_005,2025-09-04,400,25,375,14,121,supp_001,2025-08-24,786.75
snap_003068,prod_5327,wh_002,2025-09-02,98,22,76,72,135,supp_004,2025-08-14,503.36
snap_003069,prod_2257,wh_002,2025-08-18,17,34,0,78,146,supp_003,2025-07-26,971.97
snap_003070,prod_9211,wh_005,2025-08-27,123,10,113,27,155,supp_004,2025-08-06,16.87
snap_003071,prod_8118,wh_003,2025-09-02,38,29,9,81,198,supp_002,2025-09-03,936.83
snap_003072,prod_5561,wh_003,2025-08-31,292,27,265,47,108,supp_005,2025-08-13,325.9
snap_003073,prod_6508,wh_002,2025-09-01,287,2,285,50,198,supp_003,2025-08-21,701.92
snap_003074,prod_6419,wh_003,2025-08-23,327,33,294,99,125,supp_003,2025-08-25,869.1
snap_003075,prod_3881,wh_002,2025-08-23,182,23,159,72,138,supp_002,2025-08-16,46.71
snap_003076,prod_3038,wh_005,2025-08-19,21,29,0,43,85,supp_005,2025-08-09,759.73
snap_003077,prod_9047,wh_002,2025-09-07,431,3,428,12,64,supp_002,2025-08-20,741.78
snap_003078,prod_6081,wh_003,2025-09-07,203,34,169,94,106,supp_002,2025-08-08,847.47
snap_003079,prod_7022,wh_004,2025-08-22,492,23,469,93,64,supp_005,2025-09-06,227.59
snap_003080,prod_9253,wh_001,2025-09-11,40,19,21,29,200,supp_002,2025-09-07,744.54
snap_003081,prod_3587,wh_002,2025-08-19,496,26,470,33,50,supp_002,2025-09-09,328.22
snap_003082,prod_9282,wh_002,2025-09-05,326,0,326,51,171,supp_003,2025-07-26,371.08
snap_003083,prod_3311,wh_001,2025-08-22,253,43,210,44,65,supp_002,2025-08-04,66.54
snap_003084,prod_2151,wh_001,2025-08-19,492,14,478,23,171,supp_004,2025-08-09,729.79
snap_003085,prod_7287,wh_001,2025-08-20,261,39,222,37,67,supp_001,2025-07-24,122.16
snap_003086,prod_2116,wh_005,2025-08-26,462,49,413,30,50,supp_004,2025-08-09,345.09
snap_003087,prod_2851,wh_002,2025-08-25,6,31,0,12,72,supp_004,2025-09-05,753.72
snap_003088,prod_5995,wh_004,2025-09-10,461,3,458,80,122,supp_005,2025-09-05,741.48
snap_003089,prod_4178,wh_004,2025-08-21,362,11,351,95,92,supp_004,2025-08-13,835.12
snap_003090,prod_2030,wh_001,2025-09-15,471,49,422,36,160,supp_002,2025-07-24,612.67
snap_003091,prod_4677,wh_002,2025-08-25,294,4,290,83,164,supp_002,2025-09-12,87.98
snap_003092,prod_8586,wh_003,2025-09-06,212,6,206,32,199,supp_003,2025-09-02,590.05
snap_003093,prod_2769,wh_001,2025-08-28,375,5,370,41,168,supp_003,2025-09-06,150.02
snap_003094,prod_4741,wh_005,2025-08-25,145,9,136,65,120,supp_004,2025-09-10,406.87
snap_003095,prod_6380,wh_001,2025-08-24,115,7,108,10,186,supp_003,2025-09-15,233.32
snap_003096,prod_5840,wh_004,2025-09-07,323,25,298,89,199,supp_005,2025-08-27,812.57
snap_003097,prod_2546,wh_002,2025-09-15,387,48,339,42,51,supp_001,2025-08-03,263.67
snap_003098,prod_7287,wh_002,2025-09-15,52,31,21,74,136,supp_004,2025-09-04,118.51
snap_003099,prod_3776,wh_001,2025-08-24,73,21,52,89,200,supp_005,2025-07-23,96.67
snap_003100,prod_7757,wh_002,2025-08-29,356,0,356,22,92,supp_004,2025-08-07,827.29
snap_003101,prod_7089,wh_003,2025-09-14,450,10,440,36,89,supp_003,2025-07-18,669.49
snap_003102,prod_4868,wh_003,2025-08-22,359,36,323,96,74,supp_002,2025-09-05,381.21
snap_003103,prod_4156,wh_002,2025-09-05,454,4,450,37,85,supp_004,2025-07-19,655.99
snap_003104,prod_1953,wh_003,2025-09-02,264,24,240,93,148,supp_002,2025-09-09,403.56
snap_003105,prod_7792,wh_004,2025-08-17,304,32,272,60,83,supp_004,2025-08-25,577.76
snap_003106,prod_2786,wh_003,2025-09-13,190,45,145,25,99,supp_002,2025-09-15,206.17
snap_003107,prod_1511,wh_003,2025-09-14,22,5,17,53,77,supp_004,2025-09-01,943.11
snap_003108,prod_6079,wh_002,2025-08-18,260,0,260,80,83,supp_002,2025-09-04,366.01
snap_003109,prod_9461,wh_005,2025-09-14,90,32,58,47,172,supp_004,2025-08-07,942.76
snap_003110,prod_4920,wh_004,2025-08-26,426,3,423,38,74,supp_002,2025-08-14,93.13
snap_003111,prod_1693,wh_005,2025-09-04,481,0,481,22,50,supp_003,2025-08-13,251.95
snap_003112,prod_1356,wh_002,2025-08-20,41,35,6,54,103,supp_003,2025-08-13,783.18
snap_003113,prod_1027,wh_002,2025-08-19,380,32,348,65,176,supp_003,2025-08-16,484.14
snap_003114,prod_4996,wh_005,2025-08-26,415,35,380,16,94,supp_002,2025-09-14,480.81
snap_003115,prod_6707,wh_001,2025-08-29,403,12,391,97,145,supp_001,2025-07-27,547.86
snap_003116,prod_3042,wh_001,2025-09-12,369,29,340,13,77,supp_002,2025-07-27,898.41
snap_003117,prod_3039,wh_004,2025-08-23,65,36,29,80,61,supp_003,2025-07-30,283.23
snap_003118,prod_8534,wh_004,2025-09-01,401,10,391,37,83,supp_003,2025-07-20,534.78
snap_003119,prod_5178,wh_004,2025-08-30,265,22,243,12,170,supp_001,2025-09-13,889.68
snap_003120,prod_2723,wh_003,2025-09-14,52,44,8,27,79,supp_004,2025-08-19,608.96
snap_003121,prod_9988,wh_001,2025-09-08,217,9,208,52,185,supp_005,2025-07-27,382.93
snap_003122,prod_4354,wh_003,2025-09-04,341,28,313,56,116,supp_003,2025-08-31,816.92
snap_003123,prod_3043,wh_002,2025-08-19,249,20,229,93,100,supp_004,2025-08-26,128.07
snap_003124,prod_5331,wh_004,2025-09-06,367,6,361,17,199,supp_001,2025-08-02,831.55
snap_003125,prod_5686,wh_005,2025-09-07,312,45,267,31,194,supp_001,2025-08-31,22.29
snap_003126,prod_8766,wh_002,2025-09-07,269,23,246,84,179,supp_001,2025-07-24,996.37
snap_003127,prod_1414,wh_002,2025-08-25,223,35,188,52,180,supp_001,2025-08-12,507.74
snap_003128,prod_4258,wh_004,2025-08-30,233,16,217,73,194,supp_001,2025-08-23,514.26
snap_003129,prod_9275,wh_001,2025-09-13,284,26,258,100,156,supp_004,2025-07-22,565.94
snap_003130,prod_3636,wh_005,2025-08-21,333,21,312,54,63,supp_001,2025-09-15,758.72
snap_003131,prod_3554,wh_001,2025-08-31,497,38,459,40,125,supp_001,2025-07-30,724.07
snap_003132,prod_1466,wh_005,2025-08-19,114,3,111,92,143,supp_004,2025-07-31,703.56
snap_003133,prod_8062,wh_005,2025-09-04,60,6,54,83,123,supp_001,2025-09-10,377.42
snap_003134,prod_4007,wh_002,2025-09-01,70,45,25,62,76,supp_005,2025-08-27,710.39
snap_003135,prod_2941,wh_001,2025-08-23,328,25,303,61,150,supp_001,2025-08-04,62.34
snap_003136,prod_9413,wh_004,2025-08-23,335,46,289,21,188,supp_003,2025-07-31,778.64
snap_003137,prod_3638,wh_002,2025-08-28,164,13,151,14,55,supp_004,2025-07-21,126.01
snap_003138,prod_9822,wh_005,2025-08-18,445,28,417,51,101,supp_004,2025-08-11,71.64
snap_003139,prod_7834,wh_002,2025-09-15,293,27,266,34,61,supp_004,2025-08-19,291.88
snap_003140,prod_8249,wh_004,2025-08-18,248,16,232,15,161,supp_001,2025-09-06,333.79
snap_003141,prod_2080,wh_005,2025-09-09,83,11,72,42,152,supp_005,2025-09-07,782.23
snap_003142,prod_1851,wh_002,2025-08-30,8,44,0,29,129,supp_001,2025-08-30,67.94
snap_003143,prod_9001,wh_004,2025-09-03,442,37,405,43,175,supp_005,2025-09-05,742.32
snap_003144,prod_1073,wh_002,2025-09-11,448,4,444,70,165,supp_003,2025-08-13,932.59
snap_003145,prod_4276,wh_003,2025-09-13,295,8,287,57,113,supp_002,2025-09-06,339.52
snap_003146,prod_6454,wh_003,2025-08-31,263,37,226,36,71,supp_001,2025-08-12,947.67
snap_003147,prod_9743,wh_004,2025-08-28,471,33,438,13,108,supp_001,2025-08-29,19.83
snap_003148,prod_6688,wh_002,2025-08-22,458,4,454,87,156,supp_003,2025-09-09,848.24
snap_003149,prod_5366,wh_004,2025-09-01,1,34,0,33,158,supp_002,2025-08-15,893.35
snap_003150,prod_7513,wh_002,2025-09-09,248,21,227,69,88,supp_003,2025-08-12,962.58
snap_003151,prod_3893,wh_002,2025-08-28,188,49,139,16,102,supp_005,2025-08-21,886.1
snap_003152,prod_1092,wh_005,2025-09-03,216,41,175,24,198,supp_004,2025-08-16,685.01
snap_003153,prod_6159,wh_002,2025-09-15,364,27,337,44,143,supp_003,2025-09-13,340.29
snap_003154,prod_7515,wh_004,2025-08-30,60,9,51,41,55,supp_001,2025-08-11,606.88
snap_003155,prod_4417,wh_005,2025-09-10,80,45,35,78,57,supp_005,2025-08-28,936.73
snap_003156,prod_4176,wh_004,2025-09-05,354,35,319,91,75,supp_003,2025-08-15,535.17
snap_003157,prod_9162,wh_004,2025-09-06,227,46,181,13,82,supp_004,2025-08-01,815.8
snap_003158,prod_5761,wh_005,2025-08-25,184,45,139,12,117,supp_004,2025-09-13,821.69
snap_003159,prod_4117,wh_001,2025-09-11,438,16,422,75,135,supp_005,2025-08-02,636.87
snap_003160,prod_8903,wh_002,2025-09-07,108,41,67,60,93,supp_004,2025-07-30,159.3
snap_003161,prod_4000,wh_001,2025-08-25,413,30,383,74,78,supp_004,2025-07-31,407.96
snap_003162,prod_3330,wh_004,2025-08-24,43,33,10,40,174,supp_001,2025-07-24,452.21
snap_003163,prod_5311,wh_004,2025-08-30,434,33,401,74,135,supp_003,2025-08-15,466.06
snap_003164,prod_7989,wh_002,2025-09-02,413,49,364,59,86,supp_005,2025-07-29,619.5
snap_003165,prod_5069,wh_004,2025-08-24,409,35,374,62,121,supp_003,2025-08-31,65.09
snap_003166,prod_4302,wh_005,2025-08-26,93,35,58,44,114,supp_003,2025-08-26,899.93
snap_003167,prod_4975,wh_005,2025-09-12,364,9,355,61,58,supp_003,2025-09-12,646.22
snap_003168,prod_3985,wh_001,2025-09-04,329,37,292,35,76,supp_003,2025-09-02,260.64
snap_003169,prod_3883,wh_002,2025-08-24,297,45,252,30,107,supp_001,2025-07-28,906.21
snap_003170,prod_4584,wh_004,2025-09-11,492,50,442,48,164,supp_002,2025-07-19,128.23
snap_003171,prod_6409,wh_001,2025-08-24,368,42,326,17,107,supp_002,2025-09-03,702.09
snap_003172,prod_8662,wh_002,2025-09-14,478,40,438,28,94,supp_004,2025-07-18,589.77
snap_003173,prod_5574,wh_004,2025-09-03,291,41,250,67,96,supp_003,2025-08-27,20.58
snap_003174,prod_6947,wh_003,2025-09-12,217,32,185,78,147,supp_003,2025-08-17,768.3
snap_003175,prod_4745,wh_003,2025-08-25,445,29,416,70,187,supp_004,2025-08-31,332.17
snap_003176,prod_1635,wh_005,2025-08-24,310,42,268,94,152,supp_003,2025-08-01,762.0
snap_003177,prod_4657,wh_005,2025-09-05,11,47,0,63,70,supp_001,2025-09-03,562.39
snap_003178,prod_5080,wh_001,2025-08-17,297,50,247,99,50,supp_003,2025-09-03,652.65
snap_003179,prod_3558,wh_004,2025-09-06,480,10,470,90,195,supp_005,2025-08-03,678.25
snap_003180,prod_7240,wh_003,2025-08-24,493,43,450,19,120,supp_002,2025-08-14,86.63
snap_003181,prod_4981,wh_003,2025-08-24,56,21,35,69,57,supp_001,2025-08-30,991.63
snap_003182,prod_7645,wh_005,2025-09-12,447,49,398,37,128,supp_001,2025-08-03,908.67
snap_003183,prod_3395,wh_002,2025-09-06,468,47,421,57,189,supp_002,2025-08-10,47.41
snap_003184,prod_6071,wh_005,2025-09-03,131,11,120,36,160,supp_002,2025-08-02,661.71
snap_003185,prod_6253,wh_004,2025-08-21,301,18,283,15,200,supp_003,2025-08-25,494.28
snap_003186,prod_2098,wh_002,2025-08-20,331,17,314,40,107,supp_005,2025-09-09,766.49
snap_003187,prod_4973,wh_005,2025-09-10,395,18,377,71,91,supp_004,2025-07-21,446.57
snap_003188,prod_3339,wh_003,2025-09-10,240,49,191,80,165,supp_003,2025-08-14,429.38
snap_003189,prod_7108,wh_001,2025-09-14,145,16,129,98,77,supp_001,2025-08-28,798.15
snap_003190,prod_2585,wh_004,2025-09-09,481,24,457,52,183,supp_002,2025-07-28,13.93
snap_003191,prod_7675,wh_002,2025-08-23,57,7,50,49,115,supp_005,2025-08-16,100.11
snap_003192,prod_1188,wh_005,2025-08-30,197,46,151,12,67,supp_004,2025-08-24,458.37
snap_003193,prod_1769,wh_002,2025-08-29,431,29,402,97,60,supp_001,2025-07-31,479.43
snap_003194,prod_3938,wh_004,2025-09-10,230,37,193,38,183,supp_003,2025-07-30,247.67
snap_003195,prod_8113,wh_002,2025-08-22,296,6,290,63,189,supp_005,2025-08-17,610.92
snap_003196,prod_1125,wh_004,2025-09-04,263,47,216,91,117,supp_003,2025-07-30,174.18
snap_003197,prod_6916,wh_005,2025-08-24,125,1,124,34,55,supp_005,2025-09-05,125.18
snap_003198,prod_2046,wh_005,2025-08-19,288,35,253,40,169,supp_004,2025-08-01,443.1
snap_003199,prod_5413,wh_005,2025-09-01,452,13,439,38,60,supp_003,2025-08-19,734.37
snap_003200,prod_9968,wh_004,2025-08-17,137,23,114,90,175,supp_004,2025-08-29,993.1
snap_003201,prod_1198,wh_002,2025-09-02,280,36,244,20,108,supp_003,2025-09-01,296.0
snap_003202,prod_6700,wh_005,2025-08-24,489,19,470,78,51,supp_001,2025-08-09,739.9
snap_003203,prod_9790,wh_003,2025-09-06,244,50,194,79,150,supp_004,2025-08-21,147.23
snap_003204,prod_4306,wh_003,2025-09-06,376,42,334,34,79,supp_001,2025-08-16,273.19
snap_003205,prod_1607,wh_002,2025-09-05,428,37,391,63,120,supp_004,2025-08-17,473.58
snap_003206,prod_4636,wh_004,2025-09-02,289,46,243,62,61,supp_003,2025-08-17,692.6
snap_003207,prod_6028,wh_001,2025-08-30,163,42,121,31,191,supp_001,2025-08-23,180.81
snap_003208,prod_8375,wh_001,2025-09-08,494,35,459,61,158,supp_003,2025-07-30,605.97
snap_003209,prod_5839,wh_001,2025-09-06,241,40,201,16,185,supp_004,2025-09-11,273.39
snap_003210,prod_2484,wh_003,2025-08-25,100,40,60,11,108,supp_004,2025-08-21,492.66
snap_003211,prod_2119,wh_004,2025-09-13,64,14,50,70,78,supp_002,2025-08-15,948.86
snap_003212,prod_1493,wh_004,2025-09-05,128,34,94,26,108,supp_003,2025-08-22,89.17
snap_003213,prod_2890,wh_001,2025-09-12,335,27,308,27,140,supp_002,2025-08-30,590.94
snap_003214,prod_1857,wh_003,2025-08-23,368,21,347,65,143,supp_002,2025-08-09,718.37
snap_003215,prod_5982,wh_004,2025-09-12,92,28,64,74,96,supp_002,2025-08-20,58.37
snap_003216,prod_5456,wh_004,2025-09-11,123,17,106,58,177,supp_002,2025-08-11,951.64
snap_003217,prod_3359,wh_002,2025-09-04,441,40,401,97,164,supp_005,2025-09-01,617.59
snap_003218,prod_9110,wh_002,2025-08-26,153,27,126,53,98,supp_004,2025-08-26,716.32
snap_003219,prod_1857,wh_003,2025-08-24,426,2,424,93,82,supp_001,2025-09-13,301.31
snap_003220,prod_1207,wh_001,2025-09-08,49,47,2,16,152,supp_003,2025-07-31,607.48
snap_003221,prod_8396,wh_001,2025-09-07,167,18,149,80,163,supp_001,2025-08-30,893.07
snap_003222,prod_9906,wh_001,2025-08-22,462,42,420,90,113,supp_002,2025-08-26,59.67
snap_003223,prod_1674,wh_004,2025-08-22,165,27,138,63,121,supp_002,2025-09-09,646.22
snap_003224,prod_4068,wh_004,2025-09-01,47,34,13,91,153,supp_002,2025-09-12,523.56
snap_003225,prod_6298,wh_003,2025-08-25,299,49,250,19,193,supp_002,2025-08-18,677.12
snap_003226,prod_8989,wh_004,2025-09-04,153,34,119,29,183,supp_003,2025-08-20,645.84
snap_003227,prod_8650,wh_001,2025-08-19,482,6,476,47,159,supp_002,2025-09-09,453.31
snap_003228,prod_2277,wh_005,2025-09-02,465,0,465,93,116,supp_002,2025-09-10,289.77
snap_003229,prod_3777,wh_003,2025-08-20,44,19,25,99,191,supp_003,2025-08-27,164.41
snap_003230,prod_9170,wh_005,2025-08-31,237,1,236,80,83,supp_002,2025-08-05,37.44
snap_003231,prod_1192,wh_003,2025-09-05,15,22,0,93,162,supp_003,2025-07-19,343.16
snap_003232,prod_3466,wh_002,2025-09-08,349,2,347,51,187,supp_004,2025-08-19,244.24
snap_003233,prod_1596,wh_005,2025-08-19,363,37,326,26,50,supp_003,2025-08-03,914.84
snap_003234,prod_8663,wh_003,2025-08-18,279,47,232,96,83,supp_003,2025-08-24,370.84
snap_003235,prod_5748,wh_004,2025-08-31,20,5,15,32,101,supp_005,2025-09-05,782.93
snap_003236,prod_9197,wh_003,2025-09-03,194,15,179,48,144,supp_004,2025-09-01,503.79
snap_003237,prod_4352,wh_001,2025-08-23,116,19,97,23,133,supp_005,2025-09-06,285.23
snap_003238,prod_8994,wh_001,2025-08-17,349,32,317,91,132,supp_003,2025-09-03,789.08
snap_003239,prod_5120,wh_002,2025-09-10,189,13,176,83,151,supp_005,2025-07-19,237.7
snap_003240,prod_9542,wh_003,2025-09-01,272,48,224,12,52,supp_004,2025-08-17,41.12
snap_003241,prod_7193,wh_005,2025-08-29,313,1,312,43,107,supp_004,2025-08-14,252.28
snap_003242,prod_1080,wh_005,2025-08-21,205,45,160,30,197,supp_004,2025-07-19,41.05
snap_003243,prod_1421,wh_003,2025-09-04,333,31,302,14,146,supp_002,2025-08-30,109.34
snap_003244,prod_9445,wh_003,2025-08-26,77,36,41,39,146,supp_005,2025-07-26,706.95
snap_003245,prod_5801,wh_001,2025-09-14,418,13,405,48,110,supp_002,2025-08-17,713.77
snap_003246,prod_2305,wh_001,2025-08-19,277,10,267,65,164,supp_001,2025-09-10,791.51
snap_003247,prod_8506,wh_001,2025-09-08,34,4,30,34,113,supp_001,2025-07-18,297.99
snap_003248,prod_2090,wh_003,2025-09-06,67,39,28,23,56,supp_003,2025-07-29,852.57
snap_003249,prod_2348,wh_005,2025-08-24,6,2,4,71,110,supp_004,2025-08-27,940.28
snap_003250,prod_9435,wh_001,2025-09-02,393,49,344,63,128,supp_001,2025-08-21,151.71
snap_003251,prod_2564,wh_001,2025-08-20,17,45,0,49,100,supp_003,2025-07-31,704.48
snap_003252,prod_9698,wh_002,2025-08-27,468,35,433,45,145,supp_004,2025-09-07,363.46
snap_003253,prod_4095,wh_001,2025-08-27,278,40,238,63,103,supp_002,2025-08-10,736.61
snap_003254,prod_3104,wh_003,2025-09-11,153,46,107,88,119,supp_001,2025-09-03,300.35
snap_003255,prod_3967,wh_001,2025-09-04,157,44,113,49,185,supp_003,2025-07-26,687.63
snap_003256,prod_3012,wh_003,2025-08-22,489,31,458,46,196,supp_003,2025-08-15,902.46
snap_003257,prod_1855,wh_003,2025-08-23,415,43,372,75,178,supp_001,2025-07-22,60.03
snap_003258,prod_3714,wh_005,2025-08-22,192,50,142,81,76,supp_003,2025-09-08,497.63
snap_003259,prod_1671,wh_005,2025-09-03,355,4,351,70,65,supp_004,2025-08-24,391.78
snap_003260,prod_6659,wh_002,2025-08-29,410,45,365,99,57,supp_001,2025-08-20,27.47
snap_003261,prod_5458,wh_004,2025-09-07,105,22,83,91,110,supp_005,2025-07-26,356.47
snap_003262,prod_5513,wh_004,2025-08-27,195,21,174,68,77,supp_002,2025-08-19,79.21
snap_003263,prod_9079,wh_001,2025-08-17,70,11,59,33,195,supp_005,2025-08-11,727.7
snap_003264,prod_9503,wh_005,2025-09-12,232,50,182,62,132,supp_005,2025-08-20,816.51
snap_003265,prod_9410,wh_005,2025-09-08,156,8,148,91,93,supp_002,2025-08-26,308.23
snap_003266,prod_8966,wh_003,2025-09-07,248,41,207,53,127,supp_004,2025-08-03,483.28
snap_003267,prod_5367,wh_005,2025-09-14,476,6,470,96,89,supp_002,2025-07-20,993.12
snap_003268,prod_7881,wh_003,2025-09-04,24,40,0,62,183,supp_002,2025-07-25,574.53
snap_003269,prod_7296,wh_002,2025-08-19,226,17,209,19,86,supp_001,2025-08-31,449.39
snap_003270,prod_2885,wh_005,2025-08-22,227,26,201,52,158,supp_001,2025-07-25,340.68
snap_003271,prod_1171,wh_003,2025-09-15,401,38,363,66,129,supp_004,2025-08-18,453.65
snap_003272,prod_8934,wh_005,2025-09-11,218,47,171,69,172,supp_005,2025-09-04,447.2
snap_003273,prod_2225,wh_003,2025-09-11,311,2,309,88,132,supp_003,2025-09-12,207.45
snap_003274,prod_3108,wh_002,2025-08-27,199,7,192,29,148,supp_001,2025-08-02,661.43
snap_003275,prod_1493,wh_005,2025-08-29,222,12,210,87,191,supp_001,2025-07-21,775.51
snap_003276,prod_4741,wh_003,2025-08-29,62,11,51,67,72,supp_001,2025-07-27,794.18
snap_003277,prod_9952,wh_005,2025-08-22,156,43,113,34,126,supp_005,2025-09-08,352.43
snap_003278,prod_8755,wh_003,2025-08-23,102,13,89,28,93,supp_002,2025-08-26,293.17
snap_003279,prod_6582,wh_003,2025-09-06,17,49,0,65,195,supp_002,2025-08-22,962.35
snap_003280,prod_6808,wh_003,2025-09-12,352,25,327,71,186,supp_002,2025-08-23,735.28
snap_003281,prod_5458,wh_004,2025-08-25,329,31,298,44,160,supp_004,2025-08-08,866.78
snap_003282,prod_2900,wh_004,2025-08-23,105,7,98,32,190,supp_001,2025-07-21,973.83
snap_003283,prod_5906,wh_002,2025-09-11,95,24,71,92,88,supp_001,2025-08-01,532.9
snap_003284,prod_6863,wh_001,2025-09-14,348,28,320,70,130,supp_004,2025-08-06,390.57
snap_003285,prod_3814,wh_005,2025-08-29,127,50,77,78,96,supp_002,2025-08-26,240.58
snap_003286,prod_9781,wh_001,2025-09-14,233,19,214,65,97,supp_002,2025-07-28,657.57
snap_003287,prod_1768,wh_002,2025-09-15,112,17,95,13,71,supp_005,2025-08-18,388.85
snap_003288,prod_4565,wh_004,2025-08-28,330,2,328,49,86,supp_003,2025-07-23,949.68
snap_003289,prod_2140,wh_004,2025-08-26,49,3,46,13,123,supp_001,2025-09-07,76.17
snap_003290,prod_7136,wh_002,2025-09-10,493,38,455,19,160,supp_003,2025-09-07,649.27
snap_003291,prod_8072,wh_005,2025-08-30,228,7,221,11,187,supp_002,2025-08-04,662.3
snap_003292,prod_2088,wh_004,2025-08-22,238,5,233,75,60,supp_001,2025-09-03,647.75
snap_003293,prod_4053,wh_003,2025-08-17,126,18,108,88,134,supp_004,2025-09-08,735.36
snap_003294,prod_1058,wh_005,2025-08-26,98,32,66,14,100,supp_005,2025-08-28,579.0
snap_003295,prod_3495,wh_003,2025-09-15,247,45,202,34,98,supp_005,2025-08-21,847.38
snap_003296,prod_9365,wh_001,2025-08-24,56,0,56,32,128,supp_005,2025-09-06,43.99
snap_003297,prod_6835,wh_001,2025-08-27,379,2,377,29,80,supp_003,2025-09-02,619.46
snap_003298,prod_1336,wh_005,2025-09-10,57,33,24,24,59,supp_002,2025-08-29,808.87
snap_003299,prod_6247,wh_001,2025-08-31,418,15,403,33,112,supp_003,2025-09-01,845.54
snap_003300,prod_6074,wh_004,2025-09-02,289,42,247,53,148,supp_004,2025-09-13,159.24
snap_003301,prod_5213,wh_004,2025-09-08,335,26,309,12,174,supp_005,2025-08-10,364.14
snap_003302,prod_8610,wh_005,2025-08-24,367,35,332,94,172,supp_003,2025-08-06,77.49
snap_003303,prod_3048,wh_002,2025-09-05,292,0,292,66,130,supp_002,2025-08-29,65.19
snap_003304,prod_1376,wh_001,2025-08-22,93,48,45,56,105,supp_005,2025-07-24,142.0
snap_003305,prod_5118,wh_001,2025-09-04,135,4,131,57,66,supp_005,2025-07-24,279.49
snap_003306,prod_7337,wh_005,2025-08-27,490,34,456,54,158,supp_004,2025-08-13,909.43
snap_003307,prod_1503,wh_005,2025-09-02,335,1,334,59,138,supp_004,2025-07-19,514.6
snap_003308,prod_5472,wh_005,2025-09-03,208,13,195,39,156,supp_001,2025-08-01,92.67
snap_003309,prod_6073,wh_004,2025-08-22,100,9,91,73,51,supp_004,2025-09-06,357.44
snap_003310,prod_4637,wh_001,2025-08-22,221,10,211,46,156,supp_001,2025-07-26,582.03
snap_003311,prod_3935,wh_004,2025-09-07,249,40,209,44,117,supp_003,2025-07-31,695.59
snap_003312,prod_9597,wh_001,2025-08-29,90,49,41,35,115,supp_004,2025-08-13,183.47
snap_003313,prod_2726,wh_001,2025-08-26,64,29,35,16,105,supp_001,2025-08-04,40.46
snap_003314,prod_3499,wh_005,2025-08-17,498,41,457,24,155,supp_001,2025-07-25,567.11
snap_003315,prod_1530,wh_005,2025-09-04,140,44,96,93,85,supp_004,2025-09-02,193.38
snap_003316,prod_8699,wh_005,2025-08-29,198,30,168,54,73,supp_005,2025-09-01,621.99
snap_003317,prod_2815,wh_005,2025-09-08,101,0,101,12,178,supp_005,2025-07-31,245.3
snap_003318,prod_5699,wh_005,2025-09-04,144,19,125,71,110,supp_005,2025-08-05,176.56
snap_003319,prod_7135,wh_002,2025-09-07,256,41,215,88,71,supp_004,2025-09-06,367.16
snap_003320,prod_4841,wh_004,2025-09-05,199,17,182,99,110,supp_003,2025-08-15,529.86
snap_003321,prod_6673,wh_005,2025-08-30,150,40,110,22,152,supp_001,2025-08-25,305.42
snap_003322,prod_3008,wh_005,2025-09-13,252,48,204,29,120,supp_003,2025-09-01,89.52
snap_003323,prod_4747,wh_004,2025-08-23,413,19,394,39,100,supp_003,2025-08-18,43.01
snap_003324,prod_3905,wh_002,2025-08-29,275,47,228,46,169,supp_004,2025-07-19,274.86
snap_003325,prod_2680,wh_002,2025-09-14,233,24,209,67,182,supp_002,2025-07-25,515.34
snap_003326,prod_1327,wh_002,2025-08-20,312,27,285,98,96,supp_004,2025-09-15,964.01
snap_003327,prod_7112,wh_002,2025-08-24,366,24,342,14,159,supp_002,2025-08-26,897.92
snap_003328,prod_3713,wh_004,2025-09-07,398,34,364,15,162,supp_002,2025-09-06,354.42
snap_003329,prod_2771,wh_005,2025-09-15,10,30,0,45,89,supp_004,2025-09-10,903.98
snap_003330,prod_3258,wh_003,2025-09-08,390,24,366,14,117,supp_004,2025-07-23,274.24
snap_003331,prod_6795,wh_002,2025-09-14,82,5,77,40,145,supp_005,2025-08-12,225.81
snap_003332,prod_7641,wh_001,2025-08-23,125,0,125,12,126,supp_005,2025-09-13,865.71
snap_003333,prod_4134,wh_005,2025-08-21,275,7,268,61,181,supp_001,2025-08-26,775.25
snap_003334,prod_5953,wh_001,2025-09-06,160,21,139,99,170,supp_001,2025-08-04,464.76
snap_003335,prod_7495,wh_002,2025-08-23,316,34,282,19,74,supp_002,2025-07-30,976.22
snap_003336,prod_2210,wh_003,2025-08-24,399,16,383,84,76,supp_001,2025-08-26,19.95
snap_003337,prod_8168,wh_004,2025-09-03,300,32,268,80,139,supp_001,2025-09-12,675.31
snap_003338,prod_7844,wh_005,2025-08-25,397,12,385,55,150,supp_005,2025-07-19,697.61
snap_003339,prod_7423,wh_001,2025-08-23,391,26,365,23,56,supp_003,2025-09-01,624.76
snap_003340,prod_2701,wh_005,2025-08-27,159,11,148,75,111,supp_004,2025-08-27,686.76
snap_003341,prod_7536,wh_005,2025-09-07,175,23,152,38,124,supp_003,2025-07-23,210.32
snap_003342,prod_6178,wh_004,2025-09-14,346,24,322,29,77,supp_001,2025-09-13,314.75
snap_003343,prod_8960,wh_004,2025-09-03,264,40,224,50,121,supp_004,2025-08-23,953.03
snap_003344,prod_5322,wh_001,2025-08-22,496,48,448,21,179,supp_003,2025-09-07,816.49
snap_003345,prod_9874,wh_003,2025-09-01,319,16,303,31,126,supp_005,2025-08-10,297.05
snap_003346,prod_8104,wh_004,2025-09-02,241,1,240,29,150,supp_003,2025-07-21,525.39
snap_003347,prod_6690,wh_002,2025-09-11,372,41,331,42,134,supp_003,2025-09-11,297.09
snap_003348,prod_5595,wh_003,2025-08-26,361,27,334,81,69,supp_004,2025-09-06,943.21
snap_003349,prod_3843,wh_001,2025-08-24,225,1,224,44,168,supp_002,2025-08-24,964.89
snap_003350,prod_6926,wh_002,2025-09-09,52,28,24,35,99,supp_004,2025-08-17,116.5
snap_003351,prod_9385,wh_004,2025-08-28,307,43,264,80,134,supp_001,2025-08-15,490.08
snap_003352,prod_6141,wh_004,2025-09-02,197,45,152,10,174,supp_002,2025-07-26,472.6
snap_003353,prod_5339,wh_005,2025-09-14,153,33,120,44,98,supp_002,2025-07-18,160.86
snap_003354,prod_7849,wh_001,2025-08-20,401,35,366,96,54,supp_004,2025-09-09,703.3
snap_003355,prod_4271,wh_003,2025-09-07,8,34,0,47,177,supp_004,2025-08-19,677.77
snap_003356,prod_7128,wh_004,2025-08-17,348,50,298,44,137,supp_005,2025-08-13,744.92
snap_003357,prod_2218,wh_001,2025-09-06,200,18,182,78,72,supp_002,2025-08-02,910.99
snap_003358,prod_4052,wh_002,2025-09-03,73,8,65,32,110,supp_004,2025-09-11,148.41
snap_003359,prod_7491,wh_001,2025-09-05,69,28,41,20,129,supp_005,2025-08-13,631.68
snap_003360,prod_1777,wh_004,2025-08-27,271,24,247,73,123,supp_002,2025-07-28,828.12
snap_003361,prod_3535,wh_001,2025-09-12,72,48,24,68,186,supp_005,2025-07-23,321.98
snap_003362,prod_5100,wh_002,2025-08-25,223,31,192,94,50,supp_005,2025-07-31,528.06
snap_003363,prod_2497,wh_002,2025-08-30,357,49,308,44,93,supp_004,2025-09-14,309.88
snap_003364,prod_4065,wh_002,2025-09-12,272,22,250,41,133,supp_004,2025-08-17,702.89
snap_003365,prod_6785,wh_001,2025-09-08,301,28,273,73,71,supp_004,2025-09-04,742.93
snap_003366,prod_2937,wh_003,2025-08-26,86,36,50,12,166,supp_003,2025-07-21,361.99
snap_003367,prod_5301,wh_001,2025-09-09,307,42,265,63,84,supp_004,2025-09-13,95.14
snap_003368,prod_5995,wh_003,2025-09-04,367,21,346,99,179,supp_002,2025-09-03,207.75
snap_003369,prod_6580,wh_001,2025-09-07,323,10,313,90,81,supp_004,2025-07-23,653.45
snap_003370,prod_5961,wh_003,2025-08-27,204,17,187,96,115,supp_003,2025-09-13,603.85
snap_003371,prod_8175,wh_005,2025-09-07,184,40,144,50,78,supp_002,2025-08-26,892.65
snap_003372,prod_4013,wh_004,2025-08-26,118,22,96,11,191,supp_005,2025-09-04,732.33
snap_003373,prod_3291,wh_005,2025-09-11,380,10,370,87,116,supp_002,2025-07-18,907.36
snap_003374,prod_9636,wh_001,2025-09-01,442,0,442,65,195,supp_001,2025-08-27,52.09
snap_003375,prod_5569,wh_005,2025-09-05,196,11,185,59,65,supp_001,2025-08-24,681.62
snap_003376,prod_4645,wh_003,2025-08-31,83,9,74,91,174,supp_001,2025-09-11,158.68
snap_003377,prod_7536,wh_003,2025-09-14,279,45,234,77,128,supp_003,2025-08-13,995.14
snap_003378,prod_4323,wh_005,2025-09-10,437,46,391,22,147,supp_004,2025-07-21,411.42
snap_003379,prod_1953,wh_003,2025-09-05,193,7,186,94,50,supp_001,2025-09-06,521.26
snap_003380,prod_4124,wh_001,2025-08-21,308,23,285,15,166,supp_004,2025-09-12,932.58
snap_003381,prod_9001,wh_004,2025-08-26,320,31,289,60,178,supp_001,2025-08-11,950.52
snap_003382,prod_2810,wh_002,2025-09-12,405,30,375,64,162,supp_002,2025-07-23,815.29
snap_003383,prod_9450,wh_004,2025-08-30,494,42,452,62,189,supp_004,2025-08-22,52.35
snap_003384,prod_5325,wh_004,2025-08-23,64,34,30,48,184,supp_005,2025-07-21,479.45
snap_003385,prod_7609,wh_003,2025-09-08,304,1,303,45,83,supp_005,2025-09-08,644.7
snap_003386,prod_6387,wh_004,2025-09-07,195,32,163,53,132,supp_005,2025-07-19,520.75
snap_003387,prod_5901,wh_002,2025-08-29,387,31,356,50,98,supp_004,2025-08-14,192.88
snap_003388,prod_5166,wh_002,2025-08-22,228,33,195,59,62,supp_002,2025-09-12,40.56
snap_003389,prod_2421,wh_003,2025-08-23,184,47,137,51,64,supp_001,2025-09-03,413.28
snap_003390,prod_3921,wh_004,2025-08-31,44,39,5,62,104,supp_002,2025-09-10,319.2
snap_003391,prod_2509,wh_004,2025-08-24,365,8,357,49,65,supp_003,2025-08-30,844.97
snap_003392,prod_6335,wh_001,2025-09-05,227,24,203,17,181,supp_004,2025-07-27,103.97
snap_003393,prod_2723,wh_003,2025-08-27,194,40,154,46,132,supp_002,2025-09-08,95.9
snap_003394,prod_3234,wh_001,2025-09-07,490,36,454,31,143,supp_004,2025-08-19,923.72
snap_003395,prod_6275,wh_005,2025-08-20,212,23,189,69,144,supp_003,2025-09-15,258.26
snap_003396,prod_8276,wh_003,2025-08-26,260,47,213,56,73,supp_001,2025-08-12,184.55
snap_003397,prod_3842,wh_003,2025-08-17,32,24,8,59,69,supp_001,2025-09-07,848.6
snap_003398,prod_2941,wh_004,2025-09-13,469,31,438,87,146,supp_004,2025-08-11,681.77
snap_003399,prod_3779,wh_004,2025-08-28,0,48,0,30,80,supp_004,2025-07-24,396.66
snap_003400,prod_9488,wh_004,2025-09-04,52,26,26,68,99,supp_002,2025-07-21,404.2
snap_003401,prod_9227,wh_004,2025-09-11,3,19,0,65,108,supp_005,2025-08-08,911.19
snap_003402,prod_1611,wh_002,2025-09-14,1,48,0,89,105,supp_002,2025-07-24,791.16
snap_003403,prod_4701,wh_003,2025-09-14,219,23,196,79,58,supp_001,2025-08-10,834.03
snap_003404,prod_5856,wh_004,2025-08-24,30,27,3,39,200,supp_004,2025-08-09,489.65
snap_003405,prod_3352,wh_002,2025-08-31,330,37,293,14,112,supp_005,2025-07-29,143.3
snap_003406,prod_7458,wh_003,2025-08-24,490,47,443,20,175,supp_001,2025-08-08,577.24
snap_003407,prod_1115,wh_004,2025-09-15,146,38,108,60,129,supp_002,2025-08-30,788.79
snap_003408,prod_3195,wh_001,2025-09-13,163,34,129,66,106,supp_001,2025-07-31,220.04
snap_003409,prod_2332,wh_005,2025-08-31,59,47,12,12,162,supp_005,2025-08-18,207.44
snap_003410,prod_1773,wh_001,2025-09-15,345,25,320,76,157,supp_004,2025-09-13,168.24
snap_003411,prod_8386,wh_002,2025-09-08,26,41,0,64,143,supp_004,2025-07-22,24.6
snap_003412,prod_9350,wh_005,2025-09-13,254,22,232,29,180,supp_005,2025-09-02,310.17
snap_003413,prod_9876,wh_004,2025-08-21,141,42,99,90,111,supp_003,2025-08-15,893.79
snap_003414,prod_2364,wh_003,2025-09-06,269,11,258,88,135,supp_003,2025-09-11,192.78
snap_003415,prod_3375,wh_004,2025-08-17,488,40,448,10,177,supp_005,2025-08-07,793.27
snap_003416,prod_4547,wh_004,2025-09-14,275,4,271,87,117,supp_001,2025-07-25,929.53
snap_003417,prod_7075,wh_002,2025-08-17,378,20,358,91,92,supp_003,2025-07-18,652.58
snap_003418,prod_2089,wh_002,2025-09-05,72,45,27,68,110,supp_005,2025-08-09,329.36
snap_003419,prod_4875,wh_003,2025-09-03,89,42,47,75,170,supp_002,2025-09-01,254.41
snap_003420,prod_1433,wh_005,2025-08-30,260,4,256,31,53,supp_001,2025-07-24,895.92
snap_003421,prod_5569,wh_002,2025-09-03,250,3,247,98,62,supp_004,2025-07-27,632.58
snap_003422,prod_3130,wh_001,2025-09-02,289,41,248,65,192,supp_002,2025-09-12,117.31
snap_003423,prod_1526,wh_003,2025-09-14,176,46,130,65,198,supp_002,2025-09-08,132.18
snap_003424,prod_4844,wh_005,2025-08-30,122,30,92,52,143,supp_005,2025-07-22,89.66
snap_003425,prod_3247,wh_004,2025-08-21,205,22,183,43,184,supp_005,2025-08-12,268.77
snap_003426,prod_6722,wh_005,2025-09-15,94,45,49,69,81,supp_001,2025-07-25,104.78
snap_003427,prod_3401,wh_004,2025-09-07,16,34,0,25,59,supp_002,2025-08-12,816.61
snap_003428,prod_1654,wh_001,2025-08-29,252,0,252,55,192,supp_003,2025-08-09,697.97
snap_003429,prod_5164,wh_001,2025-09-04,154,32,122,81,154,supp_005,2025-07-31,821.59
snap_003430,prod_3825,wh_003,2025-09-05,327,19,308,97,149,supp_004,2025-09-04,309.7
snap_003431,prod_8608,wh_001,2025-09-08,35,24,11,68,157,supp_003,2025-08-02,940.45
snap_003432,prod_1106,wh_003,2025-08-19,249,18,231,34,155,supp_002,2025-07-20,692.34
snap_003433,prod_7855,wh_005,2025-08-19,7,41,0,97,106,supp_003,2025-08-21,223.03
snap_003434,prod_5642,wh_003,2025-09-03,217,17,200,94,69,supp_003,2025-09-06,918.75
snap_003435,prod_3080,wh_003,2025-08-29,368,3,365,86,78,supp_002,2025-08-08,328.79
snap_003436,prod_8154,wh_001,2025-08-31,131,29,102,19,151,supp_001,2025-08-08,162.62
snap_003437,prod_6682,wh_001,2025-09-05,19,3,16,10,155,supp_001,2025-08-07,187.15
snap_003438,prod_8540,wh_001,2025-08-20,413,28,385,65,102,supp_003,2025-07-31,22.73
snap_003439,prod_5132,wh_002,2025-08-22,481,41,440,18,179,supp_001,2025-08-02,977.37
snap_003440,prod_6277,wh_005,2025-08-21,266,46,220,27,100,supp_001,2025-08-18,557.62
snap_003441,prod_4223,wh_001,2025-09-03,51,34,17,90,110,supp_005,2025-08-10,779.65
snap_003442,prod_8060,wh_004,2025-09-03,77,13,64,38,118,supp_002,2025-08-06,224.17
snap_003443,prod_2769,wh_002,2025-08-31,73,9,64,16,61,supp_003,2025-08-02,473.86
snap_003444,prod_1274,wh_005,2025-08-20,181,8,173,15,89,supp_005,2025-07-20,70.6
snap_003445,prod_8766,wh_003,2025-09-13,375,33,342,49,65,supp_004,2025-08-04,73.17
snap_003446,prod_3432,wh_004,2025-09-11,473,43,430,68,176,supp_005,2025-07-24,394.23
snap_003447,prod_9291,wh_004,2025-09-07,137,6,131,100,122,supp_005,2025-09-12,44.75
snap_003448,prod_1402,wh_005,2025-08-20,429,8,421,76,147,supp_003,2025-08-25,528.68
snap_003449,prod_8119,wh_003,2025-09-11,129,25,104,75,100,supp_002,2025-07-31,784.89
snap_003450,prod_9889,wh_002,2025-09-07,483,45,438,79,80,supp_001,2025-08-14,472.39
snap_003451,prod_7090,wh_001,2025-08-27,409,45,364,12,162,supp_005,2025-09-11,503.42
snap_003452,prod_7614,wh_005,2025-08-29,96,32,64,64,86,supp_005,2025-07-30,100.08
snap_003453,prod_9795,wh_001,2025-08-26,326,34,292,17,131,supp_001,2025-08-23,235.8
snap_003454,prod_8392,wh_001,2025-09-02,11,42,0,49,151,supp_002,2025-08-11,103.46
snap_003455,prod_5919,wh_005,2025-08-31,325,35,290,75,57,supp_003,2025-08-13,848.32
snap_003456,prod_8375,wh_004,2025-08-28,486,13,473,71,118,supp_003,2025-08-05,447.3
snap_003457,prod_9131,wh_003,2025-09-15,484,19,465,59,71,supp_001,2025-08-01,794.44
snap_003458,prod_2058,wh_003,2025-08-19,295,32,263,48,70,supp_003,2025-07-31,228.12
snap_003459,prod_7819,wh_003,2025-09-13,25,9,16,59,128,supp_002,2025-07-26,294.89
snap_003460,prod_3326,wh_004,2025-09-13,480,17,463,94,183,supp_002,2025-08-07,385.58
snap_003461,prod_1297,wh_003,2025-08-25,425,20,405,52,194,supp_002,2025-08-23,152.32
snap_003462,prod_4536,wh_004,2025-08-21,310,19,291,67,189,supp_001,2025-09-11,91.17
snap_003463,prod_8510,wh_003,2025-08-31,453,1,452,54,126,supp_001,2025-09-11,667.71
snap_003464,prod_5901,wh_004,2025-08-24,29,44,0,77,71,supp_004,2025-09-15,997.32
snap_003465,prod_1794,wh_001,2025-09-10,17,15,2,63,134,supp_004,2025-08-19,401.06
snap_003466,prod_5544,wh_001,2025-09-13,342,7,335,71,93,supp_001,2025-07-31,179.19
snap_003467,prod_9465,wh_004,2025-09-06,460,30,430,52,193,supp_003,2025-08-05,666.1
snap_003468,prod_9146,wh_001,2025-09-02,295,6,289,62,64,supp_003,2025-08-11,145.61
snap_003469,prod_5184,wh_001,2025-08-28,50,2,48,20,159,supp_003,2025-08-22,189.92
snap_003470,prod_4304,wh_002,2025-09-09,184,27,157,99,186,supp_003,2025-08-07,485.97
snap_003471,prod_5455,wh_004,2025-09-04,164,3,161,83,85,supp_005,2025-09-15,816.22
snap_003472,prod_2140,wh_001,2025-09-01,275,49,226,27,80,supp_001,2025-08-18,855.1
snap_003473,prod_3087,wh_001,2025-08-25,180,12,168,61,184,supp_001,2025-08-29,926.81
snap_003474,prod_3548,wh_003,2025-08-31,126,25,101,79,120,supp_001,2025-09-05,74.19
snap_003475,prod_3138,wh_005,2025-08-26,415,32,383,47,98,supp_005,2025-08-26,659.62
snap_003476,prod_9779,wh_003,2025-08-30,358,37,321,99,165,supp_005,2025-08-15,73.71
snap_003477,prod_9198,wh_003,2025-08-25,213,23,190,25,75,supp_004,2025-09-07,55.08
snap_003478,prod_8833,wh_004,2025-09-10,323,14,309,84,131,supp_005,2025-08-18,928.57
snap_003479,prod_3273,wh_003,2025-08-22,281,20,261,74,189,supp_002,2025-09-14,839.52
snap_003480,prod_6941,wh_003,2025-09-06,142,46,96,21,139,supp_001,2025-08-06,808.5
snap_003481,prod_4161,wh_003,2025-09-03,382,0,382,37,171,supp_001,2025-08-15,901.67
snap_003482,prod_9674,wh_001,2025-08-27,338,13,325,34,120,supp_004,2025-09-03,446.47
snap_003483,prod_1657,wh_002,2025-08-20,216,24,192,89,122,supp_001,2025-08-18,713.48
snap_003484,prod_3222,wh_002,2025-09-06,268,8,260,77,134,supp_005,2025-09-01,285.08
snap_003485,prod_7508,wh_001,2025-09-06,348,28,320,24,161,supp_003,2025-08-10,268.12
snap_003486,prod_9279,wh_004,2025-08-19,254,37,217,43,52,supp_001,2025-07-23,566.28
snap_003487,prod_8008,wh_003,2025-09-06,339,46,293,80,149,supp_004,2025-09-01,369.97
snap_003488,prod_7799,wh_004,2025-09-12,42,11,31,63,162,supp_002,2025-08-27,114.2
snap_003489,prod_4718,wh_001,2025-08-23,34,9,25,96,137,supp_002,2025-07-25,377.98
snap_003490,prod_4257,wh_004,2025-09-10,447,32,415,26,153,supp_004,2025-08-11,497.69
snap_003491,prod_8589,wh_001,2025-09-15,33,44,0,71,84,supp_005,2025-09-10,561.49
snap_003492,prod_4199,wh_002,2025-09-12,102,50,52,18,52,supp_001,2025-07-27,642.43
snap_003493,prod_2980,wh_004,2025-09-08,114,13,101,46,190,supp_003,2025-08-03,416.85
snap_003494,prod_2909,wh_005,2025-08-25,235,11,224,98,177,supp_001,2025-08-03,423.49
snap_003495,prod_9403,wh_003,2025-08-24,395,0,395,34,109,supp_001,2025-08-06,712.35
snap_003496,prod_2401,wh_002,2025-09-05,451,28,423,50,184,supp_004,2025-08-20,762.33
snap_003497,prod_2701,wh_003,2025-08-26,257,10,247,83,93,supp_004,2025-07-30,712.21
snap_003498,prod_7671,wh_005,2025-09-13,189,16,173,88,156,supp_005,2025-07-29,646.57
snap_003499,prod_4915,wh_001,2025-09-04,2,2,0,41,56,supp_003,2025-07-29,77.79
snap_003500,prod_1415,wh_001,2025-08-18,338,17,321,46,193,supp_003,2025-08-04,389.29
snap_003501,prod_3661,wh_005,2025-08-22,274,1,273,84,140,supp_004,2025-07-28,296.25
snap_003502,prod_5293,wh_005,2025-09-12,2,7,0,50,175,supp_003,2025-09-06,786.11
snap_003503,prod_2659,wh_002,2025-08-18,185,16,169,20,142,supp_001,2025-07-20,920.48
snap_003504,prod_1400,wh_002,2025-09-03,250,27,223,79,52,supp_002,2025-07-24,783.27
snap_003505,prod_3879,wh_003,2025-09-06,454,34,420,76,75,supp_001,2025-09-10,538.05
snap_003506,prod_4784,wh_001,2025-08-18,100,24,76,26,69,supp_005,2025-08-28,855.17
snap_003507,prod_3387,wh_002,2025-09-13,159,47,112,60,70,supp_003,2025-09-09,499.18
snap_003508,prod_3446,wh_003,2025-09-08,213,7,206,31,116,supp_002,2025-08-26,832.5
snap_003509,prod_1014,wh_005,2025-08-29,191,28,163,37,64,supp_005,2025-08-26,478.7
snap_003510,prod_1988,wh_002,2025-08-24,448,16,432,40,90,supp_003,2025-08-06,128.8
snap_003511,prod_2846,wh_005,2025-08-26,96,8,88,68,127,supp_004,2025-08-31,893.26
snap_003512,prod_6197,wh_005,2025-09-15,196,35,161,87,97,supp_001,2025-07-24,54.25
snap_003513,prod_1140,wh_003,2025-09-07,362,16,346,56,118,supp_005,2025-07-28,863.23
snap_003514,prod_6512,wh_002,2025-09-10,98,30,68,56,72,supp_005,2025-09-12,13.5
snap_003515,prod_4643,wh_003,2025-09-06,395,45,350,90,91,supp_002,2025-09-13,703.8
snap_003516,prod_7105,wh_003,2025-09-13,397,20,377,25,107,supp_002,2025-07-18,43.01
snap_003517,prod_9422,wh_004,2025-09-08,119,26,93,62,61,supp_005,2025-08-01,135.9
snap_003518,prod_3700,wh_003,2025-09-14,353,31,322,72,97,supp_005,2025-08-24,448.08
snap_003519,prod_1005,wh_001,2025-09-10,176,49,127,10,93,supp_003,2025-08-07,913.41
snap_003520,prod_9529,wh_005,2025-09-07,237,23,214,66,200,supp_003,2025-08-20,822.05
snap_003521,prod_2144,wh_004,2025-09-07,362,32,330,57,101,supp_003,2025-08-21,855.44
snap_003522,prod_3867,wh_002,2025-08-23,87,39,48,17,79,supp_004,2025-07-24,572.61
snap_003523,prod_5794,wh_002,2025-08-22,89,13,76,18,132,supp_001,2025-08-13,265.36
snap_003524,prod_9195,wh_005,2025-08-23,397,44,353,29,82,supp_003,2025-08-03,45.53
snap_003525,prod_5084,wh_002,2025-08-22,358,45,313,32,131,supp_001,2025-07-29,464.67
snap_003526,prod_4171,wh_002,2025-08-17,248,22,226,17,66,supp_003,2025-08-05,775.96
snap_003527,prod_4477,wh_003,2025-08-22,480,17,463,76,73,supp_002,2025-08-08,380.08
snap_003528,prod_8508,wh_004,2025-09-01,113,50,63,83,173,supp_004,2025-08-04,169.81
snap_003529,prod_5960,wh_004,2025-08-31,328,46,282,22,96,supp_005,2025-09-01,544.82
snap_003530,prod_4158,wh_004,2025-08-31,279,8,271,69,135,supp_005,2025-07-29,904.78
snap_003531,prod_9510,wh_002,2025-08-31,176,15,161,30,81,supp_001,2025-09-13,445.12
snap_003532,prod_9989,wh_004,2025-08-25,11,21,0,47,143,supp_005,2025-09-11,657.08
snap_003533,prod_5239,wh_005,2025-08-26,433,39,394,58,129,supp_001,2025-08-23,386.58
snap_003534,prod_7233,wh_004,2025-08-17,497,37,460,24,120,supp_001,2025-07-19,384.07
snap_003535,prod_2196,wh_005,2025-09-02,14,29,0,40,166,supp_005,2025-09-06,142.46
snap_003536,prod_4627,wh_002,2025-08-29,177,30,147,59,126,supp_001,2025-08-08,596.9
snap_003537,prod_4525,wh_001,2025-08-28,40,27,13,51,163,supp_002,2025-08-27,524.95
snap_003538,prod_5047,wh_005,2025-08-17,280,19,261,59,113,supp_002,2025-08-13,521.57
snap_003539,prod_9636,wh_002,2025-08-26,314,8,306,71,82,supp_002,2025-09-02,626.96
snap_003540,prod_7626,wh_002,2025-08-19,91,19,72,11,104,supp_004,2025-08-19,211.13
snap_003541,prod_1891,wh_005,2025-08-25,255,50,205,64,175,supp_005,2025-07-31,742.8
snap_003542,prod_2105,wh_005,2025-08-23,84,6,78,32,130,supp_001,2025-08-06,941.44
snap_003543,prod_1352,wh_004,2025-09-04,42,28,14,93,181,supp_004,2025-08-21,19.46
snap_003544,prod_9617,wh_001,2025-09-03,293,21,272,29,133,supp_005,2025-07-27,155.79
snap_003545,prod_8825,wh_002,2025-08-23,34,3,31,69,54,supp_001,2025-07-18,758.47
snap_003546,prod_8256,wh_004,2025-08-30,415,26,389,79,85,supp_002,2025-08-12,804.93
snap_003547,prod_2625,wh_002,2025-09-07,234,44,190,80,159,supp_005,2025-08-08,492.98
snap_003548,prod_4920,wh_005,2025-08-31,348,19,329,86,96,supp_003,2025-07-28,666.99
snap_003549,prod_9697,wh_005,2025-09-10,294,7,287,70,134,supp_002,2025-07-20,75.04
snap_003550,prod_2462,wh_002,2025-08-22,95,20,75,100,193,supp_002,2025-08-27,372.45
snap_003551,prod_9868,wh_004,2025-08-24,320,39,281,69,174,supp_004,2025-08-09,811.58
snap_003552,prod_7225,wh_001,2025-09-05,168,17,151,68,75,supp_004,2025-08-23,465.86
snap_003553,prod_9421,wh_002,2025-08-20,500,35,465,39,140,supp_004,2025-08-25,526.58
snap_003554,prod_8173,wh_004,2025-09-10,18,14,4,17,136,supp_004,2025-07-24,580.41
snap_003555,prod_5829,wh_004,2025-08-28,137,28,109,84,104,supp_003,2025-08-10,382.67
snap_003556,prod_7135,wh_002,2025-08-24,176,14,162,22,99,supp_005,2025-07-19,846.71
snap_003557,prod_6604,wh_005,2025-09-13,465,3,462,27,69,supp_003,2025-08-18,450.7
snap_003558,prod_8630,wh_003,2025-09-07,397,22,375,27,119,supp_003,2025-07-27,738.7
snap_003559,prod_6081,wh_001,2025-09-11,168,9,159,88,124,supp_001,2025-09-09,220.52
snap_003560,prod_5131,wh_005,2025-09-13,284,12,272,48,118,supp_003,2025-08-20,607.6
snap_003561,prod_4862,wh_004,2025-08-25,401,23,378,21,61,supp_002,2025-09-14,965.55
snap_003562,prod_7496,wh_005,2025-09-09,152,21,131,35,118,supp_001,2025-07-18,952.82
snap_003563,prod_9777,wh_001,2025-08-26,138,4,134,35,193,supp_004,2025-09-04,275.01
snap_003564,prod_9425,wh_003,2025-09-08,81,33,48,66,187,supp_003,2025-07-25,520.25
snap_003565,prod_7584,wh_001,2025-09-06,269,42,227,55,60,supp_004,2025-08-19,209.33
snap_003566,prod_2978,wh_002,2025-09-01,83,3,80,57,121,supp_001,2025-09-10,31.54
snap_003567,prod_3617,wh_005,2025-08-28,426,34,392,52,179,supp_001,2025-08-30,445.06
snap_003568,prod_7061,wh_001,2025-09-05,324,35,289,40,64,supp_005,2025-07-25,294.44
snap_003569,prod_7846,wh_003,2025-09-08,232,49,183,50,170,supp_005,2025-09-11,487.37
snap_003570,prod_5123,wh_004,2025-09-08,383,41,342,81,83,supp_002,2025-08-08,697.94
snap_003571,prod_5839,wh_003,2025-08-26,92,20,72,70,128,supp_003,2025-08-09,55.1
snap_003572,prod_7844,wh_005,2025-08-20,50,21,29,61,83,supp_001,2025-07-30,394.57
snap_003573,prod_2132,wh_005,2025-09-03,247,35,212,70,66,supp_002,2025-09-10,621.01
snap_003574,prod_6762,wh_004,2025-09-11,131,33,98,10,61,supp_001,2025-08-09,792.29
snap_003575,prod_1518,wh_002,2025-08-28,437,44,393,44,65,supp_005,2025-07-31,637.31
snap_003576,prod_5754,wh_005,2025-09-07,267,3,264,15,83,supp_004,2025-08-10,244.6
snap_003577,prod_1433,wh_004,2025-09-12,323,8,315,68,112,supp_002,2025-08-10,338.64
snap_003578,prod_1825,wh_001,2025-08-24,446,4,442,89,52,supp_001,2025-08-22,975.92
snap_003579,prod_2154,wh_004,2025-08-25,344,34,310,62,195,supp_005,2025-09-07,206.69
snap_003580,prod_3627,wh_003,2025-09-05,410,46,364,38,108,supp_002,2025-08-26,129.99
snap_003581,prod_7253,wh_001,2025-08-31,494,14,480,34,106,supp_004,2025-08-25,47.9
snap_003582,prod_2352,wh_003,2025-09-14,223,16,207,92,185,supp_001,2025-07-26,960.52
snap_003583,prod_9603,wh_001,2025-08-25,100,32,68,52,55,supp_001,2025-07-20,111.01
snap_003584,prod_7657,wh_001,2025-08-26,58,48,10,41,93,supp_002,2025-09-08,554.07
snap_003585,prod_7151,wh_004,2025-08-17,257,9,248,90,53,supp_002,2025-07-18,651.2
snap_003586,prod_6525,wh_001,2025-09-02,258,9,249,29,165,supp_003,2025-07-18,558.26
snap_003587,prod_7071,wh_002,2025-09-11,442,32,410,11,190,supp_003,2025-08-15,143.22
snap_003588,prod_6198,wh_003,2025-09-08,436,3,433,30,147,supp_002,2025-07-23,36.89
snap_003589,prod_3090,wh_003,2025-09-05,146,31,115,98,168,supp_002,2025-08-25,444.12
snap_003590,prod_4715,wh_002,2025-08-20,47,10,37,93,176,supp_004,2025-09-09,837.19
snap_003591,prod_7117,wh_002,2025-08-28,140,7,133,66,101,supp_002,2025-08-22,502.56
snap_003592,prod_8991,wh_003,2025-08-31,418,19,399,53,148,supp_003,2025-09-15,886.04
snap_003593,prod_5992,wh_005,2025-09-03,98,48,50,77,162,supp_004,2025-09-03,211.94
snap_003594,prod_7647,wh_003,2025-09-05,488,20,468,59,118,supp_005,2025-07-18,23.22
snap_003595,prod_2322,wh_004,2025-08-29,36,26,10,26,121,supp_002,2025-08-20,698.17
snap_003596,prod_4571,wh_003,2025-09-06,222,23,199,49,82,supp_001,2025-08-30,228.36
snap_003597,prod_1818,wh_001,2025-09-05,361,17,344,19,145,supp_001,2025-09-10,762.16
snap_003598,prod_3138,wh_001,2025-09-14,246,45,201,48,154,supp_005,2025-08-05,408.36
snap_003599,prod_1697,wh_004,2025-08-31,385,17,368,58,162,supp_005,2025-09-02,226.53
snap_003600,prod_9521,wh_002,2025-09-01,19,12,7,36,126,supp_003,2025-08-30,47.16
snap_003601,prod_8400,wh_004,2025-09-12,480,26,454,49,85,supp_002,2025-09-05,868.55
snap_003602,prod_8628,wh_001,2025-09-11,298,17,281,36,200,supp_004,2025-08-16,359.36
snap_003603,prod_2358,wh_005,2025-08-24,2,4,0,70,168,supp_001,2025-08-31,184.52
snap_003604,prod_9343,wh_005,2025-09-09,236,27,209,72,114,supp_005,2025-08-19,267.03
snap_003605,prod_6266,wh_005,2025-08-29,14,21,0,74,133,supp_005,2025-08-20,92.93
snap_003606,prod_8447,wh_004,2025-08-24,374,45,329,73,124,supp_005,2025-08-06,125.29
snap_003607,prod_4445,wh_003,2025-09-15,229,9,220,86,104,supp_005,2025-08-24,774.59
snap_003608,prod_7940,wh_005,2025-09-02,401,35,366,100,172,supp_003,2025-08-06,73.05
snap_003609,prod_6092,wh_003,2025-08-24,21,10,11,86,71,supp_001,2025-08-02,894.89
snap_003610,prod_2401,wh_004,2025-09-06,201,21,180,77,194,supp_004,2025-07-20,946.23
snap_003611,prod_2734,wh_003,2025-08-29,474,41,433,76,198,supp_003,2025-08-01,283.94
snap_003612,prod_3266,wh_001,2025-08-18,422,14,408,69,80,supp_005,2025-08-07,652.33
snap_003613,prod_4630,wh_003,2025-08-20,371,20,351,61,134,supp_003,2025-09-03,443.93
snap_003614,prod_9946,wh_004,2025-08-18,69,8,61,58,144,supp_003,2025-08-24,856.16
snap_003615,prod_4434,wh_001,2025-09-15,30,21,9,74,132,supp_001,2025-08-31,278.91
snap_003616,prod_4145,wh_001,2025-08-29,494,17,477,13,56,supp_001,2025-09-03,311.27
snap_003617,prod_8072,wh_001,2025-09-13,279,28,251,36,79,supp_002,2025-07-28,259.73
snap_003618,prod_7045,wh_005,2025-09-06,202,2,200,19,98,supp_002,2025-08-15,303.12
snap_003619,prod_8347,wh_002,2025-09-07,32,38,0,72,58,supp_004,2025-08-15,318.3
snap_003620,prod_3033,wh_002,2025-08-25,373,23,350,33,134,supp_002,2025-07-25,225.29
snap_003621,prod_6797,wh_001,2025-09-10,270,42,228,13,169,supp_004,2025-08-26,191.48
snap_003622,prod_8388,wh_001,2025-08-23,384,3,381,84,102,supp_002,2025-07-19,724.96
snap_003623,prod_9431,wh_004,2025-08-20,402,4,398,79,100,supp_004,2025-07-26,174.69
snap_003624,prod_2250,wh_003,2025-09-15,158,13,145,50,180,supp_003,2025-09-11,349.22
snap_003625,prod_3046,wh_001,2025-08-28,304,40,264,75,131,supp_004,2025-08-11,590.88
snap_003626,prod_7638,wh_002,2025-08-30,327,18,309,28,188,supp_005,2025-09-03,663.82
snap_003627,prod_1703,wh_002,2025-08-28,216,26,190,63,189,supp_001,2025-08-27,525.05
snap_003628,prod_1547,wh_003,2025-09-04,382,49,333,48,188,supp_002,2025-07-18,769.69
snap_003629,prod_4359,wh_004,2025-08-20,239,29,210,88,181,supp_002,2025-09-11,308.57
snap_003630,prod_7231,wh_001,2025-09-07,93,17,76,65,186,supp_001,2025-08-22,123.57
snap_003631,prod_9426,wh_001,2025-09-15,189,20,169,65,176,supp_005,2025-08-28,632.61
snap_003632,prod_6020,wh_002,2025-08-30,327,21,306,54,135,supp_002,2025-08-12,288.67
snap_003633,prod_6218,wh_002,2025-08-23,402,50,352,26,66,supp_002,2025-07-27,542.81
snap_003634,prod_5840,wh_002,2025-09-08,5,15,0,73,170,supp_004,2025-07-22,590.48
snap_003635,prod_4099,wh_003,2025-08-24,450,40,410,60,147,supp_005,2025-08-26,582.18
snap_003636,prod_8439,wh_003,2025-08-29,146,45,101,59,96,supp_002,2025-07-29,814.75
snap_003637,prod_3122,wh_003,2025-09-10,254,36,218,100,101,supp_001,2025-07-29,645.77
snap_003638,prod_8248,wh_002,2025-09-07,382,9,373,38,103,supp_001,2025-08-02,345.42
snap_003639,prod_6400,wh_002,2025-09-06,436,46,390,64,107,supp_004,2025-09-08,287.93
snap_003640,prod_8680,wh_003,2025-08-30,74,11,63,22,128,supp_003,2025-09-10,586.11
snap_003641,prod_7359,wh_003,2025-08-27,100,4,96,49,177,supp_002,2025-07-30,234.28
snap_003642,prod_6235,wh_005,2025-08-21,129,21,108,87,165,supp_002,2025-07-18,580.13
snap_003643,prod_2718,wh_005,2025-09-01,88,2,86,42,123,supp_003,2025-07-24,556.08
snap_003644,prod_1765,wh_003,2025-09-09,98,34,64,61,179,supp_001,2025-08-22,292.39
snap_003645,prod_4727,wh_005,2025-09-03,114,41,73,85,182,supp_001,2025-09-14,354.98
snap_003646,prod_8585,wh_005,2025-08-27,113,40,73,45,130,supp_001,2025-09-07,237.34
snap_003647,prod_3243,wh_004,2025-09-14,24,21,3,85,98,supp_004,2025-07-31,269.22
snap_003648,prod_1581,wh_004,2025-08-29,157,46,111,80,156,supp_002,2025-07-27,162.67
snap_003649,prod_3611,wh_003,2025-08-28,299,50,249,87,67,supp_002,2025-07-30,788.99
snap_003650,prod_9218,wh_004,2025-09-05,402,15,387,84,182,supp_004,2025-09-06,698.82
snap_003651,prod_8637,wh_003,2025-08-22,220,39,181,68,55,supp_002,2025-09-03,580.47
snap_003652,prod_9127,wh_004,2025-09-08,406,24,382,56,200,supp_001,2025-07-27,11.3
snap_003653,prod_7553,wh_001,2025-09-08,467,43,424,93,178,supp_001,2025-08-07,750.18
snap_003654,prod_4093,wh_005,2025-08-27,9,0,9,61,131,supp_002,2025-09-11,112.33
snap_003655,prod_4984,wh_003,2025-09-08,437,23,414,53,194,supp_001,2025-08-31,964.11
snap_003656,prod_8811,wh_004,2025-09-14,14,10,4,69,173,supp_003,2025-07-26,665.41
snap_003657,prod_7032,wh_004,2025-09-05,96,41,55,100,103,supp_003,2025-07-31,949.58
snap_003658,prod_9715,wh_003,2025-08-24,0,48,0,63,78,supp_002,2025-08-11,714.1
snap_003659,prod_8050,wh_004,2025-09-07,434,44,390,93,139,supp_003,2025-08-13,631.43
snap_003660,prod_5159,wh_004,2025-09-04,56,22,34,62,134,supp_004,2025-08-11,379.38
snap_003661,prod_8797,wh_001,2025-08-25,490,32,458,27,172,supp_002,2025-09-12,654.07
snap_003662,prod_1050,wh_003,2025-09-05,343,1,342,74,196,supp_001,2025-09-09,936.68
snap_003663,prod_7722,wh_002,2025-09-15,194,9,185,87,158,supp_005,2025-08-01,169.35
snap_003664,prod_2062,wh_003,2025-09-01,182,41,141,37,113,supp_004,2025-08-01,281.65
snap_003665,prod_2662,wh_003,2025-09-02,270,0,270,83,64,supp_002,2025-07-20,708.52
snap_003666,prod_6351,wh_001,2025-09-08,132,5,127,34,140,supp_001,2025-08-16,65.1
snap_003667,prod_1791,wh_005,2025-09-07,352,26,326,43,83,supp_005,2025-07-24,697.54
snap_003668,prod_2853,wh_003,2025-08-18,198,23,175,44,131,supp_003,2025-07-25,629.01
snap_003669,prod_7306,wh_003,2025-08-26,163,49,114,100,106,supp_005,2025-07-23,844.99
snap_003670,prod_8984,wh_004,2025-09-06,477,16,461,83,128,supp_002,2025-07-23,961.88
snap_003671,prod_1418,wh_002,2025-08-30,262,7,255,82,183,supp_005,2025-08-11,92.57
snap_003672,prod_2243,wh_005,2025-09-08,105,22,83,60,53,supp_002,2025-08-04,235.54
snap_003673,prod_3495,wh_003,2025-08-24,88,18,70,26,140,supp_003,2025-09-06,387.49
snap_003674,prod_3187,wh_002,2025-09-08,158,9,149,17,122,supp_005,2025-08-13,594.1
snap_003675,prod_4523,wh_004,2025-08-17,464,45,419,39,139,supp_005,2025-08-02,207.27
snap_003676,prod_9319,wh_005,2025-08-21,55,1,54,73,195,supp_001,2025-07-22,117.19
snap_003677,prod_3201,wh_004,2025-09-01,255,50,205,91,163,supp_001,2025-08-10,996.9
snap_003678,prod_9765,wh_005,2025-09-01,423,20,403,99,168,supp_003,2025-08-06,254.81
snap_003679,prod_6202,wh_001,2025-08-22,49,28,21,58,130,supp_002,2025-07-27,127.1
snap_003680,prod_2703,wh_005,2025-08-17,254,48,206,55,146,supp_003,2025-08-09,595.14
snap_003681,prod_9495,wh_003,2025-09-14,224,35,189,44,91,supp_002,2025-09-10,608.42
snap_003682,prod_4516,wh_004,2025-08-27,335,44,291,52,126,supp_005,2025-09-05,512.62
snap_003683,prod_8529,wh_001,2025-09-10,478,36,442,15,72,supp_005,2025-09-06,876.98
snap_003684,prod_6713,wh_003,2025-09-10,391,2,389,89,180,supp_005,2025-07-23,465.25
snap_003685,prod_7972,wh_001,2025-08-25,496,30,466,93,140,supp_004,2025-08-19,338.1
snap_003686,prod_6785,wh_002,2025-09-11,341,6,335,32,62,supp_004,2025-08-19,383.81
snap_003687,prod_8855,wh_001,2025-08-17,431,2,429,60,193,supp_001,2025-09-10,657.02
snap_003688,prod_3475,wh_005,2025-08-27,266,13,253,86,106,supp_005,2025-07-20,760.81
snap_003689,prod_8964,wh_005,2025-09-02,16,33,0,61,126,supp_002,2025-09-07,771.76
snap_003690,prod_1311,wh_003,2025-08-25,278,44,234,41,187,supp_003,2025-08-25,776.74
snap_003691,prod_4601,wh_001,2025-09-04,115,12,103,38,88,supp_004,2025-08-19,685.38
snap_003692,prod_8856,wh_004,2025-09-08,326,23,303,33,118,supp_001,2025-07-24,466.25
snap_003693,prod_1542,wh_005,2025-08-30,53,47,6,45,107,supp_001,2025-08-01,752.11
snap_003694,prod_3011,wh_002,2025-08-22,221,37,184,89,79,supp_002,2025-08-31,833.55
snap_003695,prod_3896,wh_002,2025-09-06,209,11,198,83,124,supp_003,2025-09-03,909.78
snap_003696,prod_3837,wh_005,2025-09-10,72,2,70,23,165,supp_001,2025-07-19,507.47
snap_003697,prod_3099,wh_003,2025-09-14,299,22,277,93,104,supp_005,2025-07-24,677.62
snap_003698,prod_2873,wh_002,2025-09-10,366,32,334,34,79,supp_004,2025-08-09,515.27
snap_003699,prod_1177,wh_003,2025-08-18,168,40,128,74,78,supp_005,2025-08-12,480.79
snap_003700,prod_6447,wh_001,2025-09-05,307,24,283,65,111,supp_003,2025-08-16,257.68
snap_003701,prod_1257,wh_003,2025-08-23,408,28,380,70,71,supp_003,2025-07-21,161.62
snap_003702,prod_6667,wh_002,2025-09-08,214,7,207,63,174,supp_004,2025-09-07,507.38
snap_003703,prod_9575,wh_003,2025-08-29,462,7,455,71,140,supp_002,2025-07-20,946.36
snap_003704,prod_2385,wh_005,2025-08-31,226,2,224,24,126,supp_001,2025-08-25,646.6
snap_003705,prod_3558,wh_004,2025-09-08,208,11,197,76,153,supp_003,2025-08-16,370.28
snap_003706,prod_9599,wh_003,2025-09-01,151,42,109,80,163,supp_001,2025-09-04,223.99
snap_003707,prod_9461,wh_001,2025-09-09,49,26,23,60,69,supp_004,2025-08-10,96.56
snap_003708,prod_3168,wh_005,2025-08-26,111,43,68,75,85,supp_002,2025-08-29,977.63
snap_003709,prod_9606,wh_001,2025-08-22,440,28,412,85,66,supp_005,2025-08-23,606.93
snap_003710,prod_6803,wh_002,2025-08-24,93,46,47,15,69,supp_001,2025-08-12,798.76
snap_003711,prod_7760,wh_005,2025-09-13,444,23,421,30,114,supp_005,2025-07-30,360.56
snap_003712,prod_1346,wh_005,2025-08-28,176,24,152,30,188,supp_001,2025-07-26,246.41
snap_003713,prod_5571,wh_003,2025-09-13,389,41,348,27,139,supp_003,2025-08-12,243.77
snap_003714,prod_9047,wh_001,2025-09-05,125,15,110,78,88,supp_001,2025-07-31,348.65
snap_003715,prod_3045,wh_001,2025-08-20,225,49,176,77,171,supp_005,2025-08-13,340.86
snap_003716,prod_1834,wh_003,2025-08-28,391,22,369,30,129,supp_005,2025-09-02,766.11
snap_003717,prod_3013,wh_001,2025-09-12,367,22,345,97,163,supp_003,2025-08-10,531.19
snap_003718,prod_2206,wh_002,2025-09-13,217,9,208,35,84,supp_004,2025-08-14,939.59
snap_003719,prod_1331,wh_001,2025-09-08,439,21,418,32,166,supp_001,2025-08-14,855.91
snap_003720,prod_9160,wh_001,2025-08-24,183,38,145,48,137,supp_005,2025-07-18,737.23
snap_003721,prod_1296,wh_004,2025-08-27,85,42,43,30,84,supp_003,2025-08-11,582.62
snap_003722,prod_2854,wh_003,2025-09-07,28,0,28,81,82,supp_003,2025-08-12,187.58
snap_003723,prod_8045,wh_001,2025-08-22,251,9,242,51,67,supp_004,2025-09-12,603.7
snap_003724,prod_9639,wh_003,2025-08-29,272,24,248,86,131,supp_001,2025-09-15,541.97
snap_003725,prod_5354,wh_004,2025-08-22,156,0,156,57,76,supp_001,2025-08-28,173.97
snap_003726,prod_3284,wh_001,2025-09-14,63,33,30,30,132,supp_005,2025-08-30,624.82
snap_003727,prod_1258,wh_004,2025-08-18,497,22,475,33,55,supp_004,2025-08-26,629.55
snap_003728,prod_5918,wh_004,2025-08-22,106,20,86,89,105,supp_001,2025-08-04,13.16
snap_003729,prod_6873,wh_005,2025-08-30,260,32,228,42,89,supp_001,2025-09-07,99.31
snap_003730,prod_9917,wh_002,2025-09-03,259,5,254,99,101,supp_004,2025-08-26,368.32
snap_003731,prod_2003,wh_002,2025-09-09,434,25,409,74,179,supp_001,2025-09-09,448.5
snap_003732,prod_2609,wh_002,2025-09-01,323,47,276,77,77,supp_001,2025-07-30,328.45
snap_003733,prod_4814,wh_003,2025-09-07,499,13,486,87,93,supp_005,2025-07-31,562.78
snap_003734,prod_1548,wh_002,2025-08-28,402,7,395,92,140,supp_001,2025-08-24,275.13
snap_003735,prod_4893,wh_004,2025-09-15,395,3,392,35,85,supp_003,2025-08-03,393.5
snap_003736,prod_4252,wh_004,2025-09-10,295,35,260,44,199,supp_002,2025-07-18,834.21
snap_003737,prod_9286,wh_002,2025-09-01,221,21,200,79,72,supp_004,2025-08-31,549.36
snap_003738,prod_9330,wh_003,2025-09-01,136,24,112,87,122,supp_003,2025-08-11,617.18
snap_003739,prod_2884,wh_005,2025-08-31,101,24,77,31,161,supp_004,2025-08-08,768.38
snap_003740,prod_7234,wh_004,2025-09-03,467,4,463,20,110,supp_005,2025-08-26,430.2
snap_003741,prod_8359,wh_003,2025-09-04,472,19,453,20,118,supp_004,2025-08-22,497.81
snap_003742,prod_9067,wh_001,2025-08-22,229,49,180,69,96,supp_003,2025-07-30,714.8
snap_003743,prod_7080,wh_005,2025-09-15,189,22,167,85,120,supp_001,2025-08-18,89.78
snap_003744,prod_9357,wh_002,2025-09-11,263,38,225,23,62,supp_004,2025-08-26,990.11
snap_003745,prod_1067,wh_004,2025-08-19,212,48,164,17,73,supp_004,2025-09-15,955.33
snap_003746,prod_1439,wh_005,2025-09-12,65,3,62,12,70,supp_001,2025-08-12,274.41
snap_003747,prod_1518,wh_003,2025-08-17,357,3,354,38,59,supp_002,2025-07-26,874.78
snap_003748,prod_8448,wh_003,2025-08-30,495,17,478,99,74,supp_005,2025-09-07,424.16
snap_003749,prod_9432,wh_001,2025-08-17,443,15,428,98,55,supp_001,2025-09-02,948.51
snap_003750,prod_9837,wh_005,2025-09-02,142,24,118,15,185,supp_001,2025-07-30,262.99
snap_003751,prod_3001,wh_001,2025-08-24,430,16,414,43,186,supp_005,2025-07-22,919.27
snap_003752,prod_1480,wh_005,2025-08-31,230,39,191,40,168,supp_005,2025-07-29,781.16
snap_003753,prod_2903,wh_002,2025-09-03,76,9,67,44,57,supp_005,2025-08-16,896.75
snap_003754,prod_2463,wh_005,2025-08-30,303,29,274,29,56,supp_003,2025-09-10,522.47
snap_003755,prod_8104,wh_001,2025-09-09,417,48,369,56,87,supp_002,2025-07-24,586.18
snap_003756,prod_7622,wh_003,2025-09-07,100,3,97,93,182,supp_001,2025-07-20,237.0
snap_003757,prod_9657,wh_005,2025-09-05,345,36,309,83,144,supp_005,2025-07-18,827.62
snap_003758,prod_9618,wh_005,2025-08-27,419,27,392,42,110,supp_002,2025-08-31,518.42
snap_003759,prod_6133,wh_003,2025-09-09,414,25,389,55,117,supp_002,2025-08-31,329.29
snap_003760,prod_4318,wh_001,2025-09-02,64,0,64,85,122,supp_002,2025-09-02,722.9
snap_003761,prod_8549,wh_005,2025-08-25,234,47,187,18,140,supp_005,2025-08-31,383.08
snap_003762,prod_4541,wh_003,2025-08-23,378,7,371,75,163,supp_005,2025-08-29,539.34
snap_003763,prod_7940,wh_003,2025-08-30,294,9,285,91,101,supp_002,2025-09-11,740.24
snap_003764,prod_9601,wh_004,2025-09-03,37,20,17,99,141,supp_002,2025-07-18,309.4
snap_003765,prod_2450,wh_003,2025-08-24,263,46,217,37,142,supp_003,2025-08-13,321.42
snap_003766,prod_1396,wh_001,2025-09-03,327,28,299,52,150,supp_001,2025-08-24,191.91
snap_003767,prod_4910,wh_001,2025-08-21,435,9,426,87,50,supp_005,2025-07-31,415.44
snap_003768,prod_8293,wh_004,2025-08-21,496,40,456,44,110,supp_001,2025-08-24,260.22
snap_003769,prod_5505,wh_004,2025-09-14,360,0,360,69,106,supp_005,2025-08-15,71.34
snap_003770,prod_8045,wh_001,2025-09-06,57,10,47,84,141,supp_002,2025-09-11,123.93
snap_003771,prod_6019,wh_001,2025-08-23,357,27,330,21,79,supp_001,2025-07-31,914.34
snap_003772,prod_6249,wh_002,2025-09-14,107,36,71,85,90,supp_004,2025-08-02,267.38
snap_003773,prod_3218,wh_001,2025-08-22,343,37,306,91,72,supp_004,2025-08-11,158.91
snap_003774,prod_2929,wh_003,2025-09-13,105,47,58,48,149,supp_004,2025-08-01,928.26
snap_003775,prod_4774,wh_003,2025-08-22,302,39,263,60,117,supp_002,2025-08-22,435.91
snap_003776,prod_1842,wh_001,2025-09-10,211,32,179,50,87,supp_005,2025-08-04,176.93
snap_003777,prod_4059,wh_005,2025-08-20,441,15,426,55,195,supp_004,2025-07-25,465.66
snap_003778,prod_3710,wh_002,2025-08-25,185,12,173,95,148,supp_003,2025-07-22,711.64
snap_003779,prod_3347,wh_002,2025-09-13,142,24,118,23,176,supp_003,2025-08-01,595.62
snap_003780,prod_7123,wh_005,2025-09-10,249,1,248,60,87,supp_002,2025-08-20,637.42
snap_003781,prod_3217,wh_005,2025-09-15,53,21,32,17,108,supp_005,2025-07-23,553.91
snap_003782,prod_9436,wh_002,2025-08-21,91,28,63,24,93,supp_002,2025-08-07,165.89
snap_003783,prod_7532,wh_001,2025-09-04,109,26,83,55,134,supp_005,2025-09-04,301.8
snap_003784,prod_1511,wh_005,2025-09-08,246,6,240,46,69,supp_001,2025-09-15,313.38
snap_003785,prod_8229,wh_005,2025-08-30,176,36,140,71,136,supp_001,2025-08-16,478.53
snap_003786,prod_6342,wh_004,2025-08-24,395,20,375,89,188,supp_005,2025-08-13,766.11
snap_003787,prod_3476,wh_005,2025-08-18,336,48,288,10,85,supp_002,2025-08-29,343.72
snap_003788,prod_7400,wh_005,2025-09-04,115,48,67,91,176,supp_003,2025-08-09,704.0
snap_003789,prod_9108,wh_005,2025-08-19,174,38,136,42,186,supp_001,2025-08-29,712.96
snap_003790,prod_7932,wh_005,2025-08-20,345,11,334,29,126,supp_001,2025-07-29,61.6
snap_003791,prod_3677,wh_001,2025-09-07,193,15,178,50,69,supp_004,2025-08-19,415.68
snap_003792,prod_7375,wh_001,2025-09-03,266,16,250,31,188,supp_005,2025-09-04,514.67
snap_003793,prod_7031,wh_003,2025-09-11,446,15,431,48,85,supp_003,2025-08-23,193.43
snap_003794,prod_9953,wh_002,2025-09-10,206,3,203,64,178,supp_002,2025-09-06,334.18
snap_003795,prod_4923,wh_002,2025-09-07,197,32,165,22,91,supp_004,2025-08-13,351.8
snap_003796,prod_1708,wh_001,2025-09-07,68,10,58,42,179,supp_001,2025-08-12,629.64
snap_003797,prod_2051,wh_005,2025-08-23,316,30,286,76,129,supp_004,2025-09-06,735.61
snap_003798,prod_4105,wh_002,2025-09-13,388,9,379,17,98,supp_003,2025-08-12,847.82
snap_003799,prod_5052,wh_003,2025-09-14,275,45,230,18,62,supp_003,2025-07-30,453.01
snap_003800,prod_6442,wh_003,2025-08-19,323,1,322,11,161,supp_004,2025-08-26,803.61
snap_003801,prod_8065,wh_001,2025-08-23,287,13,274,86,56,supp_004,2025-08-25,881.8
snap_003802,prod_5649,wh_003,2025-09-04,485,29,456,22,174,supp_001,2025-07-25,823.6
snap_003803,prod_4714,wh_005,2025-09-10,422,32,390,67,73,supp_003,2025-09-11,620.33
snap_003804,prod_4295,wh_003,2025-08-18,492,24,468,11,66,supp_003,2025-08-14,799.02
snap_003805,prod_4422,wh_004,2025-09-05,324,19,305,87,77,supp_003,2025-07-22,665.42
snap_003806,prod_3184,wh_005,2025-09-11,61,47,14,22,75,supp_002,2025-08-26,855.6
snap_003807,prod_7401,wh_005,2025-08-24,396,4,392,51,193,supp_003,2025-09-12,582.32
snap_003808,prod_7334,wh_003,2025-09-15,422,9,413,33,71,supp_002,2025-09-13,70.13
snap_003809,prod_5448,wh_004,2025-09-04,61,30,31,96,52,supp_005,2025-09-05,602.36
snap_003810,prod_4290,wh_002,2025-09-01,151,43,108,43,58,supp_001,2025-08-15,967.99
snap_003811,prod_3904,wh_002,2025-08-28,176,12,164,87,144,supp_001,2025-07-18,86.48
snap_003812,prod_1106,wh_005,2025-08-19,103,37,66,60,189,supp_002,2025-09-14,709.02
snap_003813,prod_2259,wh_005,2025-09-10,242,12,230,32,107,supp_004,2025-07-22,464.19
snap_003814,prod_3284,wh_003,2025-09-06,486,18,468,81,125,supp_005,2025-08-03,217.48
snap_003815,prod_8773,wh_001,2025-08-19,423,5,418,41,66,supp_002,2025-08-23,224.41
snap_003816,prod_7105,wh_003,2025-08-29,236,12,224,59,80,supp_002,2025-08-12,923.89
snap_003817,prod_7255,wh_002,2025-08-27,364,33,331,42,92,supp_003,2025-07-28,138.74
snap_003818,prod_2803,wh_002,2025-08-21,344,38,306,12,62,supp_004,2025-08-30,704.05
snap_003819,prod_8336,wh_005,2025-09-14,48,49,0,36,106,supp_004,2025-09-15,327.52
snap_003820,prod_1196,wh_002,2025-08-28,491,13,478,53,59,supp_002,2025-08-26,328.67
snap_003821,prod_2227,wh_001,2025-08-28,342,41,301,52,116,supp_002,2025-07-22,152.79
snap_003822,prod_9054,wh_005,2025-08-27,255,0,255,19,114,supp_001,2025-07-26,28.26
snap_003823,prod_6061,wh_003,2025-08-19,2,50,0,79,170,supp_005,2025-08-02,520.28
snap_003824,prod_8440,wh_004,2025-08-28,478,13,465,30,161,supp_001,2025-09-14,16.68
snap_003825,prod_5581,wh_004,2025-09-04,146,42,104,48,105,supp_001,2025-09-06,520.71
snap_003826,prod_7347,wh_004,2025-08-21,401,37,364,22,135,supp_001,2025-08-13,781.16
snap_003827,prod_2178,wh_001,2025-08-30,81,40,41,12,153,supp_003,2025-08-06,848.92
snap_003828,prod_5049,wh_001,2025-09-01,127,36,91,41,157,supp_004,2025-09-02,964.74
snap_003829,prod_5778,wh_002,2025-09-04,21,13,8,98,177,supp_004,2025-09-10,443.12
snap_003830,prod_6532,wh_004,2025-09-11,200,6,194,16,190,supp_005,2025-08-04,940.51
snap_003831,prod_2933,wh_005,2025-08-29,9,46,0,43,163,supp_001,2025-08-23,153.66
snap_003832,prod_5788,wh_004,2025-08-18,69,8,61,65,78,supp_001,2025-09-11,815.03
snap_003833,prod_2758,wh_002,2025-08-23,365,36,329,27,51,supp_002,2025-08-20,502.78
snap_003834,prod_1093,wh_005,2025-08-26,480,10,470,52,53,supp_002,2025-08-11,109.64
snap_003835,prod_7947,wh_001,2025-09-10,366,35,331,98,73,supp_003,2025-08-17,490.95
snap_003836,prod_9047,wh_002,2025-09-11,475,35,440,39,165,supp_003,2025-07-19,47.83
snap_003837,prod_8857,wh_001,2025-08-22,63,19,44,54,175,supp_002,2025-08-20,592.18
snap_003838,prod_8973,wh_003,2025-08-27,396,43,353,77,90,supp_001,2025-07-23,645.65
snap_003839,prod_5295,wh_002,2025-09-12,216,34,182,43,184,supp_004,2025-07-23,757.82
snap_003840,prod_3296,wh_005,2025-08-28,254,13,241,32,87,supp_004,2025-08-27,391.53
snap_003841,prod_1571,wh_001,2025-09-15,210,49,161,75,150,supp_005,2025-09-02,272.16
snap_003842,prod_9147,wh_001,2025-09-13,219,31,188,11,58,supp_002,2025-08-25,525.56
snap_003843,prod_8203,wh_004,2025-08-20,467,45,422,17,117,supp_003,2025-08-18,389.6
snap_003844,prod_7013,wh_003,2025-08-25,376,2,374,58,180,supp_005,2025-07-30,665.9
snap_003845,prod_2564,wh_002,2025-08-22,375,26,349,13,60,supp_002,2025-09-05,423.18
snap_003846,prod_7180,wh_005,2025-09-11,340,24,316,23,82,supp_002,2025-08-23,464.15
snap_003847,prod_6878,wh_001,2025-08-30,9,10,0,60,145,supp_003,2025-07-22,880.02
snap_003848,prod_9079,wh_005,2025-08-17,426,36,390,16,120,supp_001,2025-08-23,87.44
snap_003849,prod_6045,wh_001,2025-09-09,485,33,452,86,143,supp_005,2025-07-22,641.76
snap_003850,prod_6174,wh_004,2025-09-06,306,6,300,99,61,supp_004,2025-07-19,973.87
snap_003851,prod_2456,wh_001,2025-08-27,316,28,288,44,160,supp_001,2025-07-31,808.26
snap_003852,prod_5147,wh_003,2025-08-23,438,22,416,67,67,supp_004,2025-08-08,998.73
snap_003853,prod_9285,wh_003,2025-09-05,141,28,113,87,64,supp_002,2025-08-20,460.04
snap_003854,prod_2221,wh_004,2025-08-21,375,35,340,83,144,supp_005,2025-07-31,106.59
snap_003855,prod_4212,wh_001,2025-08-19,386,26,360,98,132,supp_001,2025-07-23,171.73
snap_003856,prod_7456,wh_004,2025-09-10,105,14,91,66,197,supp_005,2025-07-21,692.45
snap_003857,prod_3085,wh_002,2025-09-01,473,37,436,44,197,supp_003,2025-07-19,723.28
snap_003858,prod_5554,wh_003,2025-08-29,18,47,0,38,107,supp_003,2025-08-01,656.7
snap_003859,prod_5014,wh_001,2025-08-20,445,41,404,50,170,supp_004,2025-09-03,247.67
snap_003860,prod_3350,wh_005,2025-08-24,433,4,429,22,165,supp_005,2025-09-11,496.32
snap_003861,prod_1094,wh_001,2025-09-09,101,38,63,30,178,supp_002,2025-08-07,497.72
snap_003862,prod_8977,wh_001,2025-09-08,416,16,400,10,132,supp_005,2025-08-07,32.0
snap_003863,prod_6942,wh_001,2025-09-04,39,20,19,13,190,supp_003,2025-08-11,526.89
snap_003864,prod_7433,wh_001,2025-09-14,179,5,174,34,193,supp_002,2025-09-02,308.69
snap_003865,prod_8454,wh_003,2025-08-23,449,46,403,89,152,supp_002,2025-09-13,15.25
snap_003866,prod_4916,wh_002,2025-09-09,236,48,188,18,102,supp_005,2025-07-26,739.89
snap_003867,prod_2791,wh_004,2025-09-15,7,28,0,21,61,supp_001,2025-08-10,414.52
snap_003868,prod_9614,wh_005,2025-08-19,319,46,273,90,174,supp_005,2025-08-19,258.4
snap_003869,prod_2152,wh_005,2025-08-22,486,21,465,81,135,supp_004,2025-08-02,703.45
snap_003870,prod_7648,wh_003,2025-09-05,436,47,389,18,97,supp_005,2025-09-12,685.04
snap_003871,prod_8934,wh_002,2025-08-23,291,0,291,57,70,supp_002,2025-07-23,36.16
snap_003872,prod_9712,wh_002,2025-08-31,123,2,121,14,139,supp_004,2025-07-18,765.49
snap_003873,prod_6299,wh_003,2025-09-02,309,12,297,83,196,supp_003,2025-08-23,625.9
snap_003874,prod_8449,wh_002,2025-08-18,358,31,327,76,130,supp_001,2025-09-06,221.25
snap_003875,prod_5007,wh_002,2025-08-20,480,42,438,65,120,supp_003,2025-08-31,937.88
snap_003876,prod_6660,wh_001,2025-08-29,212,26,186,46,134,supp_005,2025-07-26,754.94
snap_003877,prod_7405,wh_003,2025-08-24,93,5,88,88,132,supp_004,2025-07-27,844.68
snap_003878,prod_9261,wh_001,2025-08-23,241,16,225,55,118,supp_001,2025-07-19,57.71
snap_003879,prod_5533,wh_002,2025-08-20,191,32,159,68,77,supp_002,2025-08-01,529.65
snap_003880,prod_8621,wh_003,2025-09-12,375,40,335,46,53,supp_005,2025-09-03,131.21
snap_003881,prod_7648,wh_005,2025-09-02,379,20,359,76,63,supp_002,2025-09-10,502.29
snap_003882,prod_9272,wh_003,2025-09-12,204,49,155,79,150,supp_005,2025-08-09,689.87
snap_003883,prod_4221,wh_003,2025-09-02,492,2,490,26,54,supp_004,2025-09-07,267.94
snap_003884,prod_9727,wh_002,2025-09-04,182,49,133,12,199,supp_005,2025-09-10,854.99
snap_003885,prod_6708,wh_004,2025-09-04,381,12,369,78,68,supp_001,2025-08-15,219.21
snap_003886,prod_8394,wh_005,2025-09-06,126,47,79,85,111,supp_003,2025-08-26,528.09
snap_003887,prod_1792,wh_005,2025-08-24,152,48,104,19,130,supp_002,2025-09-11,328.45
snap_003888,prod_4414,wh_001,2025-09-12,122,9,113,31,113,supp_001,2025-07-30,25.4
snap_003889,prod_1554,wh_005,2025-08-17,176,37,139,24,124,supp_003,2025-08-14,878.18
snap_003890,prod_2794,wh_001,2025-09-09,361,4,357,50,93,supp_004,2025-09-04,943.63
snap_003891,prod_1056,wh_002,2025-08-25,112,30,82,21,84,supp_005,2025-07-26,890.91
snap_003892,prod_5565,wh_001,2025-08-19,42,9,33,31,118,supp_002,2025-08-05,252.24
snap_003893,prod_9741,wh_004,2025-08-26,91,14,77,39,152,supp_001,2025-07-18,241.16
snap_003894,prod_1955,wh_001,2025-08-20,499,42,457,98,170,supp_001,2025-08-15,484.1
snap_003895,prod_8657,wh_002,2025-09-13,302,49,253,90,55,supp_001,2025-08-31,920.69
snap_003896,prod_4473,wh_005,2025-09-11,306,41,265,35,77,supp_001,2025-07-20,809.59
snap_003897,prod_6936,wh_002,2025-08-18,381,0,381,70,157,supp_005,2025-08-08,664.16
snap_003898,prod_8978,wh_004,2025-08-26,112,7,105,72,155,supp_003,2025-08-29,960.98
snap_003899,prod_9285,wh_005,2025-08-19,299,26,273,63,110,supp_005,2025-09-13,439.31
snap_003900,prod_1855,wh_004,2025-08-20,32,2,30,58,88,supp_004,2025-08-06,877.13
snap_003901,prod_5849,wh_003,2025-08-31,479,21,458,40,169,supp_004,2025-08-28,455.78
snap_003902,prod_2723,wh_005,2025-09-15,465,21,444,80,90,supp_003,2025-07-26,941.94
snap_003903,prod_6589,wh_005,2025-08-18,197,24,173,90,141,supp_001,2025-08-04,874.99
snap_003904,prod_1065,wh_003,2025-09-08,155,38,117,38,126,supp_001,2025-08-31,629.51
snap_003905,prod_2912,wh_003,2025-08-19,333,47,286,77,168,supp_003,2025-07-19,120.15
snap_003906,prod_3490,wh_002,2025-09-08,385,40,345,37,148,supp_004,2025-07-31,328.77
snap_003907,prod_2742,wh_003,2025-09-13,463,42,421,72,139,supp_001,2025-09-01,765.61
snap_003908,prod_4955,wh_005,2025-08-24,192,36,156,96,72,supp_005,2025-07-23,784.36
snap_003909,prod_6405,wh_002,2025-08-22,441,11,430,31,133,supp_003,2025-08-20,51.21
snap_003910,prod_4722,wh_005,2025-08-18,105,50,55,60,195,supp_001,2025-08-15,285.32
snap_003911,prod_3815,wh_002,2025-09-15,426,36,390,21,157,supp_003,2025-08-22,184.9
snap_003912,prod_5231,wh_005,2025-08-27,201,21,180,81,164,supp_004,2025-08-08,238.22
snap_003913,prod_9578,wh_005,2025-08-28,17,42,0,19,130,supp_004,2025-07-21,913.01
snap_003914,prod_6259,wh_004,2025-08-31,365,43,322,39,136,supp_003,2025-07-30,878.96
snap_003915,prod_5547,wh_002,2025-08-19,115,24,91,78,154,supp_001,2025-08-12,149.68
snap_003916,prod_9877,wh_004,2025-08-27,240,41,199,25,186,supp_001,2025-08-01,746.01
snap_003917,prod_1019,wh_004,2025-09-02,216,33,183,96,72,supp_002,2025-08-24,376.71
snap_003918,prod_2017,wh_004,2025-09-12,224,25,199,20,169,supp_002,2025-08-29,801.53
snap_003919,prod_2276,wh_004,2025-09-14,100,21,79,100,196,supp_004,2025-08-30,602.91
snap_003920,prod_7203,wh_002,2025-08-17,65,25,40,57,140,supp_005,2025-08-19,627.62
snap_003921,prod_5716,wh_001,2025-08-26,333,42,291,25,196,supp_005,2025-08-03,319.83
snap_003922,prod_4131,wh_003,2025-09-12,320,46,274,73,50,supp_003,2025-07-21,882.12
snap_003923,prod_4784,wh_002,2025-08-30,371,5,366,33,107,supp_002,2025-09-03,562.12
snap_003924,prod_5716,wh_005,2025-08-19,133,14,119,61,78,supp_003,2025-07-27,190.53
snap_003925,prod_3193,wh_004,2025-09-14,263,15,248,88,88,supp_002,2025-08-15,299.12
snap_003926,prod_7176,wh_001,2025-09-15,27,30,0,39,189,supp_001,2025-08-26,334.6
snap_003927,prod_2813,wh_003,2025-09-15,469,23,446,41,78,supp_004,2025-09-06,178.84
snap_003928,prod_2564,wh_005,2025-08-25,456,7,449,82,73,supp_004,2025-08-22,330.39
snap_003929,prod_5388,wh_002,2025-09-10,408,50,358,11,101,supp_004,2025-09-10,426.15
snap_003930,prod_3026,wh_003,2025-09-05,171,8,163,92,65,supp_002,2025-08-25,815.55
snap_003931,prod_7697,wh_001,2025-08-28,52,42,10,86,180,supp_005,2025-07-26,224.21
snap_003932,prod_5670,wh_003,2025-09-06,159,1,158,60,50,supp_002,2025-08-27,499.75
snap_003933,prod_8070,wh_001,2025-08-22,209,8,201,54,58,supp_005,2025-09-02,541.97
snap_003934,prod_3674,wh_003,2025-08-23,188,46,142,38,94,supp_003,2025-07-29,255.85
snap_003935,prod_4002,wh_002,2025-09-15,315,13,302,14,163,supp_002,2025-08-07,244.18
snap_003936,prod_2417,wh_001,2025-09-09,255,48,207,15,115,supp_001,2025-08-24,438.41
snap_003937,prod_7424,wh_004,2025-09-11,285,45,240,89,94,supp_005,2025-09-11,195.51
snap_003938,prod_7237,wh_003,2025-09-06,321,17,304,76,96,supp_001,2025-07-26,99.22
snap_003939,prod_7029,wh_005,2025-08-19,300,7,293,59,172,supp_002,2025-08-26,27.88
snap_003940,prod_5976,wh_003,2025-08-26,112,11,101,49,127,supp_003,2025-08-27,263.85
snap_003941,prod_2959,wh_001,2025-09-07,180,10,170,60,61,supp_002,2025-09-02,47.4
snap_003942,prod_8521,wh_003,2025-08-31,465,11,454,26,119,supp_001,2025-08-05,831.72
snap_003943,prod_3934,wh_003,2025-08-30,411,38,373,88,76,supp_002,2025-07-30,87.39
snap_003944,prod_4611,wh_004,2025-09-06,440,41,399,39,94,supp_004,2025-09-11,950.9
snap_003945,prod_6764,wh_004,2025-09-14,179,32,147,36,88,supp_005,2025-08-22,393.71
snap_003946,prod_1609,wh_005,2025-08-26,190,43,147,20,194,supp_001,2025-07-26,464.67
snap_003947,prod_8524,wh_005,2025-08-28,500,35,465,24,126,supp_001,2025-07-18,960.5
snap_003948,prod_7108,wh_001,2025-08-21,266,27,239,64,136,supp_002,2025-08-09,304.47
snap_003949,prod_8918,wh_004,2025-08-18,423,35,388,94,148,supp_003,2025-09-10,72.77
snap_003950,prod_2776,wh_003,2025-09-04,420,16,404,85,156,supp_003,2025-07-31,454.18
snap_003951,prod_9099,wh_002,2025-08-20,301,17,284,65,130,supp_002,2025-08-06,896.09
snap_003952,prod_2827,wh_004,2025-08-21,422,17,405,81,175,supp_005,2025-09-05,395.38
snap_003953,prod_2543,wh_002,2025-08-22,180,33,147,40,88,supp_003,2025-07-31,699.88
snap_003954,prod_8447,wh_004,2025-08-17,340,34,306,77,117,supp_005,2025-08-25,744.17
snap_003955,prod_7689,wh_002,2025-09-07,301,31,270,66,186,supp_001,2025-07-23,186.13
snap_003956,prod_2715,wh_001,2025-09-11,62,3,59,49,86,supp_003,2025-09-09,615.48
snap_003957,prod_6647,wh_005,2025-08-28,264,47,217,10,101,supp_002,2025-08-03,835.24
snap_003958,prod_2738,wh_001,2025-08-23,304,47,257,87,104,supp_003,2025-07-22,375.77
snap_003959,prod_7807,wh_005,2025-09-14,58,39,19,50,119,supp_003,2025-08-10,180.79
snap_003960,prod_3235,wh_004,2025-08-29,377,45,332,69,183,supp_001,2025-08-11,828.34
snap_003961,prod_3674,wh_005,2025-09-13,288,42,246,93,191,supp_002,2025-08-18,21.08
snap_003962,prod_8406,wh_004,2025-08-17,30,4,26,55,143,supp_002,2025-07-27,599.4
snap_003963,prod_6301,wh_002,2025-08-27,140,45,95,94,154,supp_001,2025-09-04,242.67
snap_003964,prod_7942,wh_005,2025-08-31,299,34,265,77,180,supp_004,2025-09-01,658.79
snap_003965,prod_7484,wh_002,2025-08-24,353,22,331,63,159,supp_004,2025-08-09,807.2
snap_003966,prod_3689,wh_005,2025-08-24,32,11,21,40,191,supp_001,2025-09-07,250.09
snap_003967,prod_8652,wh_002,2025-09-11,193,17,176,100,78,supp_001,2025-09-13,287.47
snap_003968,prod_8421,wh_001,2025-09-01,240,43,197,27,168,supp_002,2025-09-11,302.34
snap_003969,prod_6007,wh_005,2025-09-15,379,16,363,26,99,supp_003,2025-08-29,912.14
snap_003970,prod_3417,wh_002,2025-09-07,57,4,53,100,148,supp_001,2025-09-15,935.07
snap_003971,prod_4303,wh_004,2025-08-29,127,47,80,98,188,supp_003,2025-08-01,742.59
snap_003972,prod_9628,wh_005,2025-08-18,222,1,221,82,138,supp_002,2025-07-30,771.14
snap_003973,prod_8345,wh_001,2025-09-05,146,29,117,88,58,supp_003,2025-07-19,339.05
snap_003974,prod_3947,wh_002,2025-09-06,287,49,238,49,55,supp_002,2025-08-04,590.62
snap_003975,prod_7336,wh_002,2025-08-30,53,38,15,11,105,supp_005,2025-09-01,208.81
snap_003976,prod_5588,wh_003,2025-09-06,10,1,9,80,132,supp_003,2025-08-09,242.83
snap_003977,prod_3610,wh_004,2025-09-03,83,40,43,58,170,supp_001,2025-08-22,47.46
snap_003978,prod_2171,wh_002,2025-09-11,82,35,47,26,139,supp_002,2025-09-06,499.05
snap_003979,prod_9875,wh_002,2025-08-30,264,50,214,32,164,supp_001,2025-07-23,311.38
snap_003980,prod_5247,wh_002,2025-09-15,429,1,428,82,156,supp_003,2025-09-02,637.79
snap_003981,prod_2859,wh_002,2025-08-25,470,17,453,78,187,supp_004,2025-08-09,307.3
snap_003982,prod_8030,wh_003,2025-08-25,199,39,160,87,137,supp_001,2025-09-05,569.04
snap_003983,prod_1415,wh_005,2025-08-23,110,19,91,69,189,supp_005,2025-09-14,13.01
snap_003984,prod_3748,wh_003,2025-09-03,146,2,144,73,86,supp_005,2025-08-06,528.44
snap_003985,prod_1208,wh_001,2025-08-18,283,32,251,81,189,supp_005,2025-07-27,391.6
snap_003986,prod_9853,wh_002,2025-08-19,360,6,354,88,135,supp_002,2025-07-23,28.19
snap_003987,prod_1596,wh_003,2025-08-30,367,23,344,58,149,supp_001,2025-07-21,375.4
snap_003988,prod_1826,wh_001,2025-08-25,76,25,51,31,137,supp_001,2025-08-04,161.59
snap_003989,prod_8050,wh_004,2025-09-04,372,25,347,57,155,supp_004,2025-07-22,655.2
snap_003990,prod_3456,wh_001,2025-09-05,375,19,356,97,99,supp_003,2025-07-24,337.07
snap_003991,prod_6609,wh_001,2025-09-10,325,24,301,50,138,supp_004,2025-07-27,217.27
snap_003992,prod_8271,wh_005,2025-08-30,281,21,260,43,165,supp_005,2025-08-10,961.11
snap_003993,prod_3361,wh_002,2025-09-12,454,12,442,73,76,supp_002,2025-07-23,574.41
snap_003994,prod_3030,wh_002,2025-09-05,255,50,205,50,184,supp_002,2025-07-19,544.14
snap_003995,prod_4429,wh_001,2025-09-05,101,11,90,85,101,supp_002,2025-09-08,118.78
snap_003996,prod_1027,wh_004,2025-09-08,485,4,481,26,191,supp_002,2025-08-30,25.8
snap_003997,prod_7208,wh_001,2025-09-02,2,1,1,93,72,supp_001,2025-08-13,696.17
snap_003998,prod_3681,wh_003,2025-09-07,72,23,49,60,73,supp_003,2025-08-15,660.23
snap_003999,prod_7763,wh_005,2025-09-01,394,6,388,54,144,supp_002,2025-08-31,134.13
snap_004000,prod_6331,wh_004,2025-08-18,209,35,174,24,190,supp_001,2025-07-20,675.73
snap_004001,prod_1079,wh_003,2025-09-11,322,39,283,12,92,supp_005,2025-09-08,781.42
snap_004002,prod_3132,wh_005,2025-08-29,387,26,361,84,79,supp_003,2025-08-02,818.73
snap_004003,prod_4343,wh_005,2025-09-07,438,37,401,56,84,supp_004,2025-08-26,727.84
snap_004004,prod_7517,wh_004,2025-09-08,320,10,310,95,60,supp_003,2025-07-28,362.13
snap_004005,prod_7647,wh_003,2025-08-23,171,16,155,40,152,supp_002,2025-09-08,810.44
snap_004006,prod_6929,wh_005,2025-09-07,286,4,282,80,154,supp_001,2025-08-22,258.9
snap_004007,prod_8282,wh_003,2025-09-03,156,1,155,80,187,supp_005,2025-09-09,131.79
snap_004008,prod_4703,wh_003,2025-08-17,60,45,15,24,62,supp_003,2025-08-20,469.37
snap_004009,prod_8813,wh_002,2025-09-11,203,11,192,97,150,supp_004,2025-08-08,761.59
snap_004010,prod_3240,wh_003,2025-09-04,491,9,482,47,109,supp_003,2025-09-13,333.66
snap_004011,prod_1192,wh_004,2025-08-23,13,23,0,72,125,supp_004,2025-09-02,738.23
snap_004012,prod_7404,wh_004,2025-09-02,53,17,36,13,116,supp_002,2025-07-19,473.56
snap_004013,prod_4305,wh_001,2025-09-08,265,39,226,76,132,supp_001,2025-09-01,288.07
snap_004014,prod_2428,wh_001,2025-08-30,43,13,30,54,101,supp_002,2025-08-01,611.7
snap_004015,prod_7343,wh_004,2025-08-24,133,41,92,87,138,supp_001,2025-09-09,608.39
snap_004016,prod_5989,wh_003,2025-08-24,319,2,317,21,155,supp_003,2025-08-02,676.76
snap_004017,prod_1254,wh_005,2025-08-27,118,20,98,68,197,supp_003,2025-08-02,204.78
snap_004018,prod_7474,wh_003,2025-08-23,102,16,86,57,153,supp_002,2025-08-25,52.72
snap_004019,prod_6306,wh_004,2025-08-20,30,22,8,71,57,supp_004,2025-09-06,492.4
snap_004020,prod_7813,wh_005,2025-08-25,300,44,256,77,126,supp_003,2025-07-30,774.96
snap_004021,prod_4730,wh_003,2025-09-01,87,41,46,36,192,supp_001,2025-08-20,834.47
snap_004022,prod_1654,wh_004,2025-09-08,424,50,374,31,99,supp_001,2025-09-13,460.64
snap_004023,prod_2438,wh_004,2025-08-29,340,28,312,27,65,supp_003,2025-07-31,977.09
snap_004024,prod_7672,wh_004,2025-09-02,49,49,0,13,86,supp_002,2025-08-11,691.4
snap_004025,prod_8251,wh_001,2025-09-13,264,21,243,79,58,supp_005,2025-07-31,858.0
snap_004026,prod_8994,wh_002,2025-09-10,15,27,0,26,101,supp_001,2025-08-16,90.84
snap_004027,prod_3036,wh_004,2025-08-25,103,11,92,97,95,supp_005,2025-08-27,279.22
snap_004028,prod_8947,wh_002,2025-09-08,118,23,95,33,56,supp_005,2025-07-28,400.74
snap_004029,prod_1744,wh_004,2025-08-30,399,47,352,48,55,supp_004,2025-08-25,947.92
snap_004030,prod_4158,wh_002,2025-08-20,372,9,363,52,134,supp_004,2025-08-22,467.21
snap_004031,prod_2179,wh_001,2025-09-10,306,42,264,83,124,supp_002,2025-08-29,304.88
snap_004032,prod_8761,wh_003,2025-08-27,380,24,356,100,82,supp_004,2025-07-21,136.24
snap_004033,prod_8847,wh_001,2025-08-21,195,12,183,92,131,supp_002,2025-09-11,686.05
snap_004034,prod_4465,wh_002,2025-08-20,182,47,135,51,123,supp_001,2025-07-20,640.97
snap_004035,prod_1409,wh_005,2025-09-14,299,39,260,22,98,supp_005,2025-07-21,973.83
snap_004036,prod_5664,wh_005,2025-08-29,283,10,273,29,92,supp_003,2025-07-21,370.57
snap_004037,prod_2404,wh_002,2025-09-12,208,33,175,82,152,supp_002,2025-07-29,308.81
snap_004038,prod_9473,wh_005,2025-08-18,264,27,237,67,185,supp_003,2025-08-02,68.65
snap_004039,prod_4611,wh_001,2025-09-04,269,5,264,78,199,supp_003,2025-08-31,557.0
snap_004040,prod_6548,wh_001,2025-09-12,122,3,119,22,120,supp_002,2025-09-01,406.78
snap_004041,prod_3653,wh_002,2025-09-04,282,35,247,28,108,supp_005,2025-07-26,257.69
snap_004042,prod_2378,wh_004,2025-08-19,443,20,423,37,153,supp_004,2025-09-07,947.73
snap_004043,prod_7896,wh_001,2025-08-19,159,43,116,71,93,supp_005,2025-09-13,975.51
snap_004044,prod_4131,wh_004,2025-09-12,432,21,411,80,86,supp_003,2025-08-27,319.11
snap_004045,prod_4050,wh_003,2025-09-01,313,34,279,57,62,supp_002,2025-08-26,741.84
snap_004046,prod_1333,wh_004,2025-09-09,490,20,470,91,105,supp_003,2025-08-11,536.28
snap_004047,prod_8989,wh_003,2025-08-25,475,38,437,92,150,supp_003,2025-08-18,941.77
snap_004048,prod_3584,wh_005,2025-09-10,127,49,78,60,54,supp_001,2025-09-06,885.58
snap_004049,prod_2410,wh_004,2025-09-03,184,7,177,10,96,supp_001,2025-08-29,949.84
snap_004050,prod_3565,wh_002,2025-09-13,185,16,169,31,141,supp_002,2025-08-04,942.07
snap_004051,prod_7447,wh_001,2025-09-11,180,16,164,27,70,supp_004,2025-07-21,490.2
snap_004052,prod_7970,wh_005,2025-09-13,416,15,401,96,156,supp_005,2025-09-11,972.46
snap_004053,prod_5077,wh_001,2025-09-04,120,6,114,94,109,supp_005,2025-09-13,634.85
snap_004054,prod_4653,wh_004,2025-09-06,334,46,288,31,125,supp_004,2025-07-21,376.46
snap_004055,prod_3164,wh_002,2025-09-15,44,10,34,23,193,supp_003,2025-09-07,344.35
snap_004056,prod_3821,wh_005,2025-08-23,4,2,2,41,114,supp_003,2025-07-31,880.16
snap_004057,prod_9686,wh_005,2025-09-03,92,3,89,76,112,supp_004,2025-09-05,393.7
snap_004058,prod_6363,wh_003,2025-09-04,392,3,389,28,187,supp_004,2025-08-08,494.8
snap_004059,prod_2955,wh_001,2025-08-24,477,30,447,67,57,supp_005,2025-07-25,330.3
snap_004060,prod_4153,wh_003,2025-08-27,497,33,464,12,192,supp_003,2025-09-09,904.39
snap_004061,prod_9082,wh_004,2025-08-19,158,32,126,31,94,supp_001,2025-09-01,170.85
snap_004062,prod_5503,wh_001,2025-08-25,397,26,371,57,173,supp_002,2025-08-21,995.38
snap_004063,prod_3502,wh_002,2025-08-26,172,46,126,40,176,supp_002,2025-08-19,180.89
snap_004064,prod_9838,wh_002,2025-08-24,150,49,101,74,192,supp_003,2025-08-04,24.63
snap_004065,prod_2723,wh_004,2025-09-04,331,9,322,43,98,supp_004,2025-08-07,867.74
snap_004066,prod_9202,wh_004,2025-08-19,301,41,260,92,85,supp_005,2025-07-26,315.38
snap_004067,prod_9699,wh_004,2025-09-10,426,40,386,58,165,supp_002,2025-08-24,949.89
snap_004068,prod_2862,wh_005,2025-08-21,500,2,498,77,170,supp_001,2025-09-06,502.4
snap_004069,prod_4949,wh_005,2025-09-12,424,4,420,60,154,supp_005,2025-08-11,452.62
snap_004070,prod_9173,wh_003,2025-08-24,44,14,30,72,60,supp_005,2025-07-24,389.25
snap_004071,prod_1168,wh_005,2025-08-30,175,38,137,85,102,supp_001,2025-07-24,391.25
snap_004072,prod_9627,wh_003,2025-09-03,328,46,282,50,66,supp_005,2025-08-15,929.29
snap_004073,prod_7938,wh_002,2025-08-28,194,38,156,87,140,supp_002,2025-09-12,854.57
snap_004074,prod_9231,wh_005,2025-08-28,73,41,32,87,130,supp_002,2025-08-15,588.95
snap_004075,prod_1181,wh_002,2025-09-13,294,19,275,80,114,supp_001,2025-07-20,488.11
snap_004076,prod_2084,wh_001,2025-09-08,126,7,119,75,117,supp_005,2025-08-23,663.77
snap_004077,prod_2068,wh_005,2025-09-02,323,15,308,97,149,supp_004,2025-09-01,864.53
snap_004078,prod_7355,wh_005,2025-09-13,245,41,204,67,59,supp_002,2025-09-11,727.49
snap_004079,prod_1241,wh_005,2025-09-07,146,4,142,57,154,supp_002,2025-08-18,127.47
snap_004080,prod_8859,wh_002,2025-08-25,331,16,315,85,108,supp_003,2025-09-13,900.22
snap_004081,prod_7174,wh_003,2025-08-18,279,37,242,41,166,supp_005,2025-07-24,618.38
snap_004082,prod_3357,wh_002,2025-08-19,86,21,65,90,87,supp_003,2025-08-12,851.07
snap_004083,prod_3763,wh_003,2025-09-15,354,7,347,22,157,supp_002,2025-07-26,863.81
snap_004084,prod_4367,wh_005,2025-09-09,216,31,185,80,200,supp_002,2025-08-04,475.92
snap_004085,prod_1811,wh_002,2025-08-20,93,2,91,40,123,supp_005,2025-07-26,785.93
snap_004086,prod_9043,wh_004,2025-08-19,444,26,418,35,62,supp_001,2025-07-29,379.35
snap_004087,prod_4059,wh_005,2025-09-10,12,18,0,80,137,supp_004,2025-08-03,900.09
snap_004088,prod_7952,wh_004,2025-08-17,87,0,87,56,132,supp_001,2025-08-26,848.38
snap_004089,prod_8892,wh_002,2025-08-22,460,28,432,78,108,supp_004,2025-08-06,48.69
snap_004090,prod_7041,wh_004,2025-08-31,447,9,438,11,147,supp_002,2025-08-10,649.71
snap_004091,prod_7917,wh_004,2025-08-30,441,45,396,84,149,supp_003,2025-08-12,33.88
snap_004092,prod_5727,wh_004,2025-09-12,41,38,3,52,158,supp_003,2025-08-17,348.78
snap_004093,prod_5022,wh_004,2025-08-31,52,34,18,33,139,supp_004,2025-08-14,833.24
snap_004094,prod_9555,wh_001,2025-08-27,45,50,0,39,123,supp_002,2025-08-18,209.73
snap_004095,prod_2664,wh_003,2025-09-03,488,0,488,85,103,supp_004,2025-08-30,945.89
snap_004096,prod_2252,wh_003,2025-08-18,373,21,352,48,199,supp_004,2025-08-18,251.83
snap_004097,prod_4138,wh_003,2025-09-10,120,17,103,35,176,supp_002,2025-08-28,600.22
snap_004098,prod_8996,wh_004,2025-09-10,405,22,383,78,200,supp_003,2025-07-30,624.67
snap_004099,prod_6469,wh_002,2025-08-21,287,10,277,24,98,supp_003,2025-08-26,473.16
snap_004100,prod_7650,wh_002,2025-08-21,405,6,399,68,140,supp_004,2025-08-03,336.19
snap_004101,prod_5827,wh_004,2025-09-01,346,50,296,75,179,supp_001,2025-08-14,951.48
snap_004102,prod_5785,wh_005,2025-08-24,346,9,337,95,86,supp_002,2025-07-22,325.17
snap_004103,prod_9075,wh_002,2025-08-27,497,1,496,80,175,supp_002,2025-08-01,687.67
snap_004104,prod_5901,wh_003,2025-08-21,265,14,251,64,104,supp_002,2025-07-18,355.07
snap_004105,prod_5290,wh_005,2025-08-22,462,5,457,43,106,supp_001,2025-09-01,473.66
snap_004106,prod_6868,wh_003,2025-09-09,293,18,275,15,98,supp_003,2025-09-06,592.57
snap_004107,prod_5930,wh_005,2025-09-12,491,28,463,62,72,supp_001,2025-08-23,613.85
snap_004108,prod_3926,wh_002,2025-08-18,35,33,2,83,72,supp_001,2025-07-20,408.16
snap_004109,prod_2519,wh_001,2025-09-06,97,43,54,77,119,supp_001,2025-07-29,928.14
snap_004110,prod_4080,wh_002,2025-09-06,290,44,246,23,197,supp_005,2025-09-08,923.69
snap_004111,prod_8074,wh_003,2025-08-25,101,15,86,97,159,supp_001,2025-09-01,473.29
snap_004112,prod_4569,wh_004,2025-09-15,31,38,0,94,183,supp_003,2025-08-17,878.41
snap_004113,prod_7600,wh_005,2025-08-29,163,0,163,76,190,supp_003,2025-08-22,646.14
snap_004114,prod_4907,wh_003,2025-08-24,259,20,239,68,50,supp_004,2025-08-06,741.48
snap_004115,prod_7902,wh_001,2025-08-31,220,49,171,54,75,supp_002,2025-07-27,662.25
snap_004116,prod_3852,wh_004,2025-09-12,126,33,93,23,186,supp_005,2025-09-12,356.35
snap_004117,prod_4623,wh_005,2025-09-15,96,27,69,59,145,supp_004,2025-08-20,843.72
snap_004118,prod_4906,wh_002,2025-08-18,151,6,145,67,65,supp_002,2025-08-30,659.69
snap_004119,prod_4954,wh_002,2025-09-10,486,45,441,53,78,supp_002,2025-07-19,369.42
snap_004120,prod_1324,wh_005,2025-08-31,357,36,321,85,80,supp_005,2025-08-25,706.87
snap_004121,prod_4513,wh_003,2025-08-31,50,15,35,48,160,supp_004,2025-08-12,498.91
snap_004122,prod_1520,wh_003,2025-09-03,438,12,426,58,186,supp_002,2025-08-23,113.06
snap_004123,prod_2449,wh_001,2025-09-06,327,21,306,14,158,supp_002,2025-08-06,738.65
snap_004124,prod_2138,wh_002,2025-08-27,212,17,195,22,131,supp_004,2025-09-11,155.5
snap_004125,prod_4121,wh_002,2025-09-10,403,4,399,33,84,supp_002,2025-08-09,326.51
snap_004126,prod_8210,wh_002,2025-08-19,329,20,309,57,75,supp_002,2025-08-19,573.74
snap_004127,prod_8561,wh_004,2025-09-01,315,50,265,25,130,supp_002,2025-08-29,148.19
snap_004128,prod_3295,wh_004,2025-09-14,2,11,0,56,110,supp_004,2025-09-08,51.4
snap_004129,prod_3312,wh_002,2025-08-18,400,3,397,35,121,supp_003,2025-08-20,560.88
snap_004130,prod_5950,wh_005,2025-08-19,46,31,15,16,160,supp_005,2025-08-04,235.56
snap_004131,prod_8398,wh_001,2025-09-11,291,15,276,18,80,supp_005,2025-08-27,718.16
snap_004132,prod_4082,wh_003,2025-08-27,9,30,0,43,64,supp_003,2025-08-05,192.97
snap_004133,prod_6807,wh_005,2025-08-25,493,29,464,11,55,supp_005,2025-08-20,979.08
snap_004134,prod_8968,wh_002,2025-09-06,36,37,0,82,105,supp_002,2025-07-22,920.96
snap_004135,prod_4432,wh_002,2025-08-23,26,9,17,31,165,supp_001,2025-09-01,501.72
snap_004136,prod_8030,wh_001,2025-09-08,54,40,14,69,121,supp_002,2025-08-12,211.87
snap_004137,prod_7793,wh_004,2025-09-12,427,43,384,44,66,supp_005,2025-07-18,429.74
snap_004138,prod_6084,wh_005,2025-08-18,235,39,196,67,142,supp_002,2025-09-09,381.69
snap_004139,prod_6114,wh_003,2025-08-23,285,46,239,30,123,supp_001,2025-08-15,932.84
snap_004140,prod_8679,wh_004,2025-08-22,164,37,127,14,108,supp_002,2025-08-11,358.03
snap_004141,prod_9689,wh_001,2025-08-21,169,36,133,51,53,supp_003,2025-07-23,597.16
snap_004142,prod_6394,wh_003,2025-09-01,427,37,390,10,90,supp_001,2025-08-18,186.3
snap_004143,prod_3525,wh_001,2025-09-05,149,25,124,66,98,supp_005,2025-08-25,597.04
snap_004144,prod_4626,wh_004,2025-08-30,279,41,238,41,186,supp_002,2025-08-04,676.79
snap_004145,prod_5478,wh_001,2025-09-01,223,0,223,90,183,supp_002,2025-08-23,852.18
snap_004146,prod_1573,wh_004,2025-08-29,146,11,135,37,135,supp_004,2025-08-24,560.84
snap_004147,prod_1004,wh_004,2025-08-19,97,11,86,100,104,supp_003,2025-08-11,760.84
snap_004148,prod_7618,wh_005,2025-09-06,95,31,64,52,132,supp_004,2025-08-18,990.6
snap_004149,prod_2968,wh_003,2025-08-26,116,5,111,96,69,supp_003,2025-07-26,5.35
snap_004150,prod_7990,wh_001,2025-09-04,210,49,161,28,163,supp_005,2025-09-12,980.2
snap_004151,prod_7879,wh_001,2025-08-22,269,40,229,49,136,supp_001,2025-07-24,970.86
snap_004152,prod_3144,wh_004,2025-09-01,153,25,128,34,159,supp_004,2025-08-28,409.11
snap_004153,prod_3108,wh_001,2025-08-24,195,30,165,39,139,supp_001,2025-08-11,645.91
snap_004154,prod_6723,wh_001,2025-08-31,28,2,26,53,155,supp_003,2025-08-16,460.9
snap_004155,prod_6069,wh_002,2025-09-10,242,2,240,80,53,supp_003,2025-08-22,955.26
snap_004156,prod_8663,wh_005,2025-09-11,29,22,7,55,158,supp_004,2025-09-06,391.15
snap_004157,prod_6716,wh_002,2025-09-01,248,39,209,48,186,supp_005,2025-08-31,802.01
snap_004158,prod_1624,wh_004,2025-09-13,235,23,212,82,85,supp_004,2025-07-29,358.64
snap_004159,prod_3189,wh_003,2025-09-15,305,18,287,24,80,supp_004,2025-07-26,83.92
snap_004160,prod_7230,wh_005,2025-08-18,487,46,441,100,125,supp_005,2025-08-22,956.41
snap_004161,prod_9274,wh_001,2025-08-30,158,42,116,55,60,supp_004,2025-07-27,271.03
snap_004162,prod_9111,wh_005,2025-09-04,55,46,9,14,116,supp_001,2025-08-12,897.98
snap_004163,prod_9668,wh_004,2025-09-10,398,29,369,68,157,supp_004,2025-09-12,726.26
snap_004164,prod_8792,wh_005,2025-08-23,339,23,316,90,151,supp_005,2025-08-20,291.66
snap_004165,prod_1080,wh_001,2025-08-20,388,22,366,37,96,supp_005,2025-07-27,759.31
snap_004166,prod_1776,wh_005,2025-09-01,353,43,310,28,60,supp_002,2025-09-12,932.55
snap_004167,prod_8206,wh_004,2025-09-04,297,16,281,68,61,supp_004,2025-08-29,493.78
snap_004168,prod_1722,wh_002,2025-09-13,466,38,428,81,183,supp_002,2025-08-29,54.8
snap_004169,prod_8407,wh_002,2025-09-11,204,26,178,22,90,supp_004,2025-08-06,310.8
snap_004170,prod_5315,wh_002,2025-08-17,280,30,250,16,84,supp_001,2025-09-05,57.02
snap_004171,prod_6814,wh_003,2025-09-04,196,21,175,72,186,supp_003,2025-08-21,593.08
snap_004172,prod_3560,wh_001,2025-08-25,166,30,136,14,169,supp_001,2025-08-23,828.1
snap_004173,prod_5582,wh_003,2025-09-12,294,25,269,84,78,supp_002,2025-07-18,846.72
snap_004174,prod_7260,wh_003,2025-09-08,163,30,133,86,51,supp_001,2025-08-18,101.55
snap_004175,prod_7440,wh_003,2025-08-29,409,4,405,14,127,supp_002,2025-08-29,17.74
snap_004176,prod_9573,wh_005,2025-09-05,316,14,302,97,86,supp_005,2025-08-02,406.23
snap_004177,prod_5273,wh_005,2025-09-12,373,26,347,69,119,supp_001,2025-09-12,335.42
snap_004178,prod_8846,wh_004,2025-09-08,122,3,119,58,123,supp_001,2025-07-25,843.65
snap_004179,prod_1420,wh_004,2025-08-21,182,32,150,94,86,supp_001,2025-09-06,231.14
snap_004180,prod_6807,wh_001,2025-09-13,2,43,0,51,109,supp_001,2025-09-15,532.92
snap_004181,prod_7487,wh_002,2025-09-05,91,25,66,73,123,supp_003,2025-09-13,501.54
snap_004182,prod_3589,wh_001,2025-09-08,245,41,204,59,190,supp_003,2025-09-12,132.28
snap_004183,prod_8610,wh_003,2025-08-23,450,8,442,10,74,supp_001,2025-08-19,731.11
snap_004184,prod_3181,wh_005,2025-08-18,96,15,81,24,199,supp_001,2025-08-06,713.35
snap_004185,prod_9344,wh_002,2025-08-24,192,39,153,28,91,supp_003,2025-07-20,896.19
snap_004186,prod_2967,wh_003,2025-09-04,488,13,475,10,88,supp_002,2025-08-06,379.18
snap_004187,prod_5370,wh_005,2025-08-25,139,18,121,48,51,supp_003,2025-08-03,183.35
snap_004188,prod_3636,wh_003,2025-09-11,479,45,434,88,178,supp_003,2025-07-19,459.94
snap_004189,prod_2385,wh_002,2025-09-10,192,14,178,20,123,supp_004,2025-08-26,280.84
snap_004190,prod_6806,wh_003,2025-09-01,437,24,413,13,84,supp_004,2025-08-31,640.51
snap_004191,prod_3976,wh_005,2025-08-26,300,26,274,65,173,supp_003,2025-07-29,204.37
snap_004192,prod_9348,wh_004,2025-08-28,327,19,308,97,88,supp_005,2025-09-14,461.74
snap_004193,prod_9414,wh_004,2025-09-14,83,26,57,15,176,supp_003,2025-08-30,582.84
snap_004194,prod_1329,wh_001,2025-09-10,490,17,473,99,172,supp_004,2025-09-14,325.45
snap_004195,prod_5298,wh_003,2025-09-08,211,19,192,58,174,supp_002,2025-07-27,413.63
snap_004196,prod_5086,wh_004,2025-08-27,129,26,103,87,114,supp_002,2025-08-26,966.2
snap_004197,prod_5367,wh_001,2025-08-26,320,44,276,92,68,supp_001,2025-07-22,7.09
snap_004198,prod_7983,wh_005,2025-08-27,414,4,410,45,122,supp_003,2025-08-19,668.94
snap_004199,prod_2630,wh_002,2025-09-03,397,6,391,78,88,supp_004,2025-07-24,147.91
snap_004200,prod_4625,wh_001,2025-09-15,272,2,270,80,62,supp_004,2025-09-11,548.24
snap_004201,prod_4004,wh_005,2025-08-30,470,48,422,92,146,supp_001,2025-08-14,10.95
snap_004202,prod_8193,wh_002,2025-08-29,178,24,154,49,192,supp_004,2025-08-17,220.3
snap_004203,prod_6609,wh_003,2025-08-21,434,49,385,50,68,supp_002,2025-08-08,685.16
snap_004204,prod_5859,wh_001,2025-09-15,228,10,218,16,78,supp_001,2025-09-14,74.82
snap_004205,prod_8174,wh_001,2025-09-05,435,0,435,66,135,supp_001,2025-08-11,108.67
snap_004206,prod_7059,wh_002,2025-09-12,342,49,293,80,120,supp_004,2025-09-06,474.45
snap_004207,prod_8443,wh_004,2025-09-06,391,41,350,36,175,supp_001,2025-08-19,370.68
snap_004208,prod_4845,wh_002,2025-09-15,361,22,339,88,167,supp_001,2025-08-28,240.94
snap_004209,prod_3726,wh_001,2025-09-06,491,24,467,15,166,supp_001,2025-07-18,174.55
snap_004210,prod_2645,wh_001,2025-08-22,490,10,480,98,141,supp_003,2025-08-24,566.2
snap_004211,prod_7692,wh_001,2025-09-15,380,16,364,17,102,supp_003,2025-08-06,481.35
snap_004212,prod_9804,wh_004,2025-09-10,458,1,457,84,62,supp_003,2025-09-10,28.02
snap_004213,prod_9128,wh_002,2025-08-17,438,1,437,80,87,supp_004,2025-08-20,842.5
snap_004214,prod_3142,wh_003,2025-08-21,467,7,460,15,170,supp_004,2025-08-05,20.44
snap_004215,prod_1122,wh_002,2025-09-03,166,14,152,10,106,supp_003,2025-08-17,467.52
snap_004216,prod_1863,wh_004,2025-08-20,491,50,441,28,153,supp_003,2025-08-27,893.07
snap_004217,prod_6575,wh_002,2025-08-28,327,44,283,24,96,supp_003,2025-08-19,703.57
snap_004218,prod_8256,wh_004,2025-08-29,311,16,295,49,91,supp_003,2025-07-23,158.5
snap_004219,prod_2369,wh_005,2025-08-22,287,14,273,23,182,supp_001,2025-08-06,5.87
snap_004220,prod_2713,wh_002,2025-09-11,190,35,155,20,176,supp_005,2025-09-05,875.42
snap_004221,prod_2628,wh_001,2025-09-03,305,46,259,61,114,supp_005,2025-08-25,38.28
snap_004222,prod_6946,wh_004,2025-08-19,496,19,477,89,78,supp_001,2025-08-28,368.01
snap_004223,prod_2317,wh_003,2025-09-14,339,39,300,74,123,supp_001,2025-08-02,945.95
snap_004224,prod_1802,wh_005,2025-08-21,146,8,138,45,182,supp_003,2025-09-13,246.7
snap_004225,prod_2281,wh_003,2025-08-19,336,42,294,72,164,supp_004,2025-09-13,273.2
snap_004226,prod_9298,wh_003,2025-09-07,462,31,431,43,115,supp_001,2025-09-08,656.04
snap_004227,prod_9276,wh_002,2025-08-20,488,36,452,17,187,supp_004,2025-08-15,431.35
snap_004228,prod_9962,wh_005,2025-09-01,247,1,246,49,144,supp_003,2025-08-20,378.05
snap_004229,prod_7867,wh_001,2025-09-02,212,17,195,81,169,supp_003,2025-07-26,865.3
snap_004230,prod_8850,wh_001,2025-09-12,240,9,231,52,164,supp_004,2025-09-08,299.01
snap_004231,prod_9179,wh_001,2025-08-29,298,46,252,43,79,supp_003,2025-08-28,208.62
snap_004232,prod_7971,wh_001,2025-08-31,215,3,212,16,144,supp_001,2025-07-29,222.66
snap_004233,prod_4516,wh_001,2025-09-03,243,15,228,90,87,supp_003,2025-08-26,954.78
snap_004234,prod_8810,wh_003,2025-08-30,5,0,5,70,104,supp_003,2025-08-21,714.77
snap_004235,prod_8883,wh_002,2025-08-17,35,4,31,54,69,supp_001,2025-08-18,917.02
snap_004236,prod_7332,wh_004,2025-09-01,156,3,153,52,199,supp_004,2025-08-07,509.21
snap_004237,prod_2544,wh_001,2025-08-27,248,18,230,70,52,supp_004,2025-09-04,273.19
snap_004238,prod_6189,wh_005,2025-08-31,236,9,227,33,184,supp_001,2025-07-26,780.7
snap_004239,prod_7578,wh_002,2025-09-14,0,33,0,42,169,supp_005,2025-09-05,95.5
snap_004240,prod_4736,wh_002,2025-09-09,213,22,191,100,149,supp_003,2025-07-26,766.88
snap_004241,prod_6484,wh_004,2025-08-26,311,46,265,37,197,supp_003,2025-08-14,107.84
snap_004242,prod_6219,wh_005,2025-09-03,139,29,110,11,88,supp_002,2025-07-18,10.74
snap_004243,prod_2028,wh_004,2025-09-12,196,50,146,47,146,supp_005,2025-09-09,736.7
snap_004244,prod_3250,wh_002,2025-08-30,422,16,406,47,140,supp_002,2025-08-21,279.42
snap_004245,prod_8447,wh_005,2025-08-31,22,29,0,96,199,supp_002,2025-08-30,762.67
snap_004246,prod_4824,wh_005,2025-08-20,352,2,350,69,53,supp_002,2025-08-22,230.34
snap_004247,prod_2205,wh_001,2025-08-19,51,38,13,35,56,supp_005,2025-08-12,862.54
snap_004248,prod_8303,wh_002,2025-09-08,483,44,439,78,135,supp_004,2025-08-07,612.72
snap_004249,prod_9220,wh_003,2025-09-01,272,14,258,33,169,supp_003,2025-07-27,297.52
snap_004250,prod_9143,wh_003,2025-08-26,215,17,198,77,72,supp_002,2025-07-28,524.6
snap_004251,prod_2749,wh_003,2025-09-10,479,0,479,75,91,supp_004,2025-09-01,607.06
snap_004252,prod_9756,wh_004,2025-08-18,334,16,318,60,147,supp_004,2025-07-23,792.07
snap_004253,prod_9352,wh_001,2025-09-13,29,6,23,67,147,supp_005,2025-09-14,68.19
snap_004254,prod_6522,wh_003,2025-09-09,488,37,451,30,69,supp_002,2025-09-10,704.28
snap_004255,prod_6494,wh_004,2025-08-21,451,47,404,82,94,supp_004,2025-08-01,123.05
snap_004256,prod_3973,wh_004,2025-08-30,45,33,12,79,177,supp_002,2025-09-01,104.52
snap_004257,prod_3497,wh_005,2025-08-26,26,21,5,69,69,supp_004,2025-08-01,232.3
snap_004258,prod_6475,wh_002,2025-08-30,19,32,0,100,159,supp_003,2025-09-09,689.64
snap_004259,prod_3497,wh_005,2025-08-26,409,24,385,40,170,supp_001,2025-08-01,111.71
snap_004260,prod_2901,wh_002,2025-09-13,114,31,83,19,171,supp_002,2025-07-18,63.61
snap_004261,prod_4462,wh_002,2025-09-11,209,1,208,71,118,supp_002,2025-07-19,215.73
snap_004262,prod_5116,wh_001,2025-09-10,44,9,35,34,88,supp_001,2025-08-14,755.33
snap_004263,prod_3120,wh_003,2025-09-10,284,29,255,92,197,supp_001,2025-07-21,369.52
snap_004264,prod_7915,wh_005,2025-09-13,500,15,485,51,120,supp_001,2025-08-15,936.65
snap_004265,prod_2997,wh_003,2025-08-30,351,33,318,100,147,supp_002,2025-08-31,937.8
snap_004266,prod_6060,wh_002,2025-09-14,287,40,247,44,192,supp_002,2025-08-09,866.94
snap_004267,prod_5914,wh_003,2025-08-31,230,9,221,69,71,supp_002,2025-08-22,639.26
snap_004268,prod_4997,wh_004,2025-08-26,194,48,146,51,71,supp_003,2025-08-11,169.87
snap_004269,prod_5579,wh_002,2025-08-19,68,33,35,71,180,supp_005,2025-08-04,729.51
snap_004270,prod_7213,wh_002,2025-09-02,188,5,183,53,161,supp_002,2025-07-30,63.9
snap_004271,prod_8060,wh_001,2025-08-18,220,36,184,91,137,supp_001,2025-08-12,141.34
snap_004272,prod_1955,wh_004,2025-08-20,2,11,0,22,72,supp_004,2025-08-18,810.49
snap_004273,prod_9891,wh_005,2025-09-11,299,31,268,18,145,supp_005,2025-07-29,298.61
snap_004274,prod_2667,wh_004,2025-08-22,426,3,423,11,170,supp_005,2025-08-31,976.77
snap_004275,prod_3385,wh_004,2025-08-29,73,38,35,79,169,supp_001,2025-07-19,675.44
snap_004276,prod_5333,wh_005,2025-08-19,229,19,210,79,158,supp_005,2025-08-25,166.81
snap_004277,prod_2837,wh_001,2025-09-07,451,45,406,31,56,supp_003,2025-08-17,675.65
snap_004278,prod_7472,wh_002,2025-08-27,115,37,78,63,133,supp_005,2025-08-05,295.54
snap_004279,prod_5393,wh_001,2025-08-23,32,19,13,97,113,supp_005,2025-08-19,97.85
snap_004280,prod_2064,wh_003,2025-09-13,149,39,110,42,138,supp_001,2025-09-08,654.24
snap_004281,prod_4729,wh_002,2025-08-28,305,27,278,12,185,supp_004,2025-08-14,746.49
snap_004282,prod_8205,wh_004,2025-09-12,178,22,156,80,92,supp_002,2025-08-01,107.15
snap_004283,prod_4194,wh_002,2025-09-02,119,8,111,65,67,supp_004,2025-08-30,812.15
snap_004284,prod_5386,wh_005,2025-08-24,125,34,91,50,77,supp_004,2025-08-19,556.32
snap_004285,prod_3373,wh_005,2025-09-03,249,14,235,86,122,supp_004,2025-07-25,288.51
snap_004286,prod_2492,wh_004,2025-08-25,485,11,474,57,70,supp_001,2025-07-21,350.92
snap_004287,prod_7949,wh_005,2025-08-17,283,46,237,31,82,supp_002,2025-09-07,228.04
snap_004288,prod_3969,wh_001,2025-09-14,431,10,421,39,107,supp_004,2025-08-02,499.1
snap_004289,prod_4732,wh_001,2025-09-07,375,42,333,81,131,supp_005,2025-08-10,593.32
snap_004290,prod_4059,wh_002,2025-08-31,192,28,164,57,191,supp_005,2025-08-04,237.96
snap_004291,prod_8312,wh_001,2025-08-23,210,16,194,21,78,supp_004,2025-07-19,984.58
snap_004292,prod_6108,wh_004,2025-08-19,425,45,380,35,170,supp_003,2025-08-10,156.02
snap_004293,prod_7211,wh_001,2025-08-30,291,39,252,54,58,supp_005,2025-09-11,391.76
snap_004294,prod_6113,wh_005,2025-09-12,147,19,128,61,158,supp_004,2025-09-08,622.08
snap_004295,prod_8349,wh_004,2025-09-08,167,10,157,12,163,supp_005,2025-08-18,963.87
snap_004296,prod_5247,wh_004,2025-08-19,252,17,235,60,178,supp_004,2025-08-21,593.22
snap_004297,prod_8132,wh_003,2025-09-01,222,0,222,88,147,supp_002,2025-08-08,127.41
snap_004298,prod_3193,wh_003,2025-08-20,169,8,161,37,160,supp_001,2025-09-01,126.77
snap_004299,prod_6759,wh_003,2025-09-07,37,20,17,76,61,supp_001,2025-08-21,297.37
snap_004300,prod_1234,wh_002,2025-08-27,265,16,249,86,108,supp_001,2025-09-07,925.65
snap_004301,prod_4238,wh_005,2025-09-09,453,40,413,36,68,supp_001,2025-09-07,807.08
snap_004302,prod_7523,wh_002,2025-08-25,500,36,464,28,190,supp_002,2025-07-24,73.78
snap_004303,prod_8050,wh_004,2025-09-04,302,39,263,30,126,supp_003,2025-08-20,60.62
snap_004304,prod_6069,wh_005,2025-08-21,327,37,290,23,171,supp_001,2025-08-02,894.08
snap_004305,prod_2912,wh_003,2025-08-30,38,11,27,44,153,supp_003,2025-07-20,622.65
snap_004306,prod_1660,wh_005,2025-09-10,298,7,291,37,154,supp_004,2025-07-19,819.25
snap_004307,prod_2387,wh_004,2025-08-30,380,12,368,65,55,supp_002,2025-08-19,291.2
snap_004308,prod_8186,wh_002,2025-09-13,315,14,301,23,193,supp_002,2025-09-08,985.07
snap_004309,prod_7527,wh_001,2025-08-17,412,42,370,76,121,supp_003,2025-08-09,753.21
snap_004310,prod_6053,wh_005,2025-08-30,489,7,482,35,181,supp_005,2025-09-04,569.31
snap_004311,prod_7624,wh_005,2025-08-29,224,50,174,36,120,supp_005,2025-07-29,410.15
snap_004312,prod_1092,wh_005,2025-09-13,378,13,365,17,105,supp_003,2025-08-07,826.36
snap_004313,prod_4204,wh_004,2025-09-10,314,49,265,89,142,supp_002,2025-09-13,505.25
snap_004314,prod_3638,wh_003,2025-09-04,373,14,359,26,188,supp_003,2025-08-26,481.08
snap_004315,prod_5593,wh_004,2025-09-08,345,30,315,81,114,supp_002,2025-08-29,392.01
snap_004316,prod_1111,wh_003,2025-08-30,5,49,0,16,136,supp_005,2025-08-31,344.42
snap_004317,prod_3211,wh_005,2025-09-06,165,3,162,58,118,supp_005,2025-08-06,304.07
snap_004318,prod_2555,wh_005,2025-08-30,330,27,303,14,84,supp_003,2025-09-11,968.5
snap_004319,prod_3804,wh_004,2025-09-13,417,44,373,13,102,supp_005,2025-07-19,124.16
snap_004320,prod_8270,wh_003,2025-09-14,222,33,189,84,156,supp_004,2025-08-17,350.97
snap_004321,prod_6285,wh_001,2025-08-21,233,8,225,31,77,supp_005,2025-08-06,393.04
snap_004322,prod_6088,wh_003,2025-08-26,2,22,0,33,87,supp_002,2025-08-18,276.9
snap_004323,prod_2343,wh_003,2025-08-24,316,44,272,78,183,supp_003,2025-08-24,667.89
snap_004324,prod_4148,wh_002,2025-08-26,259,50,209,97,179,supp_004,2025-08-15,884.45
snap_004325,prod_2717,wh_004,2025-08-27,94,10,84,19,165,supp_004,2025-08-22,275.68
snap_004326,prod_6137,wh_001,2025-09-11,12,35,0,49,84,supp_003,2025-07-20,707.91
snap_004327,prod_4245,wh_001,2025-09-02,160,15,145,70,113,supp_002,2025-09-04,301.93
snap_004328,prod_5159,wh_001,2025-09-13,486,28,458,19,116,supp_004,2025-07-26,259.81
snap_004329,prod_4499,wh_002,2025-08-18,12,0,12,76,165,supp_004,2025-09-12,34.38
snap_004330,prod_5338,wh_001,2025-09-06,151,49,102,56,128,supp_005,2025-09-06,230.15
snap_004331,prod_8995,wh_005,2025-09-11,214,11,203,95,116,supp_005,2025-09-02,814.57
snap_004332,prod_6298,wh_005,2025-08-22,361,3,358,67,142,supp_002,2025-08-27,783.64
snap_004333,prod_1282,wh_004,2025-09-03,72,19,53,85,167,supp_003,2025-07-25,616.95
snap_004334,prod_9675,wh_001,2025-08-27,40,36,4,75,128,supp_004,2025-09-07,653.89
snap_004335,prod_6235,wh_002,2025-09-02,168,30,138,66,144,supp_002,2025-07-29,943.68
snap_004336,prod_2475,wh_004,2025-09-09,275,38,237,51,193,supp_005,2025-08-29,492.89
snap_004337,prod_8866,wh_001,2025-08-24,377,36,341,81,129,supp_005,2025-08-09,599.57
snap_004338,prod_1979,wh_003,2025-09-14,365,33,332,79,172,supp_004,2025-07-26,416.1
snap_004339,prod_7392,wh_004,2025-08-22,277,41,236,32,105,supp_003,2025-07-26,988.52
snap_004340,prod_6587,wh_005,2025-08-19,232,18,214,68,150,supp_004,2025-09-09,95.01
snap_004341,prod_5863,wh_004,2025-08-19,262,23,239,24,149,supp_004,2025-07-22,912.58
snap_004342,prod_8635,wh_003,2025-09-06,85,5,80,17,99,supp_003,2025-09-11,141.18
snap_004343,prod_8304,wh_001,2025-09-13,166,33,133,25,100,supp_004,2025-08-13,805.35
snap_004344,prod_2714,wh_003,2025-09-02,496,31,465,13,105,supp_003,2025-08-13,970.74
snap_004345,prod_2181,wh_003,2025-09-04,118,18,100,76,79,supp_001,2025-08-14,742.26
snap_004346,prod_3480,wh_005,2025-08-28,232,35,197,85,193,supp_001,2025-08-05,815.21
snap_004347,prod_2380,wh_005,2025-09-03,449,45,404,70,195,supp_004,2025-07-27,512.43
snap_004348,prod_9474,wh_002,2025-09-10,347,31,316,84,106,supp_002,2025-08-09,723.77
snap_004349,prod_5362,wh_005,2025-09-06,399,11,388,51,138,supp_001,2025-08-28,390.96
snap_004350,prod_2244,wh_003,2025-08-17,496,7,489,67,190,supp_004,2025-08-06,779.63
snap_004351,prod_3414,wh_001,2025-09-07,48,20,28,12,142,supp_002,2025-08-20,358.38
snap_004352,prod_3338,wh_005,2025-08-22,128,33,95,43,103,supp_002,2025-07-24,202.6
snap_004353,prod_6823,wh_003,2025-08-24,220,4,216,73,61,supp_005,2025-07-30,878.81
snap_004354,prod_5761,wh_001,2025-09-11,413,43,370,47,142,supp_004,2025-08-21,651.23
snap_004355,prod_4862,wh_002,2025-08-18,415,20,395,89,188,supp_005,2025-08-20,721.11
snap_004356,prod_6510,wh_003,2025-08-28,254,27,227,19,75,supp_005,2025-09-15,100.51
snap_004357,prod_9815,wh_004,2025-09-04,353,26,327,48,79,supp_003,2025-08-06,457.19
snap_004358,prod_5240,wh_005,2025-08-23,410,24,386,66,188,supp_003,2025-07-18,239.24
snap_004359,prod_3164,wh_004,2025-09-03,288,38,250,57,62,supp_001,2025-08-26,120.13
snap_004360,prod_4896,wh_002,2025-08-22,14,31,0,30,79,supp_004,2025-09-05,621.69
snap_004361,prod_2406,wh_001,2025-09-01,363,43,320,85,180,supp_003,2025-08-30,721.44
snap_004362,prod_4133,wh_005,2025-09-15,424,15,409,81,170,supp_002,2025-08-22,469.8
snap_004363,prod_6174,wh_005,2025-09-03,2,11,0,25,122,supp_003,2025-09-01,496.67
snap_004364,prod_3152,wh_001,2025-08-23,156,32,124,30,70,supp_004,2025-08-24,265.25
snap_004365,prod_5597,wh_003,2025-08-23,0,32,0,67,71,supp_005,2025-09-15,19.84
snap_004366,prod_3012,wh_002,2025-08-25,91,9,82,61,186,supp_001,2025-07-28,209.78
snap_004367,prod_4755,wh_001,2025-09-09,417,10,407,38,121,supp_001,2025-09-15,964.86
snap_004368,prod_6259,wh_002,2025-08-18,93,12,81,43,191,supp_001,2025-07-31,112.78
snap_004369,prod_4293,wh_004,2025-09-07,381,35,346,40,139,supp_004,2025-07-29,458.11
snap_004370,prod_2686,wh_002,2025-08-17,430,33,397,66,185,supp_003,2025-08-09,475.0
snap_004371,prod_3436,wh_001,2025-08-29,180,44,136,85,81,supp_005,2025-08-22,221.23
snap_004372,prod_2530,wh_001,2025-09-04,342,19,323,74,80,supp_005,2025-07-20,490.27
snap_004373,prod_5199,wh_003,2025-09-11,109,1,108,25,93,supp_002,2025-08-15,532.1
snap_004374,prod_3622,wh_004,2025-09-03,356,16,340,68,164,supp_003,2025-09-01,386.23
snap_004375,prod_1528,wh_002,2025-09-02,340,33,307,18,199,supp_003,2025-08-31,307.77
snap_004376,prod_6435,wh_002,2025-09-05,261,44,217,87,154,supp_005,2025-09-09,913.52
snap_004377,prod_3457,wh_002,2025-09-03,111,36,75,33,58,supp_002,2025-08-03,93.39
snap_004378,prod_1993,wh_004,2025-08-21,24,34,0,91,139,supp_003,2025-07-29,306.12
snap_004379,prod_7027,wh_004,2025-08-22,435,10,425,22,151,supp_001,2025-09-10,523.65
snap_004380,prod_9101,wh_002,2025-08-18,110,4,106,25,138,supp_001,2025-07-19,395.11
snap_004381,prod_5396,wh_002,2025-09-01,497,27,470,31,141,supp_004,2025-07-30,338.25
snap_004382,prod_8693,wh_004,2025-08-22,319,13,306,31,75,supp_004,2025-08-10,985.92
snap_004383,prod_1704,wh_002,2025-08-26,49,9,40,82,191,supp_003,2025-08-20,655.4
snap_004384,prod_7388,wh_005,2025-08-18,37,41,0,95,84,supp_001,2025-07-18,352.49
snap_004385,prod_8950,wh_005,2025-09-15,475,13,462,99,86,supp_003,2025-07-29,299.15
snap_004386,prod_5522,wh_005,2025-09-14,354,20,334,25,86,supp_004,2025-07-24,599.96
snap_004387,prod_2668,wh_001,2025-09-15,184,10,174,12,182,supp_002,2025-07-27,524.28
snap_004388,prod_8316,wh_001,2025-08-24,347,31,316,20,151,supp_002,2025-08-19,134.21
snap_004389,prod_9819,wh_002,2025-08-17,334,1,333,93,51,supp_003,2025-09-14,72.16
snap_004390,prod_5649,wh_004,2025-09-02,292,47,245,99,160,supp_004,2025-08-31,164.94
snap_004391,prod_7192,wh_004,2025-08-22,464,25,439,28,135,supp_005,2025-08-01,956.48
snap_004392,prod_3416,wh_001,2025-08-19,232,0,232,91,167,supp_003,2025-07-27,883.82
snap_004393,prod_6050,wh_004,2025-08-23,78,47,31,93,174,supp_003,2025-08-11,987.18
snap_004394,prod_9573,wh_004,2025-09-15,77,7,70,66,158,supp_005,2025-09-11,222.82
snap_004395,prod_5242,wh_005,2025-09-14,474,35,439,27,177,supp_003,2025-08-07,397.48
snap_004396,prod_8002,wh_002,2025-09-07,405,49,356,98,143,supp_002,2025-08-02,841.84
snap_004397,prod_3760,wh_004,2025-08-25,255,43,212,19,147,supp_004,2025-08-10,129.33
snap_004398,prod_4386,wh_001,2025-09-04,222,46,176,62,122,supp_005,2025-08-27,467.28
snap_004399,prod_8508,wh_002,2025-08-25,6,17,0,78,52,supp_004,2025-08-16,867.35
snap_004400,prod_2074,wh_001,2025-08-24,70,9,61,36,55,supp_004,2025-08-01,410.96
snap_004401,prod_4311,wh_001,2025-09-05,276,29,247,15,112,supp_004,2025-08-02,511.43
snap_004402,prod_5682,wh_002,2025-09-02,304,6,298,32,113,supp_003,2025-07-22,8.61
snap_004403,prod_8449,wh_003,2025-08-21,412,4,408,50,130,supp_002,2025-09-05,330.0
snap_004404,prod_2120,wh_002,2025-08-17,467,3,464,49,117,supp_002,2025-08-16,254.94
snap_004405,prod_4878,wh_003,2025-09-10,495,4,491,50,200,supp_001,2025-09-08,287.23
snap_004406,prod_3806,wh_003,2025-08-24,235,13,222,34,153,supp_001,2025-07-29,151.63
snap_004407,prod_4667,wh_002,2025-09-11,164,33,131,96,142,supp_001,2025-07-24,702.27
snap_004408,prod_1460,wh_001,2025-08-25,75,10,65,66,164,supp_001,2025-09-13,164.16
snap_004409,prod_2390,wh_002,2025-09-04,463,13,450,46,200,supp_004,2025-09-03,433.98
snap_004410,prod_2283,wh_004,2025-09-06,119,29,90,99,87,supp_001,2025-08-10,532.47
snap_004411,prod_5579,wh_003,2025-09-01,464,46,418,97,99,supp_004,2025-08-29,975.15
snap_004412,prod_2510,wh_003,2025-09-01,235,14,221,30,57,supp_002,2025-08-24,180.59
snap_004413,prod_6500,wh_003,2025-09-11,282,25,257,42,102,supp_001,2025-09-02,345.1
snap_004414,prod_4681,wh_004,2025-09-12,402,26,376,78,126,supp_004,2025-09-01,874.47
snap_004415,prod_1222,wh_004,2025-09-13,161,8,153,46,122,supp_005,2025-08-26,441.48
snap_004416,prod_3895,wh_001,2025-08-17,69,26,43,36,126,supp_004,2025-09-15,375.83
snap_004417,prod_7867,wh_001,2025-08-28,12,23,0,89,110,supp_004,2025-08-25,522.98
snap_004418,prod_3166,wh_004,2025-09-15,343,22,321,45,187,supp_002,2025-08-03,578.53
snap_004419,prod_6200,wh_002,2025-08-27,325,1,324,41,81,supp_002,2025-08-26,687.2
snap_004420,prod_9039,wh_003,2025-08-25,296,8,288,37,158,supp_002,2025-08-14,45.89
snap_004421,prod_8175,wh_001,2025-08-27,497,35,462,42,159,supp_005,2025-09-15,633.74
snap_004422,prod_3484,wh_002,2025-09-07,258,3,255,12,159,supp_003,2025-08-29,624.76
snap_004423,prod_3386,wh_002,2025-09-02,335,8,327,80,177,supp_005,2025-07-27,573.11
snap_004424,prod_5397,wh_004,2025-09-04,331,9,322,15,106,supp_002,2025-09-13,478.66
snap_004425,prod_6033,wh_002,2025-09-06,382,14,368,57,56,supp_002,2025-07-31,51.14
snap_004426,prod_8473,wh_005,2025-08-30,4,4,0,79,112,supp_003,2025-09-10,141.64
snap_004427,prod_9341,wh_004,2025-08-31,258,46,212,90,150,supp_004,2025-08-27,985.64
snap_004428,prod_7541,wh_002,2025-09-14,337,1,336,95,94,supp_004,2025-08-18,103.71
snap_004429,prod_9106,wh_003,2025-08-17,179,22,157,23,176,supp_004,2025-09-08,411.75
snap_004430,prod_2449,wh_001,2025-09-04,306,33,273,27,110,supp_004,2025-07-29,235.75
snap_004431,prod_7922,wh_004,2025-08-29,442,13,429,79,121,supp_003,2025-09-11,240.65
snap_004432,prod_2562,wh_002,2025-09-12,487,9,478,57,124,supp_004,2025-07-25,978.49
snap_004433,prod_4678,wh_002,2025-09-01,122,41,81,97,66,supp_004,2025-09-13,550.83
snap_004434,prod_6302,wh_003,2025-08-24,493,50,443,89,93,supp_001,2025-08-14,521.08
snap_004435,prod_8616,wh_004,2025-09-15,466,30,436,80,176,supp_004,2025-09-11,18.39
snap_004436,prod_5774,wh_004,2025-09-05,334,6,328,44,181,supp_002,2025-08-09,793.58
snap_004437,prod_6132,wh_001,2025-09-10,297,43,254,39,53,supp_002,2025-08-30,254.78
snap_004438,prod_2027,wh_004,2025-09-09,246,35,211,74,127,supp_001,2025-07-25,177.79
snap_004439,prod_5894,wh_004,2025-08-19,289,7,282,75,94,supp_005,2025-07-27,623.99
snap_004440,prod_9954,wh_001,2025-08-31,234,33,201,84,109,supp_003,2025-07-21,685.99
snap_004441,prod_1888,wh_003,2025-09-04,418,47,371,29,70,supp_004,2025-09-11,694.13
snap_004442,prod_7634,wh_002,2025-08-24,500,25,475,35,174,supp_002,2025-09-10,625.65
snap_004443,prod_8876,wh_001,2025-09-14,408,39,369,22,52,supp_003,2025-08-10,869.32
snap_004444,prod_6291,wh_003,2025-09-03,20,32,0,37,125,supp_003,2025-08-28,471.62
snap_004445,prod_7035,wh_003,2025-08-24,459,25,434,45,190,supp_003,2025-07-20,294.32
snap_004446,prod_1953,wh_003,2025-08-18,428,0,428,17,197,supp_001,2025-08-13,413.09
snap_004447,prod_6514,wh_002,2025-09-09,419,4,415,36,108,supp_005,2025-07-27,479.68
snap_004448,prod_6381,wh_001,2025-08-29,379,33,346,97,51,supp_002,2025-08-25,178.45
snap_004449,prod_6176,wh_003,2025-08-25,170,43,127,70,153,supp_003,2025-09-08,829.75
snap_004450,prod_1348,wh_004,2025-08-22,447,47,400,93,117,supp_001,2025-08-30,227.95
snap_004451,prod_2367,wh_001,2025-09-09,117,49,68,25,66,supp_002,2025-08-04,658.66
snap_004452,prod_1915,wh_005,2025-09-03,91,46,45,63,182,supp_003,2025-08-06,327.25
snap_004453,prod_9266,wh_003,2025-08-31,15,32,0,33,198,supp_002,2025-08-28,720.84
snap_004454,prod_3581,wh_001,2025-09-11,324,44,280,50,72,supp_003,2025-08-13,535.04
snap_004455,prod_2239,wh_001,2025-08-20,285,32,253,85,121,supp_003,2025-09-08,555.84
snap_004456,prod_2086,wh_004,2025-08-17,115,48,67,39,151,supp_002,2025-08-29,177.87
snap_004457,prod_9667,wh_003,2025-08-26,473,39,434,86,155,supp_001,2025-09-05,74.41
snap_004458,prod_9145,wh_002,2025-08-18,252,23,229,86,97,supp_003,2025-07-18,478.05
snap_004459,prod_6575,wh_005,2025-08-17,269,14,255,36,136,supp_004,2025-09-08,106.09
snap_004460,prod_9515,wh_004,2025-08-19,315,29,286,97,54,supp_002,2025-08-06,534.56
snap_004461,prod_5376,wh_004,2025-09-15,353,27,326,51,75,supp_003,2025-08-11,943.86
snap_004462,prod_2218,wh_002,2025-08-21,261,12,249,34,196,supp_003,2025-09-13,995.21
snap_004463,prod_6098,wh_004,2025-08-24,139,10,129,33,96,supp_003,2025-08-08,806.94
snap_004464,prod_3899,wh_004,2025-08-28,446,3,443,93,190,supp_002,2025-08-31,904.72
snap_004465,prod_3281,wh_002,2025-08-24,187,30,157,89,60,supp_005,2025-07-23,82.28
snap_004466,prod_2230,wh_005,2025-09-07,361,10,351,87,130,supp_002,2025-09-02,61.87
snap_004467,prod_1728,wh_001,2025-08-30,164,29,135,41,183,supp_003,2025-08-08,964.6
snap_004468,prod_3518,wh_004,2025-09-07,221,34,187,69,72,supp_002,2025-08-26,460.97
snap_004469,prod_8751,wh_003,2025-09-07,46,42,4,58,56,supp_001,2025-09-11,213.66
snap_004470,prod_3573,wh_003,2025-09-08,234,27,207,73,183,supp_005,2025-08-30,574.24
snap_004471,prod_9029,wh_004,2025-08-20,316,42,274,38,53,supp_003,2025-08-11,66.08
snap_004472,prod_3437,wh_002,2025-09-06,90,50,40,95,77,supp_001,2025-09-02,176.44
snap_004473,prod_4889,wh_002,2025-09-02,44,37,7,11,141,supp_001,2025-07-24,437.88
snap_004474,prod_3734,wh_005,2025-09-09,175,11,164,16,187,supp_001,2025-09-15,634.12
snap_004475,prod_7224,wh_002,2025-08-27,3,50,0,58,195,supp_003,2025-07-29,671.39
snap_004476,prod_1552,wh_004,2025-08-29,475,44,431,41,170,supp_001,2025-09-02,117.04
snap_004477,prod_8892,wh_001,2025-08-27,292,15,277,77,125,supp_004,2025-08-14,313.38
snap_004478,prod_1556,wh_004,2025-08-22,4,44,0,61,173,supp_003,2025-08-19,456.45
snap_004479,prod_1356,wh_002,2025-09-02,95,50,45,13,64,supp_003,2025-08-12,58.11
snap_004480,prod_3759,wh_003,2025-09-13,118,48,70,26,164,supp_002,2025-07-22,453.82
snap_004481,prod_1132,wh_004,2025-08-28,243,36,207,45,99,supp_001,2025-09-02,513.72
snap_004482,prod_3357,wh_002,2025-08-22,333,25,308,86,134,supp_005,2025-08-28,18.45
snap_004483,prod_7955,wh_005,2025-09-10,411,45,366,55,138,supp_003,2025-08-19,408.87
snap_004484,prod_2427,wh_005,2025-09-09,422,45,377,13,94,supp_005,2025-09-15,614.95
snap_004485,prod_1683,wh_005,2025-08-30,341,38,303,16,86,supp_004,2025-08-14,135.25
snap_004486,prod_8702,wh_002,2025-08-23,291,34,257,31,57,supp_005,2025-08-13,737.31
snap_004487,prod_8025,wh_005,2025-09-14,59,26,33,37,129,supp_002,2025-08-18,35.79
snap_004488,prod_5000,wh_002,2025-09-06,96,50,46,98,75,supp_005,2025-09-14,263.53
snap_004489,prod_7495,wh_004,2025-09-04,181,14,167,100,108,supp_003,2025-08-12,602.57
snap_004490,prod_8319,wh_002,2025-09-06,137,7,130,42,138,supp_002,2025-09-02,823.43
snap_004491,prod_2885,wh_004,2025-08-25,393,34,359,29,72,supp_003,2025-08-26,374.86
snap_004492,prod_7975,wh_005,2025-08-20,6,37,0,81,158,supp_005,2025-09-05,342.99
snap_004493,prod_2378,wh_004,2025-09-12,271,6,265,58,119,supp_002,2025-09-14,462.75
snap_004494,prod_3024,wh_003,2025-09-05,384,48,336,15,65,supp_005,2025-09-11,504.51
snap_004495,prod_6930,wh_003,2025-08-22,59,45,14,26,177,supp_001,2025-08-20,40.21
snap_004496,prod_8976,wh_001,2025-08-25,46,10,36,13,76,supp_001,2025-08-06,663.79
snap_004497,prod_7062,wh_002,2025-08-27,124,29,95,18,60,supp_003,2025-07-23,457.65
snap_004498,prod_5609,wh_003,2025-09-04,389,11,378,72,172,supp_002,2025-07-22,306.02
snap_004499,prod_2289,wh_003,2025-08-20,227,49,178,46,173,supp_004,2025-07-23,776.22
snap_004500,prod_2648,wh_003,2025-08-25,337,50,287,57,51,supp_001,2025-08-31,614.6
snap_004501,prod_6184,wh_001,2025-09-10,492,42,450,29,158,supp_005,2025-08-05,655.65
snap_004502,prod_3253,wh_002,2025-09-03,337,9,328,61,194,supp_005,2025-08-16,952.34
snap_004503,prod_6443,wh_001,2025-08-30,15,46,0,75,192,supp_001,2025-09-12,187.91
snap_004504,prod_5826,wh_003,2025-08-27,297,29,268,55,73,supp_003,2025-08-28,264.78
snap_004505,prod_1058,wh_001,2025-09-08,303,38,265,32,102,supp_001,2025-08-30,437.26
snap_004506,prod_2932,wh_003,2025-08-21,195,15,180,43,95,supp_002,2025-09-12,173.56
snap_004507,prod_5483,wh_001,2025-08-26,305,24,281,25,194,supp_002,2025-07-30,129.25
snap_004508,prod_4404,wh_005,2025-09-06,116,10,106,60,146,supp_005,2025-09-10,181.92
snap_004509,prod_8536,wh_004,2025-08-27,334,25,309,24,173,supp_002,2025-08-11,48.57
snap_004510,prod_9645,wh_003,2025-09-03,225,18,207,29,131,supp_001,2025-09-12,555.17
snap_004511,prod_2194,wh_004,2025-08-20,193,17,176,40,87,supp_001,2025-07-19,774.67
snap_004512,prod_8501,wh_004,2025-08-18,254,35,219,71,54,supp_003,2025-08-07,375.67
snap_004513,prod_2409,wh_005,2025-08-17,176,12,164,16,147,supp_001,2025-09-08,948.84
snap_004514,prod_8385,wh_004,2025-09-07,33,19,14,37,68,supp_002,2025-08-25,807.22
snap_004515,prod_2360,wh_001,2025-08-26,215,40,175,99,117,supp_002,2025-08-19,456.97
snap_004516,prod_9727,wh_005,2025-08-23,2,18,0,60,94,supp_004,2025-09-11,645.99
snap_004517,prod_2693,wh_002,2025-09-12,194,17,177,70,115,supp_001,2025-07-27,423.73
snap_004518,prod_6489,wh_002,2025-08-18,74,48,26,76,177,supp_004,2025-07-23,148.91
snap_004519,prod_2680,wh_004,2025-09-15,317,23,294,18,62,supp_004,2025-08-13,341.3
snap_004520,prod_1324,wh_003,2025-08-27,370,21,349,50,74,supp_002,2025-08-28,368.89
snap_004521,prod_1937,wh_001,2025-09-10,494,39,455,38,194,supp_003,2025-09-05,748.18
snap_004522,prod_9719,wh_005,2025-08-24,324,28,296,20,171,supp_003,2025-07-18,754.47
snap_004523,prod_2306,wh_001,2025-08-22,392,18,374,88,183,supp_005,2025-08-03,226.01
snap_004524,prod_9037,wh_002,2025-08-28,117,46,71,47,69,supp_003,2025-08-29,557.23
snap_004525,prod_7133,wh_005,2025-09-09,72,44,28,19,69,supp_002,2025-08-12,522.53
snap_004526,prod_7926,wh_005,2025-08-25,268,36,232,55,198,supp_002,2025-08-10,311.07
snap_004527,prod_4556,wh_003,2025-09-15,458,20,438,32,88,supp_001,2025-08-04,725.65
snap_004528,prod_3935,wh_004,2025-08-28,378,1,377,83,66,supp_003,2025-09-02,808.74
snap_004529,prod_4858,wh_004,2025-08-28,324,2,322,44,190,supp_001,2025-08-30,525.22
snap_004530,prod_1248,wh_002,2025-09-06,270,40,230,48,189,supp_004,2025-08-01,365.3
snap_004531,prod_2104,wh_001,2025-09-04,259,14,245,32,125,supp_002,2025-09-12,704.91
snap_004532,prod_6071,wh_001,2025-08-28,107,38,69,59,75,supp_002,2025-08-05,917.25
snap_004533,prod_9877,wh_001,2025-08-26,72,12,60,65,144,supp_004,2025-07-31,527.46
snap_004534,prod_9164,wh_005,2025-08-26,263,47,216,36,138,supp_001,2025-08-30,941.66
snap_004535,prod_8228,wh_001,2025-09-13,255,17,238,95,76,supp_004,2025-08-16,908.05
snap_004536,prod_8021,wh_003,2025-09-07,428,50,378,74,80,supp_004,2025-08-19,300.66
snap_004537,prod_2080,wh_003,2025-08-18,142,13,129,25,107,supp_001,2025-08-30,175.41
snap_004538,prod_7359,wh_005,2025-08-31,368,17,351,18,56,supp_002,2025-08-05,392.88
snap_004539,prod_9308,wh_005,2025-08-25,197,24,173,30,172,supp_003,2025-07-30,810.19
snap_004540,prod_1501,wh_001,2025-08-31,28,9,19,80,128,supp_003,2025-09-07,286.72
snap_004541,prod_1881,wh_001,2025-08-31,54,37,17,11,69,supp_001,2025-09-14,5.8
snap_004542,prod_9698,wh_003,2025-08-21,223,41,182,98,186,supp_002,2025-08-16,350.62
snap_004543,prod_6494,wh_005,2025-08-30,252,13,239,55,93,supp_005,2025-07-22,405.47
snap_004544,prod_2547,wh_004,2025-09-13,12,50,0,74,195,supp_002,2025-09-03,460.2
snap_004545,prod_1441,wh_003,2025-08-17,63,34,29,60,197,supp_004,2025-07-24,44.16
snap_004546,prod_2964,wh_003,2025-09-08,56,12,44,50,52,supp_005,2025-08-28,276.77
snap_004547,prod_1732,wh_003,2025-09-03,480,6,474,91,119,supp_002,2025-07-29,298.66
snap_004548,prod_6895,wh_002,2025-09-13,411,16,395,95,104,supp_005,2025-09-11,383.68
snap_004549,prod_9466,wh_002,2025-08-18,49,49,0,12,169,supp_005,2025-08-09,592.96
snap_004550,prod_3668,wh_001,2025-08-29,142,0,142,89,189,supp_001,2025-08-27,886.78
snap_004551,prod_9909,wh_005,2025-08-22,423,12,411,99,151,supp_001,2025-09-11,871.0
snap_004552,prod_9849,wh_003,2025-09-05,22,45,0,28,52,supp_002,2025-08-15,258.09
snap_004553,prod_8926,wh_004,2025-08-21,85,35,50,35,114,supp_004,2025-08-11,568.57
snap_004554,prod_9821,wh_002,2025-09-08,370,14,356,31,139,supp_001,2025-08-23,90.47
snap_004555,prod_2616,wh_003,2025-09-14,240,25,215,78,180,supp_004,2025-09-11,337.7
snap_004556,prod_6775,wh_001,2025-09-03,367,1,366,64,137,supp_002,2025-08-03,798.17
snap_004557,prod_1444,wh_004,2025-09-03,356,17,339,79,163,supp_005,2025-08-19,530.79
snap_004558,prod_8389,wh_005,2025-09-11,369,12,357,35,54,supp_003,2025-08-19,667.53
snap_004559,prod_9353,wh_002,2025-09-13,456,47,409,40,101,supp_004,2025-09-08,50.7
snap_004560,prod_9571,wh_005,2025-08-25,403,45,358,48,100,supp_002,2025-08-01,321.98
snap_004561,prod_4314,wh_003,2025-09-09,98,34,64,99,163,supp_002,2025-07-18,249.83
snap_004562,prod_6353,wh_004,2025-09-01,374,33,341,33,189,supp_002,2025-08-10,251.46
snap_004563,prod_6598,wh_005,2025-08-29,171,6,165,97,141,supp_005,2025-09-12,423.35
snap_004564,prod_3064,wh_003,2025-08-18,21,43,0,35,51,supp_001,2025-08-21,74.89
snap_004565,prod_3163,wh_005,2025-08-21,129,2,127,30,156,supp_004,2025-08-06,622.54
snap_004566,prod_7788,wh_002,2025-08-28,493,46,447,73,172,supp_003,2025-08-13,934.0
snap_004567,prod_7986,wh_002,2025-08-20,60,0,60,75,103,supp_002,2025-07-26,288.82
snap_004568,prod_6735,wh_005,2025-09-14,431,30,401,58,91,supp_003,2025-07-22,565.94
snap_004569,prod_1751,wh_005,2025-08-29,237,9,228,22,193,supp_002,2025-08-05,137.81
snap_004570,prod_2614,wh_005,2025-09-02,415,13,402,93,87,supp_005,2025-08-23,913.64
snap_004571,prod_8293,wh_005,2025-09-12,270,38,232,58,94,supp_004,2025-09-11,638.88
snap_004572,prod_8805,wh_004,2025-08-24,354,41,313,26,123,supp_005,2025-08-02,757.6
snap_004573,prod_6319,wh_001,2025-09-06,282,16,266,65,107,supp_001,2025-07-29,198.68
snap_004574,prod_6258,wh_004,2025-08-24,132,35,97,35,182,supp_003,2025-08-14,445.05
snap_004575,prod_2207,wh_001,2025-08-24,55,46,9,13,127,supp_005,2025-09-12,173.12
snap_004576,prod_1498,wh_005,2025-08-21,446,43,403,94,115,supp_003,2025-08-06,377.46
snap_004577,prod_9955,wh_001,2025-09-15,134,40,94,19,151,supp_005,2025-09-06,456.2
snap_004578,prod_2938,wh_001,2025-09-05,30,4,26,33,61,supp_005,2025-09-06,244.8
snap_004579,prod_4806,wh_005,2025-08-29,383,23,360,60,194,supp_005,2025-08-18,262.09
snap_004580,prod_3709,wh_001,2025-09-06,432,39,393,68,100,supp_002,2025-07-30,557.62
snap_004581,prod_4844,wh_004,2025-08-21,231,47,184,13,168,supp_003,2025-08-21,265.89
snap_004582,prod_2860,wh_004,2025-09-14,419,23,396,57,189,supp_005,2025-09-05,118.2
snap_004583,prod_8197,wh_003,2025-09-07,316,14,302,88,184,supp_004,2025-09-08,198.07
snap_004584,prod_9831,wh_005,2025-09-08,184,30,154,58,111,supp_005,2025-08-04,171.82
snap_004585,prod_1388,wh_003,2025-09-10,488,32,456,45,52,supp_003,2025-08-17,795.4
snap_004586,prod_2498,wh_001,2025-08-26,372,44,328,61,89,supp_005,2025-09-13,477.55
snap_004587,prod_6395,wh_005,2025-09-06,369,26,343,46,130,supp_004,2025-09-11,713.22
snap_004588,prod_3497,wh_002,2025-09-14,137,8,129,10,183,supp_002,2025-07-27,997.01
snap_004589,prod_2965,wh_004,2025-09-15,101,2,99,58,65,supp_003,2025-08-19,351.44
snap_004590,prod_4699,wh_002,2025-09-15,18,46,0,93,119,supp_005,2025-08-27,866.94
snap_004591,prod_9004,wh_002,2025-09-08,142,4,138,89,140,supp_005,2025-08-13,810.81
snap_004592,prod_3094,wh_001,2025-08-30,192,11,181,49,85,supp_002,2025-09-12,968.09
snap_004593,prod_7564,wh_004,2025-08-19,343,7,336,97,164,supp_005,2025-08-11,737.18
snap_004594,prod_3236,wh_005,2025-09-05,2,30,0,25,157,supp_004,2025-08-18,748.89
snap_004595,prod_6545,wh_005,2025-09-14,338,23,315,15,51,supp_004,2025-08-15,487.18
snap_004596,prod_9890,wh_002,2025-08-29,408,22,386,71,130,supp_001,2025-08-07,496.1
snap_004597,prod_6580,wh_005,2025-08-22,420,36,384,71,50,supp_001,2025-08-31,32.15
snap_004598,prod_7878,wh_004,2025-09-14,29,39,0,99,50,supp_005,2025-08-03,429.17
snap_004599,prod_7716,wh_004,2025-09-04,96,25,71,68,153,supp_004,2025-08-16,581.6
snap_004600,prod_8510,wh_004,2025-08-31,237,44,193,17,74,supp_005,2025-07-30,137.23
snap_004601,prod_8175,wh_001,2025-09-11,399,4,395,83,190,supp_003,2025-08-21,614.93
snap_004602,prod_7036,wh_003,2025-08-21,313,22,291,80,111,supp_003,2025-07-31,800.96
snap_004603,prod_9897,wh_003,2025-09-07,148,43,105,42,144,supp_002,2025-08-07,856.9
snap_004604,prod_2533,wh_002,2025-08-20,237,50,187,30,73,supp_003,2025-07-30,149.32
snap_004605,prod_1149,wh_004,2025-09-11,421,12,409,19,114,supp_001,2025-07-24,827.84
snap_004606,prod_5696,wh_001,2025-09-04,162,34,128,100,163,supp_005,2025-08-24,726.18
snap_004607,prod_4009,wh_001,2025-09-03,96,8,88,20,191,supp_004,2025-08-26,808.26
snap_004608,prod_4111,wh_005,2025-09-13,471,9,462,83,139,supp_004,2025-08-18,951.35
snap_004609,prod_8271,wh_003,2025-09-03,44,14,30,67,121,supp_004,2025-07-23,297.16
snap_004610,prod_2570,wh_005,2025-09-11,204,30,174,88,117,supp_001,2025-08-09,185.44
snap_004611,prod_6303,wh_002,2025-08-25,249,10,239,48,123,supp_002,2025-08-12,981.41
snap_004612,prod_8691,wh_003,2025-09-01,267,15,252,48,110,supp_002,2025-08-16,462.86
snap_004613,prod_5922,wh_003,2025-09-06,435,46,389,56,168,supp_002,2025-08-17,722.97
snap_004614,prod_3135,wh_004,2025-09-03,430,29,401,84,140,supp_001,2025-09-07,338.94
snap_004615,prod_1502,wh_005,2025-08-28,229,14,215,49,124,supp_005,2025-08-06,939.59
snap_004616,prod_5373,wh_002,2025-09-03,35,38,0,40,59,supp_004,2025-08-13,300.41
snap_004617,prod_6345,wh_001,2025-09-04,450,44,406,82,169,supp_005,2025-08-02,78.32
snap_004618,prod_2592,wh_002,2025-09-03,341,8,333,99,132,supp_004,2025-08-23,811.95
snap_004619,prod_9897,wh_002,2025-08-24,487,24,463,70,74,supp_003,2025-08-14,961.4
snap_004620,prod_2567,wh_001,2025-08-31,21,13,8,55,125,supp_001,2025-08-07,260.85
snap_004621,prod_8342,wh_003,2025-09-04,274,32,242,19,189,supp_004,2025-08-19,756.63
snap_004622,prod_6495,wh_002,2025-08-20,382,37,345,34,157,supp_004,2025-07-28,775.11
snap_004623,prod_2709,wh_004,2025-08-31,391,32,359,36,161,supp_001,2025-08-04,353.74
snap_004624,prod_5286,wh_002,2025-09-03,139,29,110,92,61,supp_002,2025-07-27,25.11
snap_004625,prod_9272,wh_004,2025-08-26,115,41,74,75,75,supp_003,2025-08-19,741.29
snap_004626,prod_4601,wh_002,2025-08-21,41,36,5,28,134,supp_003,2025-08-22,85.42
snap_004627,prod_4488,wh_005,2025-09-15,170,30,140,35,98,supp_003,2025-07-29,330.77
snap_004628,prod_7076,wh_003,2025-08-31,26,32,0,75,122,supp_004,2025-08-21,651.96
snap_004629,prod_5282,wh_003,2025-08-23,424,11,413,57,135,supp_005,2025-07-18,934.87
snap_004630,prod_1291,wh_004,2025-09-01,379,48,331,15,83,supp_002,2025-09-10,280.19
snap_004631,prod_9250,wh_004,2025-08-20,469,0,469,41,184,supp_004,2025-07-19,724.04
snap_004632,prod_1870,wh_004,2025-08-22,62,8,54,31,80,supp_004,2025-09-04,416.87
snap_004633,prod_9808,wh_005,2025-08-24,274,31,243,20,147,supp_003,2025-09-03,362.51
snap_004634,prod_8054,wh_003,2025-08-25,256,1,255,86,97,supp_003,2025-08-07,895.26
snap_004635,prod_4362,wh_005,2025-09-10,88,48,40,10,86,supp_002,2025-09-11,471.09
snap_004636,prod_7592,wh_001,2025-09-08,278,41,237,51,152,supp_002,2025-08-03,916.4
snap_004637,prod_8375,wh_005,2025-09-12,389,45,344,22,52,supp_003,2025-09-04,29.63
snap_004638,prod_5234,wh_001,2025-09-03,340,27,313,14,169,supp_004,2025-08-10,637.69
snap_004639,prod_7072,wh_003,2025-08-27,23,28,0,21,125,supp_005,2025-08-20,957.49
snap_004640,prod_6198,wh_001,2025-09-04,76,26,50,36,151,supp_002,2025-08-15,276.05
snap_004641,prod_3218,wh_004,2025-08-30,64,38,26,25,154,supp_004,2025-08-23,676.27
snap_004642,prod_1314,wh_002,2025-09-05,80,42,38,15,162,supp_004,2025-08-24,179.21
snap_004643,prod_3256,wh_005,2025-08-17,151,16,135,58,68,supp_004,2025-08-11,946.38
snap_004644,prod_8305,wh_003,2025-09-05,403,42,361,86,70,supp_002,2025-08-23,911.07
snap_004645,prod_8205,wh_005,2025-09-06,6,39,0,53,107,supp_001,2025-08-26,462.17
snap_004646,prod_4176,wh_005,2025-09-13,185,14,171,42,130,supp_002,2025-09-01,288.28
snap_004647,prod_6893,wh_003,2025-08-19,48,24,24,44,80,supp_002,2025-09-06,113.87
snap_004648,prod_7446,wh_003,2025-08-17,127,44,83,66,169,supp_005,2025-07-27,669.98
snap_004649,prod_7394,wh_002,2025-09-06,189,9,180,83,189,supp_003,2025-08-04,547.79
snap_004650,prod_5497,wh_002,2025-09-03,400,32,368,13,59,supp_001,2025-08-21,309.53
snap_004651,prod_4702,wh_001,2025-08-27,42,45,0,33,167,supp_004,2025-09-11,99.1
snap_004652,prod_5186,wh_002,2025-09-13,339,32,307,24,114,supp_005,2025-08-25,569.19
snap_004653,prod_7320,wh_003,2025-09-02,474,27,447,58,175,supp_001,2025-08-26,495.98
snap_004654,prod_5495,wh_001,2025-08-25,99,9,90,50,180,supp_003,2025-09-07,149.09
snap_004655,prod_7342,wh_001,2025-09-07,360,14,346,53,97,supp_002,2025-08-13,554.98
snap_004656,prod_1923,wh_005,2025-08-20,3,44,0,11,58,supp_004,2025-09-08,994.43
snap_004657,prod_7848,wh_003,2025-09-01,36,17,19,72,97,supp_001,2025-09-09,871.47
snap_004658,prod_8276,wh_005,2025-09-10,24,36,0,100,91,supp_004,2025-09-15,903.23
snap_004659,prod_1401,wh_002,2025-09-03,310,25,285,36,177,supp_002,2025-09-10,973.99
snap_004660,prod_9140,wh_001,2025-08-17,120,16,104,92,106,supp_004,2025-08-11,167.24
snap_004661,prod_7339,wh_004,2025-09-02,4,18,0,62,76,supp_001,2025-07-22,764.89
snap_004662,prod_7006,wh_003,2025-08-30,16,27,0,52,113,supp_003,2025-07-30,895.5
snap_004663,prod_8843,wh_004,2025-08-25,106,32,74,45,84,supp_005,2025-08-11,773.91
snap_004664,prod_5282,wh_003,2025-08-22,466,28,438,81,133,supp_004,2025-08-03,653.97
snap_004665,prod_8498,wh_003,2025-09-07,338,9,329,46,99,supp_002,2025-08-05,838.02
snap_004666,prod_5553,wh_005,2025-08-22,115,45,70,45,130,supp_002,2025-09-08,802.94
snap_004667,prod_1332,wh_005,2025-08-26,3,30,0,60,156,supp_004,2025-08-18,12.76
snap_004668,prod_7530,wh_004,2025-08-23,72,20,52,44,163,supp_001,2025-09-11,717.54
snap_004669,prod_3291,wh_001,2025-09-06,411,49,362,79,61,supp_003,2025-09-07,173.51
snap_004670,prod_7001,wh_001,2025-09-03,354,35,319,50,57,supp_002,2025-08-30,413.74
snap_004671,prod_5046,wh_005,2025-08-25,212,49,163,66,151,supp_002,2025-09-06,681.64
snap_004672,prod_7219,wh_002,2025-09-08,364,26,338,17,88,supp_005,2025-08-31,170.44
snap_004673,prod_5779,wh_004,2025-08-26,72,46,26,19,80,supp_005,2025-07-29,942.93
snap_004674,prod_9042,wh_001,2025-09-15,153,29,124,85,196,supp_002,2025-09-14,25.59
snap_004675,prod_6322,wh_005,2025-09-03,312,4,308,34,146,supp_004,2025-07-25,734.79
snap_004676,prod_2030,wh_005,2025-09-01,81,9,72,93,80,supp_001,2025-09-12,500.74
snap_004677,prod_5658,wh_003,2025-08-19,237,20,217,77,137,supp_003,2025-08-17,414.12
snap_004678,prod_5831,wh_001,2025-08-31,160,18,142,54,92,supp_002,2025-08-16,446.97
snap_004679,prod_3884,wh_001,2025-08-24,377,10,367,70,108,supp_002,2025-08-19,430.06
snap_004680,prod_7400,wh_005,2025-08-25,465,29,436,13,61,supp_001,2025-09-09,570.75
snap_004681,prod_3652,wh_001,2025-09-10,89,28,61,90,193,supp_002,2025-09-06,755.12
snap_004682,prod_3313,wh_002,2025-09-09,301,42,259,38,196,supp_003,2025-08-17,314.22
snap_004683,prod_7413,wh_005,2025-09-06,69,7,62,30,186,supp_001,2025-08-13,807.53
snap_004684,prod_2652,wh_001,2025-08-27,24,49,0,13,69,supp_003,2025-08-20,789.36
snap_004685,prod_3322,wh_003,2025-09-07,321,16,305,60,161,supp_001,2025-07-26,734.35
snap_004686,prod_8066,wh_004,2025-09-15,447,15,432,50,62,supp_004,2025-07-22,715.84
snap_004687,prod_3797,wh_004,2025-08-24,177,13,164,68,174,supp_003,2025-08-30,669.09
snap_004688,prod_6777,wh_004,2025-09-15,484,43,441,32,170,supp_002,2025-08-08,376.2
snap_004689,prod_7495,wh_002,2025-08-24,202,35,167,60,103,supp_002,2025-08-18,691.59
snap_004690,prod_5830,wh_004,2025-08-18,28,21,7,22,173,supp_004,2025-09-02,976.0
snap_004691,prod_9048,wh_003,2025-08-29,177,3,174,52,158,supp_005,2025-09-04,622.21
snap_004692,prod_1566,wh_001,2025-08-25,65,39,26,31,97,supp_002,2025-07-20,396.52
snap_004693,prod_2346,wh_003,2025-08-25,107,43,64,98,183,supp_003,2025-07-26,538.95
snap_004694,prod_7781,wh_001,2025-09-03,458,3,455,91,197,supp_005,2025-08-31,452.28
snap_004695,prod_3314,wh_005,2025-09-08,345,23,322,93,105,supp_004,2025-08-18,560.91
snap_004696,prod_8705,wh_001,2025-08-17,221,9,212,14,104,supp_004,2025-08-20,342.14
snap_004697,prod_4005,wh_002,2025-08-31,129,20,109,20,166,supp_005,2025-09-14,848.43
snap_004698,prod_4184,wh_005,2025-08-23,338,9,329,38,197,supp_004,2025-08-30,912.66
snap_004699,prod_3547,wh_002,2025-08-20,190,27,163,18,73,supp_004,2025-09-14,939.82
snap_004700,prod_6048,wh_002,2025-08-23,85,2,83,64,167,supp_003,2025-08-04,141.52
snap_004701,prod_8923,wh_004,2025-09-15,145,1,144,47,108,supp_002,2025-08-15,147.75
snap_004702,prod_6293,wh_003,2025-08-26,320,17,303,61,133,supp_002,2025-09-14,184.15
snap_004703,prod_4918,wh_005,2025-08-31,68,44,24,13,128,supp_005,2025-07-24,377.52
snap_004704,prod_5625,wh_002,2025-09-01,41,40,1,92,172,supp_004,2025-09-09,700.6
snap_004705,prod_4294,wh_002,2025-08-19,500,49,451,47,162,supp_002,2025-09-06,459.35
snap_004706,prod_9256,wh_002,2025-09-05,139,50,89,38,164,supp_001,2025-09-01,358.47
snap_004707,prod_2432,wh_005,2025-08-19,44,18,26,85,138,supp_001,2025-07-22,989.93
snap_004708,prod_9609,wh_004,2025-09-04,322,19,303,54,104,supp_001,2025-09-13,261.45
snap_004709,prod_7719,wh_001,2025-08-18,171,15,156,41,196,supp_003,2025-08-11,565.96
snap_004710,prod_9748,wh_004,2025-08-27,226,27,199,88,193,supp_005,2025-08-14,603.75
snap_004711,prod_7657,wh_003,2025-09-04,37,21,16,44,150,supp_005,2025-09-10,140.39
snap_004712,prod_5320,wh_003,2025-08-25,151,13,138,50,185,supp_004,2025-08-25,357.87
snap_004713,prod_5231,wh_003,2025-08-21,335,40,295,94,82,supp_002,2025-09-11,212.11
snap_004714,prod_8369,wh_001,2025-09-05,73,8,65,64,181,supp_002,2025-08-09,986.14
snap_004715,prod_9866,wh_001,2025-08-18,307,45,262,20,126,supp_003,2025-09-14,996.23
snap_004716,prod_3472,wh_005,2025-09-13,10,13,0,48,158,supp_003,2025-08-27,65.92
snap_004717,prod_8624,wh_001,2025-09-14,295,26,269,100,160,supp_001,2025-09-10,800.63
snap_004718,prod_9560,wh_004,2025-09-09,403,41,362,69,88,supp_002,2025-08-20,5.8
snap_004719,prod_7421,wh_004,2025-09-08,322,8,314,59,153,supp_004,2025-09-09,145.86
snap_004720,prod_3375,wh_003,2025-09-12,213,45,168,72,167,supp_001,2025-07-30,854.5
snap_004721,prod_3465,wh_002,2025-08-25,131,9,122,32,169,supp_003,2025-09-12,583.28
snap_004722,prod_5703,wh_001,2025-09-02,354,21,333,63,119,supp_001,2025-08-21,747.89
snap_004723,prod_7240,wh_002,2025-09-12,62,28,34,92,140,supp_005,2025-07-21,431.62
snap_004724,prod_7306,wh_005,2025-09-12,51,34,17,71,190,supp_001,2025-07-26,714.0
snap_004725,prod_9464,wh_001,2025-08-30,247,1,246,54,105,supp_003,2025-08-10,62.16
snap_004726,prod_4524,wh_002,2025-08-25,317,23,294,92,68,supp_002,2025-08-09,18.55
snap_004727,prod_3045,wh_003,2025-09-02,118,38,80,77,65,supp_001,2025-07-20,125.21
snap_004728,prod_4295,wh_001,2025-09-01,170,48,122,87,190,supp_001,2025-09-06,301.55
snap_004729,prod_4627,wh_002,2025-08-31,239,12,227,57,95,supp_005,2025-08-19,74.51
snap_004730,prod_7917,wh_002,2025-08-28,472,39,433,46,184,supp_005,2025-08-22,122.5
snap_004731,prod_5311,wh_005,2025-08-24,89,45,44,32,192,supp_001,2025-07-18,359.9
snap_004732,prod_7598,wh_004,2025-08-24,59,50,9,31,86,supp_004,2025-08-07,892.81
snap_004733,prod_5692,wh_001,2025-08-26,80,26,54,71,150,supp_004,2025-09-09,130.14
snap_004734,prod_5877,wh_003,2025-09-14,67,32,35,73,95,supp_001,2025-07-24,886.74
snap_004735,prod_3207,wh_003,2025-09-10,296,11,285,95,146,supp_005,2025-07-18,167.87
snap_004736,prod_9926,wh_004,2025-09-10,358,45,313,81,158,supp_003,2025-07-20,589.73
snap_004737,prod_2551,wh_002,2025-09-06,2,50,0,58,70,supp_004,2025-08-04,401.35
snap_004738,prod_2721,wh_003,2025-09-09,341,13,328,70,69,supp_001,2025-08-22,319.37
snap_004739,prod_7349,wh_004,2025-09-04,256,46,210,92,111,supp_005,2025-08-06,505.73
snap_004740,prod_7354,wh_003,2025-09-06,94,36,58,98,99,supp_002,2025-09-12,969.85
snap_004741,prod_4941,wh_002,2025-09-03,256,36,220,13,165,supp_001,2025-09-11,788.35
snap_004742,prod_7228,wh_001,2025-08-17,194,50,144,41,56,supp_001,2025-08-12,858.57
snap_004743,prod_1629,wh_003,2025-08-26,411,6,405,52,91,supp_001,2025-08-22,738.85
snap_004744,prod_5557,wh_003,2025-09-07,208,37,171,92,186,supp_003,2025-08-07,541.55
snap_004745,prod_4743,wh_002,2025-08-20,381,20,361,96,174,supp_002,2025-08-24,944.89
snap_004746,prod_2433,wh_002,2025-09-07,220,17,203,98,179,supp_001,2025-09-12,892.08
snap_004747,prod_3740,wh_003,2025-08-28,139,14,125,95,140,supp_004,2025-08-10,818.07
snap_004748,prod_6274,wh_002,2025-09-11,316,20,296,78,64,supp_003,2025-08-18,319.2
snap_004749,prod_1258,wh_001,2025-08-31,475,31,444,23,69,supp_001,2025-09-01,992.9
snap_004750,prod_4165,wh_003,2025-09-09,278,26,252,16,58,supp_004,2025-08-14,42.53
snap_004751,prod_7331,wh_005,2025-09-08,291,15,276,93,61,supp_002,2025-08-25,299.91
snap_004752,prod_9959,wh_003,2025-08-29,414,38,376,31,149,supp_001,2025-08-21,841.72
snap_004753,prod_9339,wh_004,2025-08-25,2,5,0,97,63,supp_003,2025-08-07,275.94
snap_004754,prod_7040,wh_004,2025-08-22,69,4,65,80,99,supp_002,2025-08-16,655.31
snap_004755,prod_2994,wh_005,2025-09-10,374,8,366,96,157,supp_003,2025-07-24,938.56
snap_004756,prod_3250,wh_001,2025-09-06,321,17,304,69,111,supp_003,2025-08-27,929.08
snap_004757,prod_2068,wh_005,2025-08-22,20,46,0,24,134,supp_003,2025-08-18,605.51
snap_004758,prod_1324,wh_002,2025-09-05,107,6,101,34,178,supp_004,2025-08-23,828.87
snap_004759,prod_2669,wh_002,2025-09-15,214,38,176,85,59,supp_004,2025-08-30,941.7
snap_004760,prod_2203,wh_001,2025-08-24,215,19,196,13,117,supp_003,2025-09-04,528.14
snap_004761,prod_2277,wh_004,2025-09-15,411,22,389,41,99,supp_002,2025-07-21,972.49
snap_004762,prod_7314,wh_002,2025-09-01,399,20,379,56,137,supp_005,2025-09-09,283.33
snap_004763,prod_9382,wh_003,2025-09-13,340,30,310,16,160,supp_001,2025-07-25,336.85
snap_004764,prod_1442,wh_004,2025-09-03,85,13,72,15,65,supp_005,2025-08-26,923.51
snap_004765,prod_2217,wh_004,2025-09-04,100,38,62,54,97,supp_005,2025-08-05,682.19
snap_004766,prod_7617,wh_002,2025-08-20,466,13,453,46,106,supp_004,2025-08-03,826.22
snap_004767,prod_7907,wh_002,2025-09-06,302,5,297,39,183,supp_005,2025-08-12,631.57
snap_004768,prod_9271,wh_001,2025-09-06,177,39,138,30,165,supp_004,2025-08-27,800.37
snap_004769,prod_8825,wh_002,2025-09-03,257,18,239,48,72,supp_001,2025-08-04,779.8
snap_004770,prod_9038,wh_003,2025-09-01,134,17,117,82,65,supp_001,2025-07-19,197.49
snap_004771,prod_1099,wh_001,2025-09-15,249,10,239,60,84,supp_002,2025-08-30,335.74
snap_004772,prod_9543,wh_005,2025-08-29,366,14,352,78,52,supp_004,2025-08-01,826.87
snap_004773,prod_7792,wh_001,2025-09-15,148,31,117,91,193,supp_002,2025-08-22,981.35
snap_004774,prod_5607,wh_004,2025-09-05,333,9,324,49,72,supp_005,2025-08-01,676.77
snap_004775,prod_2078,wh_005,2025-09-12,31,3,28,52,134,supp_001,2025-09-05,527.92
snap_004776,prod_6954,wh_001,2025-08-23,45,12,33,96,63,supp_004,2025-08-11,665.59
snap_004777,prod_5769,wh_003,2025-08-27,51,18,33,34,86,supp_001,2025-09-13,666.69
snap_004778,prod_4347,wh_003,2025-09-03,285,3,282,12,168,supp_001,2025-08-06,440.36
snap_004779,prod_3781,wh_003,2025-08-18,58,36,22,93,184,supp_002,2025-08-30,912.22
snap_004780,prod_1137,wh_004,2025-08-27,440,45,395,31,91,supp_001,2025-08-28,924.17
snap_004781,prod_8057,wh_002,2025-09-10,253,22,231,87,174,supp_002,2025-08-16,742.11
snap_004782,prod_9846,wh_005,2025-09-14,4,20,0,79,200,supp_003,2025-08-05,356.76
snap_004783,prod_9461,wh_004,2025-08-28,442,28,414,89,100,supp_005,2025-08-31,39.82
snap_004784,prod_5430,wh_003,2025-08-25,200,25,175,80,75,supp_005,2025-08-14,111.57
snap_004785,prod_9199,wh_002,2025-09-15,394,11,383,98,89,supp_001,2025-08-15,767.2
snap_004786,prod_6607,wh_003,2025-08-28,326,19,307,13,54,supp_002,2025-09-09,701.32
snap_004787,prod_6249,wh_001,2025-08-18,288,5,283,26,113,supp_005,2025-07-22,610.27
snap_004788,prod_6575,wh_005,2025-08-19,181,24,157,21,134,supp_002,2025-08-04,374.37
snap_004789,prod_1431,wh_004,2025-09-03,4,1,3,64,183,supp_001,2025-08-09,873.81
snap_004790,prod_1520,wh_003,2025-09-09,426,49,377,56,51,supp_001,2025-08-29,593.03
snap_004791,prod_6151,wh_002,2025-08-30,357,25,332,60,127,supp_005,2025-08-23,995.15
snap_004792,prod_9767,wh_002,2025-09-01,343,28,315,93,123,supp_005,2025-09-05,88.29
snap_004793,prod_8553,wh_005,2025-08-21,50,15,35,70,54,supp_002,2025-07-23,830.41
snap_004794,prod_3761,wh_005,2025-09-12,337,48,289,94,187,supp_004,2025-08-23,881.06
snap_004795,prod_8835,wh_005,2025-08-18,465,19,446,53,146,supp_005,2025-08-15,904.87
snap_004796,prod_1166,wh_004,2025-08-21,270,37,233,58,174,supp_005,2025-07-31,356.89
snap_004797,prod_5418,wh_004,2025-08-17,405,7,398,38,162,supp_005,2025-08-23,221.98
snap_004798,prod_8873,wh_005,2025-08-30,106,25,81,91,96,supp_004,2025-07-29,948.93
snap_004799,prod_6640,wh_002,2025-09-05,392,15,377,84,165,supp_005,2025-08-18,81.71
snap_004800,prod_8387,wh_001,2025-09-10,152,42,110,58,158,supp_002,2025-08-19,555.31
snap_004801,prod_3621,wh_001,2025-09-02,326,29,297,95,103,supp_001,2025-07-23,283.37
snap_004802,prod_4575,wh_004,2025-08-19,415,8,407,35,141,supp_002,2025-07-19,862.42
snap_004803,prod_1835,wh_002,2025-09-13,84,34,50,31,198,supp_005,2025-08-12,812.5
snap_004804,prod_8107,wh_002,2025-08-20,188,25,163,39,104,supp_005,2025-07-27,904.69
snap_004805,prod_1418,wh_003,2025-08-23,307,25,282,27,92,supp_002,2025-08-25,189.1
snap_004806,prod_8971,wh_004,2025-08-23,481,46,435,96,143,supp_004,2025-09-03,799.08
snap_004807,prod_8224,wh_001,2025-09-02,296,19,277,32,99,supp_005,2025-08-18,375.03
snap_004808,prod_7001,wh_005,2025-08-18,433,45,388,80,88,supp_005,2025-08-15,558.16
snap_004809,prod_2797,wh_003,2025-08-21,203,18,185,43,141,supp_001,2025-07-21,223.11
snap_004810,prod_8434,wh_002,2025-08-31,280,49,231,62,195,supp_004,2025-07-22,887.45
snap_004811,prod_3330,wh_005,2025-09-15,299,45,254,36,65,supp_004,2025-08-16,484.38
snap_004812,prod_4817,wh_002,2025-08-30,136,8,128,29,53,supp_003,2025-07-26,198.39
snap_004813,prod_3436,wh_004,2025-09-11,274,17,257,18,86,supp_005,2025-09-01,785.24
snap_004814,prod_5577,wh_001,2025-09-05,307,32,275,51,144,supp_003,2025-08-26,929.72
snap_004815,prod_1980,wh_005,2025-09-07,489,22,467,48,198,supp_005,2025-07-19,675.51
snap_004816,prod_4768,wh_002,2025-08-28,222,14,208,22,109,supp_002,2025-08-05,605.68
snap_004817,prod_6642,wh_003,2025-08-26,433,30,403,76,98,supp_004,2025-08-31,90.58
snap_004818,prod_8201,wh_003,2025-08-18,379,33,346,64,195,supp_004,2025-09-15,35.29
snap_004819,prod_2462,wh_001,2025-09-11,91,33,58,76,165,supp_004,2025-08-17,772.75
snap_004820,prod_1388,wh_004,2025-09-14,386,12,374,13,109,supp_003,2025-09-04,918.16
snap_004821,prod_3203,wh_003,2025-08-26,119,47,72,39,195,supp_001,2025-07-31,25.31
snap_004822,prod_6314,wh_005,2025-08-17,14,47,0,40,61,supp_002,2025-08-16,998.81
snap_004823,prod_8118,wh_001,2025-08-31,312,8,304,91,133,supp_004,2025-08-15,885.19
snap_004824,prod_6497,wh_003,2025-08-19,62,36,26,69,111,supp_003,2025-07-30,894.06
snap_004825,prod_9639,wh_004,2025-09-12,119,35,84,39,164,supp_003,2025-08-29,126.69
snap_004826,prod_6424,wh_005,2025-09-14,188,8,180,73,170,supp_001,2025-08-24,294.75
snap_004827,prod_8873,wh_001,2025-09-03,488,11,477,33,78,supp_002,2025-08-08,798.08
snap_004828,prod_7865,wh_001,2025-08-31,175,3,172,56,197,supp_001,2025-08-29,492.66
snap_004829,prod_2137,wh_004,2025-08-28,274,24,250,22,190,supp_004,2025-08-19,734.89
snap_004830,prod_3215,wh_001,2025-08-29,408,39,369,78,185,supp_002,2025-08-02,621.85
snap_004831,prod_2177,wh_002,2025-09-05,278,42,236,50,190,supp_005,2025-07-20,460.13
snap_004832,prod_1991,wh_001,2025-08-23,202,14,188,27,139,supp_001,2025-08-16,849.88
snap_004833,prod_2320,wh_001,2025-09-12,391,38,353,55,77,supp_005,2025-08-07,824.97
snap_004834,prod_8517,wh_001,2025-08-17,475,20,455,37,80,supp_002,2025-09-02,632.56
snap_004835,prod_3129,wh_005,2025-09-08,308,27,281,20,55,supp_004,2025-08-12,439.52
snap_004836,prod_8931,wh_002,2025-09-03,175,10,165,11,54,supp_005,2025-07-22,615.86
snap_004837,prod_4869,wh_001,2025-08-21,275,7,268,67,157,supp_002,2025-08-27,700.29
snap_004838,prod_8588,wh_002,2025-08-20,223,25,198,76,158,supp_001,2025-08-02,891.37
snap_004839,prod_7309,wh_005,2025-08-26,233,37,196,38,119,supp_004,2025-07-21,919.11
snap_004840,prod_6348,wh_002,2025-09-13,51,29,22,12,93,supp_001,2025-07-28,921.42
snap_004841,prod_4420,wh_002,2025-09-05,222,21,201,30,57,supp_004,2025-07-22,782.21
snap_004842,prod_3325,wh_002,2025-09-14,141,44,97,67,86,supp_004,2025-08-26,28.2
snap_004843,prod_7507,wh_001,2025-08-25,149,5,144,10,151,supp_001,2025-08-11,88.03
snap_004844,prod_8149,wh_002,2025-09-07,181,1,180,15,60,supp_002,2025-08-22,116.38
snap_004845,prod_7406,wh_002,2025-09-14,286,31,255,10,176,supp_003,2025-08-16,97.65
snap_004846,prod_8305,wh_005,2025-09-08,281,5,276,33,99,supp_002,2025-07-31,382.3
snap_004847,prod_2162,wh_005,2025-08-21,319,21,298,88,136,supp_003,2025-07-30,241.57
snap_004848,prod_5853,wh_005,2025-09-11,267,48,219,78,61,supp_003,2025-07-24,670.52
snap_004849,prod_7113,wh_003,2025-09-09,262,0,262,40,56,supp_005,2025-08-15,51.59
snap_004850,prod_8472,wh_003,2025-09-09,88,12,76,43,147,supp_004,2025-08-13,684.85
snap_004851,prod_9361,wh_005,2025-08-26,462,9,453,28,55,supp_004,2025-08-14,416.66
snap_004852,prod_6859,wh_002,2025-09-10,486,31,455,91,57,supp_003,2025-08-06,276.6
snap_004853,prod_3758,wh_002,2025-08-28,392,46,346,61,188,supp_001,2025-08-16,140.41
snap_004854,prod_3663,wh_003,2025-08-22,390,11,379,92,147,supp_004,2025-08-11,606.2
snap_004855,prod_5587,wh_001,2025-09-09,457,49,408,77,177,supp_004,2025-08-19,368.8
snap_004856,prod_2592,wh_001,2025-09-10,193,44,149,78,92,supp_001,2025-08-22,467.57
snap_004857,prod_7457,wh_002,2025-09-07,76,44,32,73,143,supp_005,2025-08-29,252.16
snap_004858,prod_6170,wh_002,2025-08-31,258,8,250,90,82,supp_004,2025-09-06,834.0
snap_004859,prod_9845,wh_002,2025-09-08,46,44,2,69,188,supp_001,2025-08-28,913.83
snap_004860,prod_6495,wh_004,2025-08-28,491,41,450,46,86,supp_003,2025-08-31,35.55
snap_004861,prod_4044,wh_001,2025-09-14,238,24,214,67,144,supp_004,2025-09-06,33.67
snap_004862,prod_3628,wh_005,2025-09-02,92,12,80,93,192,supp_004,2025-08-14,639.03
snap_004863,prod_8767,wh_005,2025-08-31,239,13,226,17,60,supp_005,2025-08-08,509.72
snap_004864,prod_7280,wh_003,2025-09-11,223,35,188,83,179,supp_004,2025-09-02,754.07
snap_004865,prod_4770,wh_002,2025-09-14,469,0,469,66,75,supp_005,2025-07-26,857.42
snap_004866,prod_2171,wh_003,2025-09-09,123,4,119,25,89,supp_001,2025-08-21,41.56
snap_004867,prod_5582,wh_001,2025-08-22,206,21,185,89,95,supp_005,2025-08-03,595.16
snap_004868,prod_5425,wh_002,2025-09-10,499,24,475,29,197,supp_004,2025-09-03,552.48
snap_004869,prod_4032,wh_004,2025-08-17,224,12,212,32,80,supp_002,2025-09-13,684.53
snap_004870,prod_6010,wh_003,2025-08-29,275,7,268,41,106,supp_004,2025-09-14,97.47
snap_004871,prod_5161,wh_002,2025-09-14,302,31,271,23,124,supp_004,2025-09-10,62.8
snap_004872,prod_6533,wh_003,2025-09-02,383,25,358,12,120,supp_005,2025-08-04,577.18
snap_004873,prod_3496,wh_002,2025-08-26,221,20,201,53,143,supp_001,2025-08-25,229.12
snap_004874,prod_3855,wh_002,2025-08-27,313,45,268,27,76,supp_001,2025-07-21,720.12
snap_004875,prod_3946,wh_005,2025-08-22,385,11,374,25,188,supp_005,2025-09-15,691.62
snap_004876,prod_3792,wh_004,2025-09-12,125,44,81,14,66,supp_002,2025-07-28,732.81
snap_004877,prod_6753,wh_002,2025-08-19,360,9,351,71,191,supp_003,2025-07-24,830.46
snap_004878,prod_4461,wh_005,2025-08-20,21,22,0,12,140,supp_003,2025-07-19,362.19
snap_004879,prod_6061,wh_002,2025-08-27,69,41,28,60,186,supp_003,2025-08-11,584.38
snap_004880,prod_1445,wh_003,2025-08-23,227,2,225,70,104,supp_002,2025-07-22,252.69
snap_004881,prod_4181,wh_001,2025-08-31,323,33,290,33,158,supp_005,2025-07-28,442.81
snap_004882,prod_9128,wh_004,2025-08-26,245,19,226,13,181,supp_003,2025-07-29,116.54
snap_004883,prod_8015,wh_001,2025-08-18,233,11,222,13,105,supp_002,2025-08-30,197.01
snap_004884,prod_3960,wh_005,2025-09-04,37,9,28,89,153,supp_005,2025-08-12,605.33
snap_004885,prod_3595,wh_002,2025-08-20,423,2,421,80,149,supp_001,2025-09-13,133.54
snap_004886,prod_8735,wh_005,2025-08-29,47,17,30,30,107,supp_003,2025-07-23,837.48
snap_004887,prod_4283,wh_005,2025-08-20,97,15,82,74,61,supp_005,2025-08-25,261.45
snap_004888,prod_2211,wh_004,2025-08-24,212,12,200,68,188,supp_001,2025-08-17,895.0
snap_004889,prod_3314,wh_002,2025-09-05,228,14,214,99,114,supp_005,2025-07-20,567.61
snap_004890,prod_2440,wh_005,2025-09-11,448,28,420,33,54,supp_003,2025-08-17,170.64
snap_004891,prod_4341,wh_004,2025-08-22,456,38,418,59,88,supp_001,2025-08-19,727.21
snap_004892,prod_1157,wh_001,2025-09-02,153,13,140,50,195,supp_003,2025-09-14,730.7
snap_004893,prod_8416,wh_002,2025-08-31,78,27,51,31,70,supp_002,2025-08-08,204.05
snap_004894,prod_5899,wh_005,2025-08-18,336,43,293,30,115,supp_001,2025-09-04,350.9
snap_004895,prod_6328,wh_002,2025-08-29,326,7,319,26,108,supp_001,2025-09-01,152.79
snap_004896,prod_4848,wh_003,2025-09-11,127,19,108,68,193,supp_004,2025-07-23,975.33
snap_004897,prod_6065,wh_002,2025-09-15,346,47,299,14,154,supp_001,2025-08-03,213.46
snap_004898,prod_8308,wh_004,2025-08-17,487,17,470,55,90,supp_002,2025-09-05,417.9
snap_004899,prod_8979,wh_004,2025-08-23,112,20,92,61,193,supp_002,2025-09-15,184.33
snap_004900,prod_9074,wh_004,2025-09-11,33,12,21,39,168,supp_004,2025-08-13,67.7
snap_004901,prod_5631,wh_004,2025-08-21,431,44,387,89,157,supp_001,2025-08-13,296.76
snap_004902,prod_5484,wh_001,2025-09-03,264,3,261,86,143,supp_004,2025-07-19,234.98
snap_004903,prod_1641,wh_005,2025-09-14,75,22,53,81,90,supp_003,2025-09-13,784.49
snap_004904,prod_3782,wh_004,2025-09-04,318,26,292,38,68,supp_001,2025-08-04,53.72
snap_004905,prod_2702,wh_003,2025-08-30,148,4,144,15,51,supp_001,2025-07-31,646.15
snap_004906,prod_2727,wh_001,2025-09-08,339,6,333,59,172,supp_004,2025-09-01,76.39
snap_004907,prod_1555,wh_002,2025-09-05,250,47,203,44,137,supp_004,2025-07-29,823.11
snap_004908,prod_7760,wh_004,2025-09-11,315,35,280,25,120,supp_003,2025-08-19,939.67
snap_004909,prod_1181,wh_003,2025-09-15,482,7,475,56,99,supp_001,2025-09-04,706.14
snap_004910,prod_1577,wh_005,2025-08-24,127,50,77,48,88,supp_002,2025-08-17,346.49
snap_004911,prod_3942,wh_004,2025-09-07,54,38,16,65,126,supp_001,2025-09-10,855.86
snap_004912,prod_9833,wh_004,2025-08-26,152,14,138,67,192,supp_001,2025-08-15,435.31
snap_004913,prod_3958,wh_004,2025-09-07,449,31,418,98,190,supp_003,2025-07-22,86.47
snap_004914,prod_9775,wh_005,2025-08-23,100,45,55,99,196,supp_003,2025-08-11,93.05
snap_004915,prod_8077,wh_004,2025-08-19,173,45,128,96,147,supp_001,2025-08-25,700.53
snap_004916,prod_5671,wh_005,2025-09-01,78,30,48,15,122,supp_003,2025-08-27,664.47
snap_004917,prod_1917,wh_002,2025-09-07,37,28,9,87,147,supp_005,2025-07-29,711.19
snap_004918,prod_1819,wh_003,2025-09-07,277,7,270,55,167,supp_001,2025-08-14,549.46
snap_004919,prod_8298,wh_005,2025-09-12,454,46,408,41,108,supp_003,2025-09-01,653.1
snap_004920,prod_6096,wh_001,2025-09-14,33,45,0,86,170,supp_004,2025-08-03,989.7
snap_004921,prod_2910,wh_001,2025-09-05,461,9,452,80,199,supp_005,2025-07-27,192.23
snap_004922,prod_2135,wh_005,2025-09-01,59,45,14,95,62,supp_002,2025-08-29,570.71
snap_004923,prod_4717,wh_003,2025-08-23,370,32,338,56,190,supp_001,2025-09-10,667.97
snap_004924,prod_2751,wh_003,2025-08-18,453,14,439,75,142,supp_005,2025-08-14,516.65
snap_004925,prod_1891,wh_004,2025-09-04,193,47,146,68,109,supp_001,2025-08-12,791.17
snap_004926,prod_4775,wh_001,2025-08-28,374,27,347,72,147,supp_001,2025-09-06,750.82
snap_004927,prod_3992,wh_004,2025-08-20,379,11,368,88,161,supp_001,2025-07-27,489.59
snap_004928,prod_5639,wh_003,2025-09-09,178,50,128,64,136,supp_002,2025-08-16,547.54
snap_004929,prod_1817,wh_005,2025-08-26,347,48,299,93,195,supp_004,2025-08-01,687.99
snap_004930,prod_7715,wh_004,2025-08-27,167,44,123,69,50,supp_003,2025-07-21,427.99
snap_004931,prod_9060,wh_002,2025-09-02,236,46,190,55,184,supp_002,2025-08-22,313.59
snap_004932,prod_8097,wh_003,2025-09-11,375,3,372,22,125,supp_003,2025-07-29,867.16
snap_004933,prod_8816,wh_002,2025-08-30,409,15,394,48,155,supp_001,2025-08-17,708.89
snap_004934,prod_3819,wh_001,2025-08-23,129,20,109,99,123,supp_003,2025-08-10,912.96
snap_004935,prod_8547,wh_005,2025-09-14,19,24,0,45,136,supp_004,2025-08-21,607.33
snap_004936,prod_4093,wh_004,2025-08-21,311,14,297,57,158,supp_002,2025-09-10,940.54
snap_004937,prod_9459,wh_002,2025-09-06,303,10,293,45,116,supp_004,2025-07-21,924.43
snap_004938,prod_5256,wh_003,2025-08-29,348,48,300,80,166,supp_002,2025-09-08,844.68
snap_004939,prod_4204,wh_002,2025-09-03,102,10,92,62,100,supp_001,2025-08-23,980.34
snap_004940,prod_8688,wh_002,2025-08-27,371,46,325,99,137,supp_001,2025-07-19,141.11
snap_004941,prod_5217,wh_001,2025-09-01,240,5,235,69,129,supp_005,2025-08-23,988.81
snap_004942,prod_1538,wh_003,2025-09-09,77,47,30,82,59,supp_001,2025-08-25,717.7
snap_004943,prod_9761,wh_004,2025-08-26,31,3,28,46,86,supp_003,2025-08-06,626.33
snap_004944,prod_9118,wh_003,2025-09-02,42,19,23,95,130,supp_004,2025-07-27,130.35
snap_004945,prod_5742,wh_001,2025-09-08,396,38,358,19,147,supp_004,2025-08-14,276.21
snap_004946,prod_7665,wh_005,2025-09-07,380,10,370,57,96,supp_005,2025-08-29,988.65
snap_004947,prod_1368,wh_005,2025-09-13,462,21,441,17,87,supp_005,2025-08-02,615.66
snap_004948,prod_4382,wh_003,2025-08-22,13,11,2,65,163,supp_005,2025-09-13,746.74
snap_004949,prod_2319,wh_005,2025-08-17,365,13,352,55,150,supp_001,2025-08-12,392.51
snap_004950,prod_1050,wh_003,2025-09-10,281,12,269,46,79,supp_004,2025-07-23,976.52
snap_004951,prod_5167,wh_002,2025-08-30,156,28,128,47,168,supp_005,2025-08-29,481.87
snap_004952,prod_9060,wh_003,2025-09-01,116,17,99,39,139,supp_005,2025-07-20,324.72
snap_004953,prod_3903,wh_001,2025-08-29,346,37,309,71,51,supp_005,2025-07-30,323.74
snap_004954,prod_7685,wh_005,2025-09-07,311,13,298,36,200,supp_004,2025-09-02,469.37
snap_004955,prod_7797,wh_001,2025-08-25,347,17,330,52,175,supp_005,2025-08-20,95.43
snap_004956,prod_6581,wh_002,2025-08-28,51,25,26,30,96,supp_003,2025-09-13,171.05
snap_004957,prod_1700,wh_001,2025-08-21,34,47,0,91,197,supp_001,2025-07-19,857.56
snap_004958,prod_4212,wh_001,2025-09-06,489,31,458,23,136,supp_005,2025-07-23,399.86
snap_004959,prod_6377,wh_002,2025-09-03,152,16,136,16,175,supp_005,2025-08-16,474.08
snap_004960,prod_5617,wh_002,2025-09-01,391,27,364,78,137,supp_004,2025-07-27,978.51
snap_004961,prod_5526,wh_003,2025-09-08,480,21,459,47,185,supp_003,2025-08-27,194.82
snap_004962,prod_8954,wh_001,2025-09-12,53,15,38,57,88,supp_004,2025-07-22,266.53
snap_004963,prod_5269,wh_003,2025-08-31,161,40,121,86,186,supp_003,2025-08-17,380.32
snap_004964,prod_7289,wh_004,2025-09-02,252,24,228,62,120,supp_003,2025-08-17,901.01
snap_004965,prod_2225,wh_004,2025-09-12,120,37,83,44,185,supp_003,2025-08-14,742.38
snap_004966,prod_1975,wh_003,2025-09-14,150,46,104,55,53,supp_001,2025-08-04,47.45
snap_004967,prod_1172,wh_003,2025-08-22,338,44,294,90,168,supp_003,2025-08-19,728.64
snap_004968,prod_2127,wh_003,2025-08-19,11,39,0,52,72,supp_004,2025-08-13,908.08
snap_004969,prod_6072,wh_001,2025-08-18,137,8,129,47,50,supp_001,2025-09-10,382.25
snap_004970,prod_2504,wh_004,2025-09-15,152,30,122,55,52,supp_005,2025-08-26,470.01
snap_004971,prod_8948,wh_001,2025-08-20,271,24,247,53,103,supp_002,2025-08-22,572.77
snap_004972,prod_8415,wh_002,2025-08-18,238,26,212,44,88,supp_003,2025-09-11,586.5
snap_004973,prod_6670,wh_005,2025-08-23,262,19,243,93,79,supp_001,2025-08-31,309.14
snap_004974,prod_2078,wh_002,2025-09-06,463,13,450,36,68,supp_001,2025-09-12,437.53
snap_004975,prod_4227,wh_002,2025-09-08,359,47,312,45,76,supp_003,2025-08-08,558.44
snap_004976,prod_8843,wh_005,2025-09-03,421,17,404,12,62,supp_003,2025-09-08,572.65
snap_004977,prod_5381,wh_004,2025-09-01,423,8,415,60,96,supp_005,2025-07-29,419.06
snap_004978,prod_3955,wh_005,2025-09-08,37,17,20,40,143,supp_003,2025-09-03,148.4
snap_004979,prod_8896,wh_002,2025-09-01,114,38,76,29,58,supp_005,2025-07-26,641.47
snap_004980,prod_1763,wh_005,2025-08-21,192,7,185,87,84,supp_005,2025-07-23,814.37
snap_004981,prod_3579,wh_005,2025-08-22,215,24,191,39,151,supp_003,2025-08-15,720.57
snap_004982,prod_2403,wh_002,2025-08-30,312,35,277,36,183,supp_004,2025-07-18,468.53
snap_004983,prod_4631,wh_003,2025-09-01,263,43,220,55,136,supp_005,2025-07-25,58.74
snap_004984,prod_3159,wh_001,2025-09-08,239,5,234,13,173,supp_004,2025-08-08,923.9
snap_004985,prod_3433,wh_002,2025-09-03,23,47,0,60,128,supp_001,2025-09-12,118.73
snap_004986,prod_6623,wh_002,2025-08-21,135,15,120,36,153,supp_001,2025-09-13,704.8
snap_004987,prod_9621,wh_002,2025-09-02,100,13,87,67,198,supp_003,2025-08-08,479.95
snap_004988,prod_2567,wh_005,2025-09-05,35,49,0,76,113,supp_001,2025-08-05,964.24
snap_004989,prod_2855,wh_001,2025-09-08,98,23,75,40,146,supp_002,2025-08-22,926.18
snap_004990,prod_6646,wh_003,2025-08-28,25,20,5,50,148,supp_003,2025-08-19,360.31
snap_004991,prod_8466,wh_001,2025-08-30,239,33,206,32,73,supp_003,2025-07-24,403.01
snap_004992,prod_3638,wh_002,2025-09-12,56,22,34,53,92,supp_004,2025-07-29,799.08
snap_004993,prod_8981,wh_004,2025-08-22,242,6,236,100,108,supp_003,2025-09-01,55.09
snap_004994,prod_5830,wh_002,2025-08-21,51,0,51,29,185,supp_001,2025-07-21,252.14
snap_004995,prod_5505,wh_004,2025-09-01,17,10,7,89,145,supp_003,2025-08-01,350.31
snap_004996,prod_4413,wh_002,2025-08-25,433,9,424,33,136,supp_003,2025-08-31,448.85
snap_004997,prod_9234,wh_001,2025-08-20,423,50,373,55,170,supp_005,2025-09-11,966.94
snap_004998,prod_1487,wh_004,2025-09-13,35,49,0,99,178,supp_002,2025-07-30,417.58
snap_004999,prod_7816,wh_004,2025-08-23,109,22,87,14,92,supp_002,2025-09-12,290.37
snap_005000,prod_2095,wh_001,2025-08-31,144,14,130,61,64,supp_003,2025-08-25,850.43
snap_005001,prod_4454,wh_001,2025-08-25,448,36,412,57,109,supp_003,2025-09-04,256.21
snap_005002,prod_6261,wh_004,2025-09-06,171,45,126,57,174,supp_002,2025-07-31,54.1
snap_005003,prod_7065,wh_004,2025-08-19,252,10,242,33,57,supp_005,2025-07-19,702.4
snap_005004,prod_6825,wh_003,2025-09-11,470,12,458,15,94,supp_003,2025-07-20,213.15
snap_005005,prod_4803,wh_002,2025-08-24,398,43,355,50,51,supp_004,2025-08-19,901.49
snap_005006,prod_9155,wh_002,2025-09-10,62,41,21,43,78,supp_005,2025-08-28,747.57
snap_005007,prod_6898,wh_005,2025-08-23,160,8,152,42,116,supp_003,2025-08-03,43.32
snap_005008,prod_4119,wh_004,2025-08-19,27,34,0,68,133,supp_002,2025-08-25,50.41
snap_005009,prod_6366,wh_002,2025-09-10,308,33,275,35,50,supp_004,2025-08-31,426.19
snap_005010,prod_1533,wh_003,2025-08-20,496,0,496,17,196,supp_001,2025-09-04,683.32
snap_005011,prod_1141,wh_003,2025-09-05,97,4,93,51,110,supp_001,2025-08-01,54.41
snap_005012,prod_7380,wh_003,2025-09-10,59,32,27,89,158,supp_002,2025-08-03,850.66
snap_005013,prod_1459,wh_002,2025-08-23,35,11,24,34,59,supp_002,2025-08-05,402.63
snap_005014,prod_1758,wh_001,2025-08-30,90,24,66,51,105,supp_003,2025-07-19,866.18
snap_005015,prod_7318,wh_003,2025-08-22,205,7,198,92,142,supp_003,2025-09-10,936.8
snap_005016,prod_9964,wh_003,2025-08-26,398,30,368,43,143,supp_004,2025-08-07,313.27
snap_005017,prod_1641,wh_003,2025-08-18,5,4,1,58,111,supp_003,2025-08-15,133.44
snap_005018,prod_9419,wh_003,2025-09-06,365,45,320,59,89,supp_001,2025-08-06,527.1
snap_005019,prod_9766,wh_004,2025-08-30,88,6,82,69,193,supp_004,2025-08-24,347.06
snap_005020,prod_1181,wh_005,2025-08-24,101,36,65,40,186,supp_004,2025-09-07,724.25
snap_005021,prod_8059,wh_005,2025-08-29,355,39,316,10,148,supp_004,2025-07-25,996.3
snap_005022,prod_8254,wh_001,2025-08-19,245,19,226,23,79,supp_004,2025-08-28,690.22
snap_005023,prod_9865,wh_004,2025-09-11,459,24,435,55,200,supp_004,2025-08-18,751.49
snap_005024,prod_8410,wh_001,2025-09-09,159,8,151,99,61,supp_004,2025-09-02,562.69
snap_005025,prod_1849,wh_001,2025-08-25,217,36,181,33,170,supp_003,2025-08-09,170.11
snap_005026,prod_6663,wh_004,2025-08-30,407,18,389,71,174,supp_001,2025-07-20,987.76
snap_005027,prod_5408,wh_004,2025-08-27,126,25,101,84,52,supp_001,2025-07-26,943.21
snap_005028,prod_1894,wh_004,2025-09-13,160,37,123,91,192,supp_003,2025-08-31,260.64
snap_005029,prod_9479,wh_004,2025-09-08,382,40,342,50,109,supp_003,2025-08-23,811.48
snap_005030,prod_4319,wh_005,2025-08-30,131,42,89,36,162,supp_001,2025-08-01,788.86
snap_005031,prod_8241,wh_002,2025-08-17,312,46,266,49,102,supp_003,2025-08-07,740.18
snap_005032,prod_4215,wh_001,2025-09-03,350,23,327,12,114,supp_004,2025-08-23,720.98
snap_005033,prod_1510,wh_005,2025-09-05,178,19,159,69,198,supp_001,2025-07-24,506.99
snap_005034,prod_7437,wh_005,2025-08-31,450,17,433,60,125,supp_003,2025-09-11,439.39
snap_005035,prod_1841,wh_002,2025-08-31,160,36,124,23,199,supp_001,2025-09-01,698.83
snap_005036,prod_8668,wh_005,2025-08-21,475,32,443,74,184,supp_005,2025-08-21,334.42
snap_005037,prod_3239,wh_001,2025-09-07,362,7,355,66,174,supp_004,2025-09-10,38.13
snap_005038,prod_1929,wh_004,2025-09-13,9,25,0,90,60,supp_002,2025-08-26,15.33
snap_005039,prod_8460,wh_001,2025-09-13,241,15,226,33,193,supp_005,2025-09-13,564.83
snap_005040,prod_9938,wh_001,2025-08-24,398,47,351,41,147,supp_004,2025-08-13,153.13
snap_005041,prod_6513,wh_005,2025-09-11,348,16,332,77,69,supp_002,2025-08-27,482.03
snap_005042,prod_1198,wh_005,2025-08-23,197,19,178,75,187,supp_002,2025-07-27,439.64
snap_005043,prod_5949,wh_001,2025-08-26,377,2,375,12,149,supp_005,2025-08-01,403.15
snap_005044,prod_2440,wh_005,2025-08-22,0,4,0,22,120,supp_005,2025-08-25,910.11
snap_005045,prod_4444,wh_001,2025-08-28,44,19,25,14,151,supp_002,2025-09-15,528.11
snap_005046,prod_1513,wh_002,2025-09-05,257,39,218,76,149,supp_003,2025-08-20,241.84
snap_005047,prod_2411,wh_003,2025-09-08,274,49,225,20,131,supp_003,2025-08-21,837.65
snap_005048,prod_5830,wh_003,2025-09-04,369,29,340,13,109,supp_002,2025-09-04,800.35
snap_005049,prod_8152,wh_005,2025-09-01,44,22,22,24,115,supp_001,2025-08-31,580.3
snap_005050,prod_5213,wh_005,2025-08-17,156,44,112,95,90,supp_002,2025-09-14,328.64
snap_005051,prod_1770,wh_002,2025-09-07,71,22,49,12,112,supp_005,2025-07-30,323.67
snap_005052,prod_5580,wh_004,2025-08-21,258,20,238,70,177,supp_001,2025-09-03,742.35
snap_005053,prod_2529,wh_002,2025-08-22,222,13,209,49,141,supp_005,2025-08-01,90.72
snap_005054,prod_3063,wh_001,2025-09-01,303,34,269,57,179,supp_004,2025-08-22,298.72
snap_005055,prod_6805,wh_003,2025-09-15,344,34,310,28,105,supp_005,2025-09-01,902.83
snap_005056,prod_9974,wh_001,2025-09-03,478,17,461,48,61,supp_002,2025-08-21,404.08
snap_005057,prod_6436,wh_004,2025-08-17,408,43,365,56,71,supp_001,2025-07-26,439.46
snap_005058,prod_6229,wh_005,2025-08-17,29,18,11,65,106,supp_004,2025-08-09,372.54
snap_005059,prod_7742,wh_004,2025-08-26,303,22,281,90,136,supp_005,2025-08-22,980.33
snap_005060,prod_6473,wh_002,2025-09-01,280,45,235,24,185,supp_002,2025-08-21,192.19
snap_005061,prod_6432,wh_004,2025-09-01,124,36,88,27,110,supp_002,2025-08-25,144.61
snap_005062,prod_1260,wh_002,2025-09-01,435,28,407,29,168,supp_001,2025-09-01,829.61
snap_005063,prod_1031,wh_001,2025-09-09,454,40,414,37,60,supp_001,2025-08-10,615.06
snap_005064,prod_4979,wh_002,2025-08-26,199,48,151,17,180,supp_005,2025-08-13,36.93
snap_005065,prod_1605,wh_004,2025-09-09,222,50,172,51,192,supp_001,2025-07-26,31.16
snap_005066,prod_5483,wh_004,2025-08-29,326,45,281,94,87,supp_002,2025-08-11,530.33
snap_005067,prod_7257,wh_005,2025-09-11,223,20,203,50,197,supp_002,2025-09-14,69.93
snap_005068,prod_4148,wh_002,2025-09-10,248,28,220,28,79,supp_001,2025-08-29,407.63
snap_005069,prod_9096,wh_003,2025-09-07,208,6,202,34,125,supp_001,2025-08-19,960.84
snap_005070,prod_3155,wh_005,2025-09-08,21,21,0,24,124,supp_005,2025-08-08,586.38
snap_005071,prod_7498,wh_005,2025-08-25,282,28,254,71,78,supp_004,2025-09-01,544.43
snap_005072,prod_1112,wh_001,2025-08-23,466,5,461,53,99,supp_001,2025-09-03,284.12
snap_005073,prod_5892,wh_004,2025-09-02,274,0,274,19,80,supp_002,2025-08-30,488.25
snap_005074,prod_7312,wh_001,2025-09-15,86,7,79,47,178,supp_003,2025-08-06,88.25
snap_005075,prod_6858,wh_003,2025-08-24,109,36,73,56,66,supp_003,2025-08-06,413.65
snap_005076,prod_8782,wh_004,2025-08-20,262,49,213,44,149,supp_001,2025-08-22,904.16
snap_005077,prod_2752,wh_004,2025-09-08,320,27,293,29,61,supp_003,2025-08-28,500.97
snap_005078,prod_8045,wh_001,2025-09-05,326,42,284,95,118,supp_003,2025-09-03,673.03
snap_005079,prod_6483,wh_001,2025-08-27,399,42,357,49,75,supp_003,2025-09-06,984.06
snap_005080,prod_7912,wh_002,2025-09-03,206,26,180,68,178,supp_004,2025-08-25,664.81
snap_005081,prod_8145,wh_005,2025-09-08,360,23,337,87,141,supp_004,2025-08-16,66.35
snap_005082,prod_4925,wh_002,2025-09-04,279,18,261,54,73,supp_005,2025-08-24,405.62
snap_005083,prod_7078,wh_004,2025-08-22,255,12,243,68,168,supp_002,2025-08-07,996.45
snap_005084,prod_6228,wh_003,2025-09-08,256,47,209,54,90,supp_001,2025-07-31,765.38
snap_005085,prod_3711,wh_001,2025-08-18,179,50,129,43,72,supp_002,2025-08-09,466.0
snap_005086,prod_6483,wh_002,2025-09-05,293,19,274,14,153,supp_004,2025-07-28,121.02
snap_005087,prod_8920,wh_003,2025-09-12,220,9,211,33,135,supp_004,2025-08-11,845.2
snap_005088,prod_6298,wh_005,2025-09-15,398,13,385,14,154,supp_003,2025-08-21,142.87
snap_005089,prod_7619,wh_005,2025-09-12,236,39,197,40,123,supp_003,2025-08-01,668.16
snap_005090,prod_3803,wh_005,2025-09-10,55,15,40,91,157,supp_001,2025-09-05,274.23
snap_005091,prod_5427,wh_003,2025-08-23,498,36,462,32,161,supp_001,2025-09-04,365.2
snap_005092,prod_7178,wh_003,2025-09-14,35,3,32,27,126,supp_002,2025-08-24,316.78
snap_005093,prod_2590,wh_003,2025-08-18,53,4,49,12,182,supp_002,2025-07-23,918.81
snap_005094,prod_2983,wh_001,2025-08-22,192,7,185,27,142,supp_002,2025-09-06,918.54
snap_005095,prod_2550,wh_005,2025-09-08,297,30,267,87,191,supp_004,2025-08-02,950.19
snap_005096,prod_7293,wh_002,2025-09-11,334,35,299,47,68,supp_001,2025-09-14,113.38
snap_005097,prod_5043,wh_005,2025-08-26,125,3,122,87,193,supp_001,2025-08-27,945.24
snap_005098,prod_9192,wh_005,2025-09-14,253,45,208,60,83,supp_002,2025-07-29,803.95
snap_005099,prod_1951,wh_001,2025-09-01,75,44,31,57,108,supp_004,2025-08-05,456.24
snap_005100,prod_9574,wh_002,2025-09-05,8,21,0,38,88,supp_002,2025-08-20,890.84
snap_005101,prod_5591,wh_003,2025-09-04,51,21,30,12,173,supp_002,2025-09-09,454.35
snap_005102,prod_1710,wh_001,2025-09-06,328,2,326,97,176,supp_002,2025-09-03,623.42
snap_005103,prod_9163,wh_003,2025-08-28,111,5,106,10,83,supp_003,2025-07-23,749.99
snap_005104,prod_1708,wh_003,2025-09-08,62,20,42,29,175,supp_002,2025-08-15,749.65
snap_005105,prod_6622,wh_004,2025-09-11,285,17,268,86,58,supp_002,2025-08-06,560.39
snap_005106,prod_7262,wh_003,2025-09-01,139,26,113,77,99,supp_002,2025-07-20,92.38
snap_005107,prod_2511,wh_002,2025-09-09,129,4,125,93,88,supp_004,2025-08-12,158.04
snap_005108,prod_4823,wh_005,2025-09-10,130,30,100,100,98,supp_003,2025-07-22,711.04
snap_005109,prod_6305,wh_002,2025-08-27,315,25,290,89,130,supp_004,2025-08-21,122.91
snap_005110,prod_5141,wh_003,2025-08-24,312,37,275,53,198,supp_005,2025-08-18,687.22
snap_005111,prod_9787,wh_001,2025-08-18,384,1,383,86,136,supp_004,2025-07-23,137.23
snap_005112,prod_2128,wh_005,2025-08-25,490,43,447,28,112,supp_004,2025-08-01,330.05
snap_005113,prod_7494,wh_002,2025-09-13,492,4,488,83,135,supp_002,2025-08-24,237.96
snap_005114,prod_3295,wh_003,2025-09-01,29,25,4,43,158,supp_005,2025-09-10,344.17
snap_005115,prod_3640,wh_004,2025-09-09,279,47,232,93,98,supp_003,2025-09-07,612.49
snap_005116,prod_3163,wh_003,2025-09-09,395,2,393,79,142,supp_001,2025-08-10,490.09
snap_005117,prod_4890,wh_002,2025-09-09,384,26,358,38,155,supp_005,2025-08-31,608.31
snap_005118,prod_1415,wh_002,2025-09-04,155,21,134,25,193,supp_001,2025-07-29,334.15
snap_005119,prod_1348,wh_004,2025-09-09,344,1,343,81,177,supp_001,2025-08-23,993.87
snap_005120,prod_1341,wh_004,2025-09-14,216,45,171,11,122,supp_002,2025-08-11,696.14
snap_005121,prod_8603,wh_002,2025-09-02,103,19,84,57,196,supp_002,2025-09-04,287.23
snap_005122,prod_8724,wh_001,2025-08-21,91,15,76,81,62,supp_004,2025-07-20,954.42
snap_005123,prod_3494,wh_004,2025-09-06,462,12,450,89,146,supp_005,2025-08-09,733.96
snap_005124,prod_4816,wh_002,2025-08-24,111,23,88,37,101,supp_002,2025-07-23,896.81
snap_005125,prod_9281,wh_001,2025-09-11,107,16,91,78,54,supp_003,2025-08-06,105.19
snap_005126,prod_5031,wh_004,2025-08-21,348,6,342,20,183,supp_001,2025-08-27,350.06
snap_005127,prod_5845,wh_002,2025-08-26,396,16,380,71,67,supp_002,2025-07-25,729.42
snap_005128,prod_3854,wh_005,2025-08-29,414,17,397,31,71,supp_004,2025-08-11,605.09
snap_005129,prod_6092,wh_003,2025-08-24,132,21,111,20,60,supp_004,2025-07-22,629.89
snap_005130,prod_2171,wh_001,2025-09-06,269,29,240,37,174,supp_001,2025-08-14,352.47
snap_005131,prod_7026,wh_005,2025-08-19,233,26,207,69,184,supp_005,2025-07-29,743.61
snap_005132,prod_1086,wh_003,2025-09-03,37,46,0,60,198,supp_005,2025-08-14,19.97
snap_005133,prod_2580,wh_001,2025-09-05,109,4,105,55,95,supp_001,2025-07-22,454.98
snap_005134,prod_7225,wh_005,2025-09-02,424,23,401,58,95,supp_005,2025-08-08,215.35
snap_005135,prod_7992,wh_001,2025-09-14,79,50,29,40,87,supp_003,2025-09-08,815.63
snap_005136,prod_2069,wh_003,2025-09-05,442,2,440,43,128,supp_002,2025-08-12,291.58
snap_005137,prod_1004,wh_005,2025-09-06,85,44,41,32,105,supp_004,2025-07-22,685.73
snap_005138,prod_5687,wh_002,2025-08-25,323,22,301,89,186,supp_001,2025-08-09,287.4
snap_005139,prod_2589,wh_005,2025-08-20,320,48,272,54,89,supp_005,2025-08-21,94.5
snap_005140,prod_7572,wh_004,2025-09-11,187,42,145,45,131,supp_003,2025-08-16,854.31
snap_005141,prod_5882,wh_001,2025-09-04,253,48,205,11,100,supp_001,2025-08-01,874.35
snap_005142,prod_8251,wh_001,2025-08-21,313,33,280,86,84,supp_003,2025-09-03,503.41
snap_005143,prod_3427,wh_004,2025-09-01,141,3,138,82,193,supp_003,2025-07-25,442.14
snap_005144,prod_4644,wh_002,2025-08-22,31,25,6,92,95,supp_001,2025-09-12,211.32
snap_005145,prod_4374,wh_002,2025-09-15,447,44,403,83,67,supp_003,2025-08-24,399.23
snap_005146,prod_6610,wh_002,2025-08-22,256,33,223,50,195,supp_001,2025-09-09,210.05
snap_005147,prod_4544,wh_002,2025-08-20,131,36,95,31,190,supp_002,2025-09-08,484.85
snap_005148,prod_5393,wh_005,2025-08-29,101,20,81,67,123,supp_004,2025-08-16,896.98
snap_005149,prod_5925,wh_001,2025-08-18,252,18,234,89,165,supp_005,2025-09-09,369.9
snap_005150,prod_3221,wh_002,2025-09-02,124,39,85,51,62,supp_003,2025-08-24,861.35
snap_005151,prod_4278,wh_004,2025-09-01,345,28,317,73,69,supp_005,2025-08-16,155.55
snap_005152,prod_7058,wh_003,2025-08-29,106,41,65,81,126,supp_002,2025-07-28,311.37
snap_005153,prod_6781,wh_005,2025-08-24,56,14,42,37,173,supp_003,2025-08-19,186.32
snap_005154,prod_8799,wh_003,2025-08-28,237,45,192,28,154,supp_005,2025-08-20,101.59
snap_005155,prod_6105,wh_001,2025-09-14,55,18,37,26,136,supp_001,2025-09-03,586.78
snap_005156,prod_2393,wh_002,2025-08-20,443,13,430,33,92,supp_002,2025-07-23,732.09
snap_005157,prod_8389,wh_001,2025-09-11,215,33,182,89,171,supp_004,2025-07-21,202.64
snap_005158,prod_6737,wh_003,2025-08-25,312,19,293,13,90,supp_004,2025-08-03,916.03
snap_005159,prod_2481,wh_004,2025-09-08,2,6,0,33,95,supp_005,2025-08-18,349.68
snap_005160,prod_6915,wh_005,2025-09-08,129,50,79,96,94,supp_003,2025-08-06,272.04
snap_005161,prod_8083,wh_004,2025-08-27,69,3,66,49,97,supp_003,2025-09-03,497.2
snap_005162,prod_9999,wh_003,2025-08-26,132,42,90,60,83,supp_005,2025-08-07,987.48
snap_005163,prod_7842,wh_003,2025-08-20,183,23,160,28,58,supp_005,2025-08-16,771.16
snap_005164,prod_2626,wh_001,2025-08-24,339,16,323,100,121,supp_003,2025-07-19,932.35
snap_005165,prod_6435,wh_002,2025-08-26,17,11,6,15,52,supp_002,2025-09-12,856.62
snap_005166,prod_6622,wh_004,2025-09-13,112,20,92,56,173,supp_002,2025-07-24,308.58
snap_005167,prod_3086,wh_002,2025-08-25,16,31,0,52,62,supp_004,2025-09-14,623.03
snap_005168,prod_4184,wh_005,2025-09-08,246,15,231,43,155,supp_003,2025-09-03,370.27
snap_005169,prod_8563,wh_002,2025-09-09,383,3,380,76,118,supp_004,2025-07-29,700.22
snap_005170,prod_9963,wh_002,2025-09-09,170,33,137,72,143,supp_001,2025-07-22,32.23
snap_005171,prod_1737,wh_003,2025-08-26,422,30,392,62,130,supp_003,2025-08-24,406.57
snap_005172,prod_8833,wh_004,2025-08-29,491,11,480,40,175,supp_003,2025-07-29,796.47
snap_005173,prod_6455,wh_002,2025-09-13,6,19,0,27,104,supp_002,2025-08-27,528.07
snap_005174,prod_3609,wh_004,2025-09-06,89,41,48,87,143,supp_003,2025-07-22,481.09
snap_005175,prod_6095,wh_001,2025-09-13,358,37,321,67,107,supp_004,2025-07-30,435.89
snap_005176,prod_2922,wh_003,2025-09-09,8,7,1,16,52,supp_003,2025-09-02,672.17
snap_005177,prod_6221,wh_005,2025-09-13,95,9,86,99,84,supp_001,2025-08-26,441.03
snap_005178,prod_9302,wh_002,2025-09-04,212,49,163,27,93,supp_004,2025-09-09,803.72
snap_005179,prod_5224,wh_001,2025-09-09,153,25,128,35,112,supp_001,2025-07-23,145.42
snap_005180,prod_8160,wh_002,2025-09-01,255,4,251,31,57,supp_001,2025-07-30,56.99
snap_005181,prod_5752,wh_002,2025-09-14,237,41,196,93,144,supp_005,2025-09-14,572.81
snap_005182,prod_7359,wh_001,2025-09-14,80,21,59,65,81,supp_002,2025-08-01,621.65
snap_005183,prod_5800,wh_003,2025-08-20,478,24,454,23,168,supp_004,2025-08-20,809.38
snap_005184,prod_2574,wh_003,2025-09-05,1,12,0,32,59,supp_003,2025-07-26,915.23
snap_005185,prod_2121,wh_002,2025-09-08,38,17,21,61,88,supp_005,2025-08-20,831.28
snap_005186,prod_2102,wh_002,2025-09-09,124,39,85,62,151,supp_005,2025-07-26,550.8
snap_005187,prod_4037,wh_002,2025-08-21,272,5,267,74,90,supp_001,2025-07-19,817.46
snap_005188,prod_1556,wh_003,2025-09-05,201,27,174,86,198,supp_001,2025-07-28,202.02
snap_005189,prod_5381,wh_003,2025-08-30,451,5,446,71,134,supp_003,2025-07-18,598.38
snap_005190,prod_2741,wh_005,2025-08-20,15,25,0,78,187,supp_002,2025-08-07,465.96
snap_005191,prod_1277,wh_001,2025-09-14,326,17,309,11,118,supp_005,2025-09-03,611.0
snap_005192,prod_3965,wh_003,2025-09-13,470,1,469,92,193,supp_005,2025-09-14,451.71
snap_005193,prod_6574,wh_005,2025-08-22,245,32,213,80,116,supp_005,2025-08-25,782.64
snap_005194,prod_3985,wh_001,2025-09-08,53,49,4,11,151,supp_002,2025-08-05,139.47
snap_005195,prod_5707,wh_002,2025-08-29,336,43,293,61,178,supp_001,2025-08-18,351.32
snap_005196,prod_8252,wh_003,2025-09-03,289,15,274,63,147,supp_001,2025-07-30,86.8
snap_005197,prod_9668,wh_003,2025-09-03,183,32,151,43,182,supp_001,2025-08-25,520.82
snap_005198,prod_3997,wh_005,2025-09-02,315,45,270,92,59,supp_002,2025-09-09,518.66
snap_005199,prod_8119,wh_001,2025-08-18,416,43,373,17,67,supp_003,2025-07-24,995.6
snap_005200,prod_6363,wh_001,2025-09-15,368,1,367,89,141,supp_004,2025-08-27,264.21
snap_005201,prod_2834,wh_005,2025-09-10,51,48,3,85,106,supp_002,2025-08-27,134.56
snap_005202,prod_8646,wh_005,2025-09-14,47,32,15,16,151,supp_005,2025-09-02,742.53
snap_005203,prod_5991,wh_001,2025-09-06,95,44,51,52,68,supp_002,2025-09-03,262.68
snap_005204,prod_1806,wh_001,2025-09-04,343,4,339,63,84,supp_004,2025-09-07,628.54
snap_005205,prod_5385,wh_004,2025-08-26,106,16,90,73,182,supp_005,2025-08-28,110.92
snap_005206,prod_2394,wh_001,2025-08-30,158,29,129,34,75,supp_005,2025-08-09,5.57
snap_005207,prod_4551,wh_005,2025-08-24,113,49,64,93,196,supp_001,2025-08-16,725.12
snap_005208,prod_5811,wh_003,2025-09-14,451,47,404,72,106,supp_002,2025-08-01,565.18
snap_005209,prod_6573,wh_005,2025-09-12,284,8,276,92,192,supp_003,2025-07-24,605.03
snap_005210,prod_6858,wh_004,2025-09-01,313,43,270,66,156,supp_001,2025-08-21,964.5
snap_005211,prod_2096,wh_003,2025-09-04,108,16,92,87,100,supp_005,2025-07-23,155.41
snap_005212,prod_8641,wh_002,2025-08-22,21,35,0,31,195,supp_001,2025-07-25,37.72
snap_005213,prod_5221,wh_001,2025-08-22,440,16,424,76,131,supp_004,2025-07-30,669.02
snap_005214,prod_9542,wh_004,2025-09-06,144,48,96,61,70,supp_005,2025-08-14,433.02
snap_005215,prod_5986,wh_005,2025-08-22,338,49,289,58,138,supp_004,2025-08-07,842.81
snap_005216,prod_9674,wh_003,2025-08-31,467,12,455,89,138,supp_005,2025-09-13,541.62
snap_005217,prod_4468,wh_005,2025-08-24,307,28,279,57,70,supp_003,2025-08-30,570.72
snap_005218,prod_9385,wh_005,2025-08-27,324,3,321,92,96,supp_005,2025-08-18,41.39
snap_005219,prod_8991,wh_004,2025-09-05,159,36,123,77,51,supp_005,2025-07-19,647.56
snap_005220,prod_5855,wh_005,2025-08-30,190,48,142,99,61,supp_002,2025-08-25,667.9
snap_005221,prod_7186,wh_003,2025-09-07,306,27,279,55,184,supp_003,2025-07-28,394.77
snap_005222,prod_4645,wh_002,2025-09-06,337,33,304,62,55,supp_005,2025-08-03,988.23
snap_005223,prod_7889,wh_005,2025-08-26,305,4,301,75,124,supp_001,2025-08-26,973.35
snap_005224,prod_4740,wh_005,2025-08-26,88,3,85,97,159,supp_004,2025-08-04,151.37
snap_005225,prod_9633,wh_005,2025-09-10,289,35,254,32,185,supp_004,2025-08-06,852.87
snap_005226,prod_7789,wh_005,2025-08-20,265,10,255,13,119,supp_001,2025-07-19,85.6
snap_005227,prod_7082,wh_004,2025-09-11,251,0,251,42,65,supp_003,2025-09-05,966.35
snap_005228,prod_2113,wh_001,2025-09-13,117,33,84,19,64,supp_001,2025-07-27,806.17
snap_005229,prod_5723,wh_005,2025-09-01,161,2,159,67,176,supp_003,2025-08-12,523.99
snap_005230,prod_3190,wh_005,2025-08-18,453,31,422,78,55,supp_001,2025-08-16,305.38
snap_005231,prod_9734,wh_003,2025-08-21,450,13,437,39,185,supp_001,2025-08-23,15.15
snap_005232,prod_8157,wh_002,2025-09-03,232,22,210,34,135,supp_005,2025-08-14,369.53
snap_005233,prod_2642,wh_005,2025-09-01,69,27,42,31,111,supp_001,2025-08-10,829.56
snap_005234,prod_8847,wh_002,2025-08-24,406,42,364,80,132,supp_002,2025-08-21,292.6
snap_005235,prod_6932,wh_002,2025-09-06,484,6,478,50,96,supp_001,2025-07-28,327.02
snap_005236,prod_3355,wh_004,2025-08-27,246,5,241,56,51,supp_002,2025-09-05,958.98
snap_005237,prod_2684,wh_002,2025-09-02,345,35,310,78,61,supp_005,2025-08-06,233.09
snap_005238,prod_7566,wh_004,2025-09-07,218,35,183,30,70,supp_003,2025-09-01,624.57
snap_005239,prod_6216,wh_004,2025-08-31,160,6,154,21,157,supp_001,2025-08-24,870.92
snap_005240,prod_1892,wh_003,2025-09-07,213,2,211,70,160,supp_004,2025-08-05,710.45
snap_005241,prod_2101,wh_001,2025-08-28,223,28,195,48,194,supp_004,2025-08-29,82.81
snap_005242,prod_7988,wh_003,2025-09-13,394,3,391,26,84,supp_004,2025-09-10,618.26
snap_005243,prod_5258,wh_003,2025-09-13,61,49,12,76,108,supp_003,2025-07-24,788.43
snap_005244,prod_7006,wh_005,2025-09-02,2,33,0,65,129,supp_005,2025-08-12,722.95
snap_005245,prod_2053,wh_004,2025-09-15,16,9,7,56,181,supp_003,2025-08-06,393.26
snap_005246,prod_5836,wh_005,2025-08-31,343,46,297,64,85,supp_004,2025-08-18,381.26
snap_005247,prod_1626,wh_005,2025-09-01,209,15,194,70,143,supp_002,2025-09-15,226.13
snap_005248,prod_1321,wh_001,2025-08-28,450,35,415,23,88,supp_003,2025-07-20,947.71
snap_005249,prod_1215,wh_002,2025-08-25,360,30,330,32,146,supp_001,2025-09-02,975.76
snap_005250,prod_9008,wh_002,2025-08-22,72,35,37,36,152,supp_002,2025-08-29,895.91
snap_005251,prod_2909,wh_003,2025-09-11,441,1,440,42,141,supp_001,2025-07-28,82.48
snap_005252,prod_9010,wh_004,2025-08-19,61,25,36,64,86,supp_001,2025-07-24,537.09
snap_005253,prod_8883,wh_004,2025-08-24,344,4,340,22,87,supp_004,2025-08-24,81.43
snap_005254,prod_7808,wh_005,2025-09-10,308,12,296,81,86,supp_001,2025-07-28,856.15
snap_005255,prod_6938,wh_004,2025-08-30,104,44,60,33,52,supp_004,2025-09-05,947.47
snap_005256,prod_9014,wh_004,2025-09-05,264,7,257,80,198,supp_004,2025-07-20,150.78
snap_005257,prod_9662,wh_002,2025-08-24,159,36,123,58,200,supp_001,2025-09-08,948.12
snap_005258,prod_6554,wh_004,2025-09-07,267,6,261,50,179,supp_004,2025-09-05,250.26
snap_005259,prod_8332,wh_004,2025-09-09,482,46,436,59,124,supp_002,2025-07-22,707.18
snap_005260,prod_1695,wh_005,2025-08-27,373,11,362,38,141,supp_005,2025-08-31,201.83
snap_005261,prod_7633,wh_003,2025-08-28,425,13,412,19,196,supp_002,2025-07-22,317.87
snap_005262,prod_1536,wh_003,2025-08-18,185,23,162,22,116,supp_002,2025-08-29,110.81
snap_005263,prod_9392,wh_005,2025-08-31,114,12,102,99,75,supp_004,2025-08-21,852.26
snap_005264,prod_9718,wh_001,2025-09-11,466,37,429,68,89,supp_003,2025-08-22,29.88
snap_005265,prod_4307,wh_001,2025-08-29,114,31,83,92,63,supp_004,2025-07-21,519.0
snap_005266,prod_8844,wh_001,2025-09-03,286,19,267,22,200,supp_001,2025-08-12,417.91
snap_005267,prod_3639,wh_001,2025-09-06,195,23,172,55,190,supp_005,2025-07-22,115.59
snap_005268,prod_9357,wh_002,2025-08-23,27,11,16,57,71,supp_001,2025-08-15,84.87
snap_005269,prod_2037,wh_002,2025-08-22,170,6,164,80,148,supp_005,2025-09-10,174.88
snap_005270,prod_3985,wh_005,2025-08-21,468,3,465,10,114,supp_003,2025-08-09,691.28
snap_005271,prod_8095,wh_005,2025-08-26,355,24,331,68,189,supp_003,2025-09-09,259.22
snap_005272,prod_2448,wh_001,2025-08-24,357,3,354,27,166,supp_002,2025-09-10,178.89
snap_005273,prod_5379,wh_004,2025-08-30,392,16,376,44,68,supp_005,2025-07-27,367.77
snap_005274,prod_6104,wh_004,2025-08-31,86,36,50,68,160,supp_003,2025-09-12,341.66
snap_005275,prod_5140,wh_005,2025-08-23,298,44,254,85,77,supp_002,2025-08-03,572.86
snap_005276,prod_6963,wh_004,2025-09-01,492,4,488,78,130,supp_003,2025-07-25,842.51
snap_005277,prod_4229,wh_003,2025-08-26,22,33,0,56,117,supp_002,2025-09-12,637.72
snap_005278,prod_3964,wh_001,2025-08-31,402,14,388,31,58,supp_001,2025-09-14,35.42
snap_005279,prod_1810,wh_005,2025-09-11,178,33,145,15,138,supp_002,2025-07-24,842.99
snap_005280,prod_8334,wh_003,2025-09-08,40,19,21,80,52,supp_005,2025-08-29,275.62
snap_005281,prod_4168,wh_004,2025-09-01,489,17,472,78,122,supp_004,2025-07-29,967.25
snap_005282,prod_3310,wh_001,2025-09-09,111,34,77,14,182,supp_004,2025-07-29,597.69
snap_005283,prod_2387,wh_005,2025-09-10,227,47,180,14,135,supp_001,2025-08-27,963.86
snap_005284,prod_1174,wh_002,2025-08-26,350,3,347,86,171,supp_004,2025-08-27,328.7
snap_005285,prod_8705,wh_003,2025-08-21,335,16,319,73,175,supp_005,2025-07-21,119.74
snap_005286,prod_7053,wh_002,2025-08-23,480,14,466,87,60,supp_003,2025-08-25,120.65
snap_005287,prod_9947,wh_001,2025-09-11,41,19,22,79,83,supp_001,2025-07-24,241.39
snap_005288,prod_1815,wh_002,2025-08-20,103,5,98,65,83,supp_001,2025-08-12,367.81
snap_005289,prod_5496,wh_005,2025-08-18,166,35,131,96,64,supp_002,2025-08-22,61.75
snap_005290,prod_7078,wh_003,2025-08-25,24,29,0,70,75,supp_004,2025-08-19,99.22
snap_005291,prod_8340,wh_003,2025-09-10,228,30,198,60,128,supp_005,2025-08-25,217.28
snap_005292,prod_6280,wh_003,2025-09-11,156,16,140,48,97,supp_002,2025-08-20,647.65
snap_005293,prod_9076,wh_005,2025-09-09,68,23,45,20,135,supp_005,2025-08-13,493.92
snap_005294,prod_4712,wh_002,2025-08-31,133,0,133,63,65,supp_002,2025-09-08,970.37
snap_005295,prod_4565,wh_003,2025-09-15,478,47,431,77,101,supp_001,2025-08-13,995.83
snap_005296,prod_2340,wh_002,2025-09-04,185,29,156,68,53,supp_005,2025-09-01,244.64
snap_005297,prod_3260,wh_002,2025-09-03,2,17,0,67,59,supp_003,2025-08-19,223.05
snap_005298,prod_8245,wh_005,2025-08-22,292,1,291,42,154,supp_004,2025-08-15,302.5
snap_005299,prod_7267,wh_001,2025-08-20,138,47,91,12,83,supp_003,2025-08-23,373.66
snap_005300,prod_9963,wh_004,2025-08-25,222,48,174,74,122,supp_003,2025-08-13,47.03
snap_005301,prod_4543,wh_004,2025-09-15,341,20,321,20,174,supp_002,2025-08-20,660.19
snap_005302,prod_6608,wh_004,2025-08-27,482,47,435,84,106,supp_005,2025-07-19,574.54
snap_005303,prod_3579,wh_002,2025-09-15,20,41,0,92,162,supp_002,2025-08-20,458.39
snap_005304,prod_2931,wh_001,2025-09-03,41,39,2,38,71,supp_001,2025-08-11,409.33
snap_005305,prod_9127,wh_004,2025-09-14,293,26,267,30,139,supp_001,2025-09-02,301.35
snap_005306,prod_7965,wh_005,2025-08-28,25,0,25,89,60,supp_003,2025-08-07,59.87
snap_005307,prod_9468,wh_005,2025-09-08,68,19,49,76,110,supp_005,2025-08-07,738.63
snap_005308,prod_6949,wh_003,2025-09-01,392,19,373,25,128,supp_004,2025-09-12,230.62
snap_005309,prod_4357,wh_004,2025-08-22,249,8,241,86,194,supp_001,2025-08-07,211.6
snap_005310,prod_1108,wh_002,2025-08-26,63,5,58,99,128,supp_004,2025-09-02,810.17
snap_005311,prod_6334,wh_005,2025-09-15,76,48,28,52,145,supp_002,2025-08-15,968.53
snap_005312,prod_2223,wh_004,2025-09-12,451,9,442,29,77,supp_004,2025-08-31,542.96
snap_005313,prod_5893,wh_001,2025-09-04,57,48,9,94,59,supp_003,2025-07-20,740.05
snap_005314,prod_4050,wh_002,2025-08-31,428,4,424,50,103,supp_004,2025-07-28,9.75
snap_005315,prod_4587,wh_001,2025-09-02,89,37,52,48,179,supp_001,2025-08-28,225.27
snap_005316,prod_8472,wh_004,2025-08-23,98,20,78,38,113,supp_005,2025-07-25,858.43
snap_005317,prod_6328,wh_002,2025-08-22,267,25,242,28,53,supp_002,2025-08-28,455.06
snap_005318,prod_2951,wh_003,2025-09-03,480,37,443,42,143,supp_005,2025-08-16,91.78
snap_005319,prod_3663,wh_001,2025-09-12,432,31,401,21,76,supp_004,2025-08-28,536.03
snap_005320,prod_8879,wh_002,2025-08-24,68,20,48,90,64,supp_005,2025-07-19,855.28
snap_005321,prod_3585,wh_002,2025-09-05,486,9,477,23,121,supp_005,2025-07-31,414.89
snap_005322,prod_1532,wh_001,2025-08-24,267,39,228,56,159,supp_005,2025-08-15,130.29
snap_005323,prod_6265,wh_002,2025-08-29,229,12,217,42,192,supp_005,2025-08-25,43.12
snap_005324,prod_8915,wh_004,2025-09-01,342,48,294,25,176,supp_005,2025-08-18,902.65
snap_005325,prod_1624,wh_005,2025-09-11,237,28,209,56,159,supp_005,2025-09-08,121.98
snap_005326,prod_2573,wh_002,2025-08-26,16,7,9,50,70,supp_004,2025-08-13,807.65
snap_005327,prod_5074,wh_001,2025-08-22,330,40,290,86,106,supp_001,2025-08-30,859.1
snap_005328,prod_8215,wh_004,2025-09-08,415,47,368,78,177,supp_001,2025-09-07,712.36
snap_005329,prod_2654,wh_003,2025-09-06,211,25,186,76,74,supp_001,2025-09-13,516.98
snap_005330,prod_2913,wh_002,2025-08-19,338,18,320,14,153,supp_005,2025-08-06,754.35
snap_005331,prod_7991,wh_005,2025-08-20,25,4,21,67,67,supp_002,2025-07-19,570.85
snap_005332,prod_1257,wh_004,2025-09-08,236,9,227,11,94,supp_004,2025-07-28,43.09
snap_005333,prod_2844,wh_005,2025-09-07,444,17,427,32,76,supp_002,2025-08-19,282.08
snap_005334,prod_3187,wh_003,2025-09-01,249,11,238,73,111,supp_004,2025-08-15,646.4
snap_005335,prod_7606,wh_004,2025-08-26,152,38,114,26,155,supp_004,2025-08-10,697.44
snap_005336,prod_6621,wh_004,2025-08-31,240,32,208,26,153,supp_002,2025-07-19,157.06
snap_005337,prod_2505,wh_001,2025-09-12,273,20,253,19,152,supp_002,2025-08-04,897.03
snap_005338,prod_4397,wh_005,2025-08-23,97,5,92,84,114,supp_003,2025-08-17,459.99
snap_005339,prod_7660,wh_002,2025-08-22,204,43,161,84,93,supp_004,2025-07-22,80.04
snap_005340,prod_9846,wh_003,2025-09-09,213,32,181,59,105,supp_004,2025-08-24,187.78
snap_005341,prod_4939,wh_004,2025-09-15,269,35,234,56,138,supp_002,2025-08-25,625.19
snap_005342,prod_1007,wh_002,2025-08-17,164,50,114,39,66,supp_003,2025-08-09,557.53
snap_005343,prod_2646,wh_003,2025-09-05,399,15,384,17,185,supp_001,2025-08-31,238.97
snap_005344,prod_4112,wh_005,2025-09-14,197,38,159,84,92,supp_001,2025-09-13,132.63
snap_005345,prod_6012,wh_005,2025-09-15,52,15,37,82,80,supp_002,2025-07-19,555.66
snap_005346,prod_5399,wh_002,2025-09-11,23,12,11,79,147,supp_002,2025-08-15,481.56
snap_005347,prod_4245,wh_002,2025-08-18,293,45,248,40,72,supp_005,2025-08-30,910.0
snap_005348,prod_9231,wh_002,2025-09-03,44,19,25,18,162,supp_002,2025-09-09,178.03
snap_005349,prod_1370,wh_003,2025-09-07,73,1,72,36,99,supp_001,2025-07-20,771.93
snap_005350,prod_5923,wh_005,2025-09-04,372,47,325,50,82,supp_001,2025-08-11,12.81
snap_005351,prod_2525,wh_003,2025-08-28,111,31,80,68,151,supp_005,2025-09-14,52.09
snap_005352,prod_4564,wh_005,2025-09-10,126,38,88,88,118,supp_003,2025-08-25,400.09
snap_005353,prod_6188,wh_001,2025-09-04,320,11,309,58,180,supp_001,2025-07-19,954.21
snap_005354,prod_3695,wh_004,2025-09-04,465,1,464,86,131,supp_005,2025-07-26,811.04
snap_005355,prod_8281,wh_002,2025-09-04,210,6,204,77,188,supp_003,2025-08-20,312.68
snap_005356,prod_1657,wh_004,2025-08-21,458,46,412,88,118,supp_004,2025-07-29,931.48
snap_005357,prod_2599,wh_003,2025-09-03,419,18,401,94,165,supp_005,2025-09-15,864.72
snap_005358,prod_5932,wh_005,2025-09-11,226,21,205,63,58,supp_001,2025-08-24,787.37
snap_005359,prod_5054,wh_003,2025-09-08,425,5,420,100,90,supp_003,2025-08-01,238.74
snap_005360,prod_3690,wh_003,2025-09-09,153,6,147,91,158,supp_003,2025-08-27,153.9
snap_005361,prod_6994,wh_002,2025-08-21,445,20,425,33,116,supp_004,2025-08-02,575.81
snap_005362,prod_4900,wh_005,2025-08-24,477,7,470,57,80,supp_003,2025-09-09,737.35
snap_005363,prod_7700,wh_002,2025-08-24,311,43,268,49,100,supp_002,2025-07-18,157.34
snap_005364,prod_8864,wh_003,2025-08-29,139,11,128,72,123,supp_005,2025-08-10,514.25
snap_005365,prod_4572,wh_005,2025-09-15,340,17,323,21,161,supp_001,2025-08-11,15.87
snap_005366,prod_7008,wh_003,2025-09-13,328,29,299,86,196,supp_005,2025-07-20,970.19
snap_005367,prod_3778,wh_005,2025-09-11,104,5,99,62,86,supp_001,2025-08-25,367.87
snap_005368,prod_1792,wh_005,2025-09-08,481,22,459,40,178,supp_002,2025-09-10,497.23
snap_005369,prod_1168,wh_005,2025-08-31,391,50,341,58,123,supp_004,2025-09-13,732.53
snap_005370,prod_5733,wh_001,2025-08-17,166,28,138,14,84,supp_004,2025-08-22,969.29
snap_005371,prod_7673,wh_003,2025-08-28,122,8,114,14,145,supp_004,2025-08-19,730.32
snap_005372,prod_5424,wh_002,2025-08-27,334,21,313,58,55,supp_003,2025-07-25,708.53
snap_005373,prod_4458,wh_003,2025-09-10,306,0,306,26,112,supp_002,2025-08-30,281.98
snap_005374,prod_6574,wh_005,2025-09-12,360,21,339,48,134,supp_004,2025-07-28,974.72
snap_005375,prod_3681,wh_004,2025-08-27,11,21,0,28,147,supp_005,2025-08-06,729.48
snap_005376,prod_8939,wh_004,2025-08-26,381,19,362,86,189,supp_004,2025-07-24,158.95
snap_005377,prod_9053,wh_002,2025-08-20,258,33,225,45,148,supp_002,2025-09-13,820.18
snap_005378,prod_6883,wh_002,2025-08-19,399,19,380,50,195,supp_003,2025-07-18,331.5
snap_005379,prod_7497,wh_001,2025-09-10,392,29,363,95,109,supp_004,2025-08-06,211.88
snap_005380,prod_3180,wh_005,2025-08-29,98,37,61,49,85,supp_001,2025-07-20,51.86
snap_005381,prod_1496,wh_002,2025-08-27,142,14,128,90,85,supp_001,2025-09-06,688.46
snap_005382,prod_5279,wh_005,2025-09-15,383,19,364,96,130,supp_003,2025-08-30,606.93
snap_005383,prod_7453,wh_005,2025-09-04,239,38,201,35,113,supp_001,2025-08-07,11.05
snap_005384,prod_1117,wh_003,2025-09-09,465,26,439,18,149,supp_003,2025-08-29,859.13
snap_005385,prod_1148,wh_005,2025-08-27,428,10,418,29,117,supp_001,2025-07-30,983.36
snap_005386,prod_3660,wh_003,2025-08-19,413,2,411,31,100,supp_004,2025-07-30,412.47
snap_005387,prod_4243,wh_002,2025-08-17,197,39,158,67,79,supp_004,2025-07-28,306.14
snap_005388,prod_4344,wh_002,2025-08-25,337,9,328,31,103,supp_001,2025-08-29,643.68
snap_005389,prod_2552,wh_005,2025-09-14,282,26,256,57,134,supp_004,2025-07-18,170.79
snap_005390,prod_6201,wh_001,2025-08-20,158,33,125,10,114,supp_005,2025-09-12,261.01
snap_005391,prod_8454,wh_003,2025-09-08,257,45,212,66,181,supp_002,2025-08-09,685.74
snap_005392,prod_8478,wh_005,2025-08-26,449,27,422,81,145,supp_002,2025-08-19,589.73
snap_005393,prod_9726,wh_004,2025-08-17,418,49,369,10,124,supp_004,2025-09-02,33.1
snap_005394,prod_6145,wh_001,2025-08-18,23,14,9,67,143,supp_001,2025-08-02,134.12
snap_005395,prod_3453,wh_003,2025-09-10,52,5,47,54,158,supp_003,2025-08-08,460.57
snap_005396,prod_2444,wh_002,2025-09-09,177,21,156,25,95,supp_002,2025-08-27,818.72
snap_005397,prod_3966,wh_001,2025-08-28,13,10,3,50,195,supp_005,2025-09-10,434.97
snap_005398,prod_9937,wh_004,2025-09-15,342,43,299,85,168,supp_002,2025-08-19,190.07
snap_005399,prod_8424,wh_002,2025-09-12,250,2,248,33,165,supp_004,2025-09-08,202.88
snap_005400,prod_2252,wh_002,2025-08-30,70,44,26,100,104,supp_001,2025-08-13,748.57
snap_005401,prod_2541,wh_001,2025-08-18,222,38,184,30,118,supp_005,2025-09-04,689.57
snap_005402,prod_6134,wh_005,2025-08-17,225,26,199,56,64,supp_001,2025-08-29,273.66
snap_005403,prod_9140,wh_003,2025-09-11,150,44,106,17,183,supp_004,2025-08-27,823.44
snap_005404,prod_1847,wh_002,2025-09-01,170,37,133,71,97,supp_004,2025-09-10,231.11
snap_005405,prod_9706,wh_005,2025-09-08,263,18,245,41,119,supp_001,2025-09-07,178.99
snap_005406,prod_2400,wh_001,2025-08-31,203,28,175,69,133,supp_005,2025-08-04,278.2
snap_005407,prod_6210,wh_001,2025-08-17,314,11,303,94,159,supp_003,2025-08-07,69.16
snap_005408,prod_8439,wh_005,2025-09-06,302,8,294,44,120,supp_001,2025-08-21,265.59
snap_005409,prod_7669,wh_001,2025-09-07,288,31,257,88,139,supp_003,2025-08-14,914.02
snap_005410,prod_4424,wh_002,2025-09-11,36,3,33,84,186,supp_005,2025-09-10,882.11
snap_005411,prod_9802,wh_001,2025-09-05,193,47,146,46,184,supp_001,2025-08-26,351.35
snap_005412,prod_4670,wh_001,2025-09-15,187,40,147,86,70,supp_001,2025-07-26,236.66
snap_005413,prod_2328,wh_003,2025-08-25,491,40,451,82,116,supp_002,2025-08-29,311.37
snap_005414,prod_6482,wh_001,2025-08-27,407,43,364,59,147,supp_004,2025-08-30,644.27
snap_005415,prod_5250,wh_005,2025-08-30,42,1,41,23,136,supp_004,2025-09-05,792.75
snap_005416,prod_1052,wh_003,2025-08-21,271,35,236,75,115,supp_001,2025-08-15,886.89
snap_005417,prod_5416,wh_005,2025-08-27,429,5,424,95,184,supp_003,2025-08-16,875.82
snap_005418,prod_3609,wh_005,2025-09-07,159,31,128,20,198,supp_003,2025-08-27,526.08
snap_005419,prod_5515,wh_005,2025-09-08,156,45,111,42,57,supp_001,2025-07-19,839.26
snap_005420,prod_8741,wh_005,2025-09-10,447,20,427,92,87,supp_005,2025-09-08,118.46
snap_005421,prod_8060,wh_005,2025-09-01,288,0,288,75,121,supp_005,2025-07-21,697.93
snap_005422,prod_3772,wh_005,2025-09-07,362,23,339,95,51,supp_004,2025-07-25,542.25
snap_005423,prod_3644,wh_001,2025-08-18,26,17,9,86,199,supp_001,2025-08-14,943.89
snap_005424,prod_3981,wh_004,2025-09-08,17,37,0,18,69,supp_002,2025-07-30,343.97
snap_005425,prod_5387,wh_004,2025-08-26,1,37,0,81,175,supp_005,2025-08-21,263.5
snap_005426,prod_6791,wh_005,2025-08-29,417,30,387,28,196,supp_005,2025-08-12,758.32
snap_005427,prod_9603,wh_001,2025-09-08,128,31,97,90,129,supp_001,2025-09-12,121.72
snap_005428,prod_9673,wh_005,2025-08-27,19,35,0,58,137,supp_004,2025-07-26,832.3
snap_005429,prod_7895,wh_005,2025-08-20,178,24,154,44,172,supp_002,2025-09-12,528.18
snap_005430,prod_6621,wh_003,2025-08-20,58,25,33,55,58,supp_004,2025-08-11,195.93
snap_005431,prod_4500,wh_005,2025-08-20,1,8,0,46,137,supp_001,2025-08-08,965.56
snap_005432,prod_7204,wh_005,2025-08-20,358,2,356,38,192,supp_003,2025-07-23,766.3
snap_005433,prod_3142,wh_001,2025-09-13,194,40,154,85,107,supp_005,2025-08-10,798.45
snap_005434,prod_2454,wh_004,2025-08-25,325,44,281,97,180,supp_002,2025-08-28,376.51
snap_005435,prod_1060,wh_002,2025-08-20,87,25,62,96,143,supp_004,2025-08-07,109.43
snap_005436,prod_7711,wh_005,2025-09-10,442,43,399,70,133,supp_002,2025-07-28,475.28
snap_005437,prod_8818,wh_005,2025-08-25,178,39,139,70,175,supp_004,2025-07-20,256.35
snap_005438,prod_6837,wh_003,2025-08-26,465,0,465,42,106,supp_001,2025-08-31,563.87
snap_005439,prod_9932,wh_001,2025-08-22,452,6,446,67,142,supp_004,2025-08-20,468.97
snap_005440,prod_9147,wh_002,2025-09-11,477,50,427,23,167,supp_001,2025-08-20,56.21
snap_005441,prod_4433,wh_001,2025-08-28,185,4,181,50,51,supp_004,2025-08-07,492.89
snap_005442,prod_2846,wh_004,2025-09-09,380,1,379,96,154,supp_001,2025-09-14,910.44
snap_005443,prod_8859,wh_002,2025-08-27,115,25,90,62,174,supp_003,2025-08-20,538.96
snap_005444,prod_1769,wh_005,2025-09-12,109,11,98,31,147,supp_005,2025-08-18,568.3
snap_005445,prod_6704,wh_001,2025-09-12,191,17,174,17,87,supp_003,2025-09-01,939.17
snap_005446,prod_1049,wh_005,2025-09-07,174,12,162,50,160,supp_001,2025-08-02,508.69
snap_005447,prod_6326,wh_001,2025-08-17,269,21,248,83,93,supp_004,2025-09-11,667.29
snap_005448,prod_4002,wh_005,2025-08-19,54,36,18,80,88,supp_004,2025-08-26,123.96
snap_005449,prod_1827,wh_001,2025-08-29,26,2,24,51,178,supp_005,2025-09-13,449.14
snap_005450,prod_9779,wh_002,2025-09-08,192,16,176,46,173,supp_002,2025-08-29,384.43
snap_005451,prod_6659,wh_003,2025-09-07,468,45,423,83,163,supp_001,2025-07-28,188.62
snap_005452,prod_5530,wh_005,2025-08-29,33,29,4,32,147,supp_001,2025-08-25,491.45
snap_005453,prod_2864,wh_002,2025-08-20,284,8,276,93,101,supp_005,2025-08-06,483.11
snap_005454,prod_7212,wh_001,2025-08-30,30,49,0,96,167,supp_005,2025-08-29,527.41
snap_005455,prod_5643,wh_004,2025-08-23,303,3,300,89,198,supp_002,2025-08-24,140.9
snap_005456,prod_1318,wh_001,2025-08-27,376,49,327,95,140,supp_002,2025-09-11,105.47
snap_005457,prod_8730,wh_004,2025-09-15,335,37,298,49,103,supp_005,2025-08-28,884.9
snap_005458,prod_1284,wh_005,2025-09-08,278,25,253,55,199,supp_005,2025-09-07,236.29
snap_005459,prod_4960,wh_001,2025-09-05,275,39,236,53,137,supp_001,2025-08-13,651.02
snap_005460,prod_7646,wh_001,2025-08-21,26,8,18,26,54,supp_005,2025-08-02,276.41
snap_005461,prod_1794,wh_001,2025-08-23,447,47,400,90,103,supp_003,2025-09-03,148.09
snap_005462,prod_6522,wh_003,2025-09-01,474,2,472,59,160,supp_003,2025-07-20,564.47
snap_005463,prod_7707,wh_004,2025-09-06,6,32,0,60,91,supp_004,2025-09-04,557.26
snap_005464,prod_3181,wh_002,2025-08-25,81,29,52,21,105,supp_004,2025-08-05,514.65
snap_005465,prod_6855,wh_004,2025-08-28,73,31,42,17,158,supp_002,2025-07-31,803.47
snap_005466,prod_1643,wh_002,2025-08-23,114,2,112,16,52,supp_005,2025-09-11,508.64
snap_005467,prod_4077,wh_001,2025-09-14,106,18,88,78,133,supp_005,2025-09-10,665.12
snap_005468,prod_4382,wh_003,2025-08-23,240,25,215,85,85,supp_005,2025-07-27,146.32
snap_005469,prod_5284,wh_005,2025-08-18,421,7,414,69,63,supp_003,2025-09-04,703.92
snap_005470,prod_5806,wh_004,2025-08-22,419,49,370,46,139,supp_005,2025-07-20,954.96
snap_005471,prod_1899,wh_004,2025-08-30,225,4,221,11,192,supp_002,2025-08-07,282.72
snap_005472,prod_4992,wh_005,2025-08-26,498,18,480,61,118,supp_001,2025-08-25,780.01
snap_005473,prod_8994,wh_001,2025-09-15,480,1,479,65,174,supp_003,2025-07-20,802.19
snap_005474,prod_7542,wh_005,2025-09-11,74,11,63,89,197,supp_004,2025-08-18,376.48
snap_005475,prod_5002,wh_004,2025-08-29,380,23,357,98,59,supp_001,2025-08-22,539.56
snap_005476,prod_3672,wh_002,2025-08-20,88,37,51,78,164,supp_003,2025-09-14,463.26
snap_005477,prod_1720,wh_005,2025-08-20,397,45,352,47,198,supp_005,2025-07-19,744.89
snap_005478,prod_8629,wh_002,2025-08-25,141,0,141,67,55,supp_003,2025-09-10,738.87
snap_005479,prod_6289,wh_001,2025-09-04,163,20,143,60,119,supp_004,2025-09-02,871.23
snap_005480,prod_3935,wh_003,2025-09-01,36,20,16,98,187,supp_005,2025-07-22,73.29
snap_005481,prod_8972,wh_005,2025-09-09,496,15,481,20,124,supp_005,2025-08-29,276.46
snap_005482,prod_6102,wh_002,2025-08-25,469,17,452,57,145,supp_002,2025-08-13,70.59
snap_005483,prod_7786,wh_004,2025-09-10,381,3,378,72,103,supp_005,2025-07-18,365.23
snap_005484,prod_3634,wh_001,2025-09-05,225,39,186,29,71,supp_001,2025-09-14,128.27
snap_005485,prod_8754,wh_002,2025-08-20,359,24,335,99,88,supp_003,2025-08-10,197.67
snap_005486,prod_2935,wh_001,2025-08-31,322,3,319,85,123,supp_005,2025-08-14,453.49
snap_005487,prod_3616,wh_001,2025-09-04,308,46,262,71,165,supp_002,2025-08-08,242.83
snap_005488,prod_7960,wh_004,2025-09-04,341,15,326,57,98,supp_001,2025-07-19,114.53
snap_005489,prod_8210,wh_002,2025-08-30,317,3,314,70,183,supp_001,2025-09-13,765.59
snap_005490,prod_3515,wh_003,2025-08-27,4,13,0,20,54,supp_002,2025-08-30,115.31
snap_005491,prod_1265,wh_003,2025-09-06,246,20,226,90,137,supp_004,2025-09-14,777.89
snap_005492,prod_4012,wh_003,2025-09-08,344,1,343,46,177,supp_005,2025-09-09,403.63
snap_005493,prod_6557,wh_001,2025-09-13,456,34,422,41,103,supp_004,2025-08-08,122.61
snap_005494,prod_2110,wh_002,2025-08-18,189,10,179,76,82,supp_002,2025-08-10,123.07
snap_005495,prod_9142,wh_003,2025-09-03,442,2,440,85,58,supp_005,2025-08-10,810.5
snap_005496,prod_9984,wh_002,2025-08-18,213,45,168,28,53,supp_001,2025-08-05,746.26
snap_005497,prod_3421,wh_001,2025-08-22,229,41,188,22,172,supp_005,2025-08-20,475.8
snap_005498,prod_4852,wh_004,2025-09-12,449,35,414,72,70,supp_005,2025-09-15,641.19
snap_005499,prod_2956,wh_003,2025-09-13,105,30,75,99,177,supp_002,2025-07-30,290.42
snap_005500,prod_7011,wh_004,2025-08-29,139,33,106,28,184,supp_002,2025-09-12,480.58
snap_005501,prod_5734,wh_001,2025-08-28,485,38,447,57,131,supp_002,2025-08-23,721.54
snap_005502,prod_4921,wh_005,2025-08-20,322,41,281,48,63,supp_004,2025-07-19,945.69
snap_005503,prod_4336,wh_004,2025-08-26,265,16,249,99,161,supp_003,2025-08-28,787.6
snap_005504,prod_4717,wh_005,2025-09-13,415,9,406,17,116,supp_003,2025-07-24,17.47
snap_005505,prod_6624,wh_001,2025-08-21,86,5,81,51,96,supp_002,2025-08-23,61.65
snap_005506,prod_8206,wh_002,2025-08-18,265,0,265,48,66,supp_005,2025-08-10,370.36
snap_005507,prod_9250,wh_003,2025-08-17,183,30,153,82,145,supp_003,2025-07-30,441.53
snap_005508,prod_1727,wh_002,2025-08-17,291,16,275,28,53,supp_002,2025-07-29,390.36
snap_005509,prod_2948,wh_005,2025-08-19,325,47,278,62,127,supp_001,2025-08-12,595.72
snap_005510,prod_1196,wh_001,2025-09-13,57,2,55,60,183,supp_005,2025-08-18,822.87
snap_005511,prod_5401,wh_003,2025-09-07,169,49,120,48,169,supp_005,2025-08-05,448.44
snap_005512,prod_5282,wh_003,2025-09-01,182,49,133,97,124,supp_004,2025-07-22,684.45
snap_005513,prod_4089,wh_004,2025-09-10,198,37,161,38,190,supp_003,2025-07-27,522.93
snap_005514,prod_8131,wh_002,2025-09-06,130,11,119,78,87,supp_005,2025-08-14,857.72
snap_005515,prod_5067,wh_004,2025-09-02,454,25,429,76,93,supp_001,2025-08-05,136.93
snap_005516,prod_1748,wh_002,2025-08-21,38,35,3,43,62,supp_002,2025-08-23,645.82
snap_005517,prod_1236,wh_004,2025-08-19,177,44,133,60,109,supp_003,2025-08-26,376.43
snap_005518,prod_4648,wh_003,2025-09-03,150,6,144,55,100,supp_005,2025-08-02,402.27
snap_005519,prod_4974,wh_001,2025-09-05,485,19,466,21,124,supp_003,2025-09-05,808.12
snap_005520,prod_9537,wh_003,2025-08-28,365,14,351,51,78,supp_004,2025-08-11,57.94
snap_005521,prod_6104,wh_005,2025-08-17,174,9,165,60,162,supp_004,2025-08-06,113.46
snap_005522,prod_2524,wh_001,2025-09-10,30,30,0,20,193,supp_002,2025-08-18,128.4
snap_005523,prod_9640,wh_001,2025-08-31,421,25,396,72,164,supp_004,2025-09-04,96.91
snap_005524,prod_6437,wh_005,2025-09-13,174,41,133,30,113,supp_005,2025-08-03,789.21
snap_005525,prod_4892,wh_002,2025-09-02,99,40,59,47,139,supp_001,2025-07-21,643.25
snap_005526,prod_8043,wh_001,2025-09-07,484,37,447,13,181,supp_003,2025-08-25,507.64
snap_005527,prod_5739,wh_002,2025-08-27,71,7,64,84,67,supp_003,2025-07-30,367.86
snap_005528,prod_6472,wh_005,2025-08-21,476,9,467,34,157,supp_004,2025-08-24,201.89
snap_005529,prod_9286,wh_005,2025-08-24,116,24,92,100,139,supp_001,2025-08-08,77.32
snap_005530,prod_9106,wh_005,2025-08-20,500,13,487,60,197,supp_003,2025-09-12,13.17
snap_005531,prod_9117,wh_003,2025-08-22,167,0,167,95,72,supp_005,2025-08-27,961.3
snap_005532,prod_6077,wh_004,2025-08-22,428,6,422,60,134,supp_001,2025-08-12,994.2
snap_005533,prod_8821,wh_001,2025-08-25,140,5,135,43,103,supp_001,2025-09-06,191.71
snap_005534,prod_7434,wh_002,2025-08-26,154,48,106,26,87,supp_005,2025-07-19,758.96
snap_005535,prod_1049,wh_002,2025-09-12,418,1,417,87,188,supp_002,2025-08-26,442.96
snap_005536,prod_2275,wh_003,2025-08-26,141,13,128,59,122,supp_002,2025-09-13,534.93
snap_005537,prod_9022,wh_002,2025-09-03,220,32,188,65,129,supp_002,2025-07-20,945.52
snap_005538,prod_3628,wh_004,2025-08-28,216,29,187,31,84,supp_003,2025-07-24,769.98
snap_005539,prod_4520,wh_004,2025-09-10,283,17,266,13,140,supp_004,2025-08-09,707.86
snap_005540,prod_7036,wh_003,2025-09-01,474,41,433,23,92,supp_001,2025-08-30,197.71
snap_005541,prod_3701,wh_005,2025-08-31,146,30,116,92,153,supp_003,2025-08-09,842.69
snap_005542,prod_1843,wh_004,2025-08-17,207,44,163,35,142,supp_001,2025-08-17,997.31
snap_005543,prod_6954,wh_004,2025-08-22,173,36,137,18,161,supp_003,2025-08-27,313.62
snap_005544,prod_2293,wh_003,2025-09-07,56,43,13,63,159,supp_001,2025-09-15,494.6
snap_005545,prod_2456,wh_003,2025-09-13,28,39,0,67,138,supp_004,2025-08-13,762.47
snap_005546,prod_6300,wh_001,2025-08-19,163,18,145,66,82,supp_002,2025-09-08,918.23
snap_005547,prod_6754,wh_005,2025-09-05,92,46,46,13,195,supp_002,2025-07-21,303.36
snap_005548,prod_8604,wh_002,2025-08-19,36,6,30,29,136,supp_001,2025-09-01,212.6
snap_005549,prod_4255,wh_004,2025-09-14,163,6,157,43,53,supp_004,2025-08-27,986.65
snap_005550,prod_8884,wh_002,2025-08-22,31,2,29,61,155,supp_002,2025-08-12,388.47
snap_005551,prod_2696,wh_001,2025-09-15,391,39,352,85,178,supp_004,2025-07-20,565.43
snap_005552,prod_1131,wh_005,2025-08-28,176,17,159,94,66,supp_003,2025-08-22,233.81
snap_005553,prod_8091,wh_002,2025-09-08,23,14,9,85,173,supp_005,2025-07-29,904.12
snap_005554,prod_9823,wh_003,2025-08-30,81,33,48,24,80,supp_003,2025-09-07,804.16
snap_005555,prod_6302,wh_002,2025-08-22,214,15,199,20,175,supp_002,2025-08-15,163.7
snap_005556,prod_8740,wh_004,2025-09-10,183,27,156,100,85,supp_002,2025-08-12,136.93
snap_005557,prod_4663,wh_001,2025-08-31,300,15,285,55,83,supp_001,2025-09-09,102.11
snap_005558,prod_9134,wh_001,2025-08-25,368,41,327,26,56,supp_004,2025-08-26,162.14
snap_005559,prod_2909,wh_003,2025-09-10,307,41,266,30,181,supp_003,2025-08-17,761.26
snap_005560,prod_1208,wh_004,2025-08-20,83,5,78,41,180,supp_004,2025-07-21,717.48
snap_005561,prod_1971,wh_002,2025-09-11,313,29,284,85,97,supp_001,2025-09-08,287.19
snap_005562,prod_6846,wh_001,2025-08-26,55,49,6,40,132,supp_003,2025-08-19,507.26
snap_005563,prod_9850,wh_002,2025-09-08,258,13,245,86,140,supp_003,2025-08-24,213.46
snap_005564,prod_6657,wh_003,2025-08-27,468,23,445,87,62,supp_003,2025-08-13,165.81
snap_005565,prod_6196,wh_001,2025-08-21,272,13,259,99,86,supp_005,2025-09-15,970.59
snap_005566,prod_1602,wh_004,2025-09-05,203,38,165,95,67,supp_002,2025-08-10,194.09
snap_005567,prod_5639,wh_001,2025-08-18,355,40,315,36,128,supp_001,2025-08-29,712.17
snap_005568,prod_1336,wh_003,2025-08-24,454,27,427,74,74,supp_004,2025-07-19,839.95
snap_005569,prod_6373,wh_005,2025-09-10,148,37,111,98,157,supp_003,2025-09-10,721.57
snap_005570,prod_6031,wh_001,2025-08-22,289,0,289,32,161,supp_005,2025-09-12,32.75
snap_005571,prod_6512,wh_004,2025-08-29,48,15,33,24,97,supp_001,2025-08-12,684.87
snap_005572,prod_1731,wh_004,2025-09-13,153,38,115,82,50,supp_005,2025-09-09,175.83
snap_005573,prod_3099,wh_002,2025-09-07,147,13,134,16,131,supp_001,2025-07-25,834.39
snap_005574,prod_1576,wh_004,2025-08-31,0,36,0,33,85,supp_002,2025-07-20,352.86
snap_005575,prod_6368,wh_003,2025-08-31,459,25,434,15,116,supp_003,2025-08-14,871.73
snap_005576,prod_6461,wh_003,2025-09-11,77,12,65,99,184,supp_002,2025-08-30,739.08
snap_005577,prod_2025,wh_002,2025-08-29,72,21,51,77,184,supp_002,2025-08-23,669.64
snap_005578,prod_2822,wh_005,2025-09-05,146,5,141,30,70,supp_003,2025-08-27,905.84
snap_005579,prod_2395,wh_003,2025-08-21,87,11,76,41,157,supp_001,2025-09-13,656.69
snap_005580,prod_4211,wh_005,2025-08-20,60,49,11,34,88,supp_005,2025-08-22,814.58
snap_005581,prod_1846,wh_003,2025-09-12,3,37,0,41,146,supp_003,2025-09-08,561.14
snap_005582,prod_6479,wh_001,2025-08-28,262,6,256,11,98,supp_002,2025-09-03,179.3
snap_005583,prod_1944,wh_003,2025-08-24,280,0,280,77,87,supp_005,2025-08-15,924.01
snap_005584,prod_7863,wh_001,2025-09-08,92,37,55,32,96,supp_005,2025-08-04,328.97
snap_005585,prod_9279,wh_001,2025-08-31,459,3,456,92,174,supp_004,2025-08-04,489.58
snap_005586,prod_3970,wh_002,2025-08-20,23,9,14,23,155,supp_001,2025-08-19,734.28
snap_005587,prod_6200,wh_001,2025-08-28,280,13,267,52,157,supp_004,2025-09-02,998.06
snap_005588,prod_8772,wh_004,2025-09-06,433,46,387,32,168,supp_002,2025-08-25,599.12
snap_005589,prod_6296,wh_005,2025-09-07,61,35,26,62,162,supp_005,2025-08-19,113.43
snap_005590,prod_2011,wh_005,2025-08-23,282,26,256,58,189,supp_001,2025-08-07,355.11
snap_005591,prod_8250,wh_004,2025-09-11,472,20,452,72,141,supp_003,2025-09-13,227.5
snap_005592,prod_9345,wh_001,2025-08-17,199,31,168,92,52,supp_002,2025-08-05,699.43
snap_005593,prod_1411,wh_002,2025-08-25,196,47,149,42,123,supp_003,2025-07-25,593.13
snap_005594,prod_7730,wh_005,2025-08-18,90,15,75,43,111,supp_003,2025-07-19,923.65
snap_005595,prod_8030,wh_004,2025-08-24,314,23,291,12,130,supp_005,2025-08-03,284.93
snap_005596,prod_3757,wh_005,2025-08-25,65,17,48,36,169,supp_001,2025-07-18,280.98
snap_005597,prod_9493,wh_005,2025-08-28,474,20,454,48,81,supp_002,2025-08-26,27.89
snap_005598,prod_4246,wh_001,2025-09-09,182,21,161,26,173,supp_004,2025-07-28,501.04
snap_005599,prod_8391,wh_002,2025-08-19,416,34,382,45,119,supp_005,2025-08-27,57.23
snap_005600,prod_2879,wh_003,2025-09-11,437,16,421,100,114,supp_002,2025-08-09,349.99
snap_005601,prod_2422,wh_003,2025-08-27,122,48,74,68,50,supp_003,2025-08-03,645.78
snap_005602,prod_1830,wh_003,2025-09-05,202,30,172,98,152,supp_001,2025-07-24,155.6
snap_005603,prod_2678,wh_005,2025-08-21,402,16,386,20,131,supp_001,2025-08-12,719.92
snap_005604,prod_5653,wh_002,2025-09-06,124,20,104,46,181,supp_004,2025-08-28,316.38
snap_005605,prod_6032,wh_005,2025-08-24,461,2,459,72,142,supp_003,2025-09-14,622.67
snap_005606,prod_6061,wh_005,2025-09-08,282,12,270,40,162,supp_005,2025-09-13,335.7
snap_005607,prod_1309,wh_001,2025-09-13,193,1,192,70,200,supp_002,2025-08-31,776.88
snap_005608,prod_5117,wh_002,2025-09-15,220,35,185,65,93,supp_005,2025-08-10,983.46
snap_005609,prod_2976,wh_004,2025-08-21,134,16,118,59,101,supp_005,2025-07-27,500.43
snap_005610,prod_2058,wh_002,2025-09-05,343,29,314,73,85,supp_004,2025-08-30,101.5
snap_005611,prod_2478,wh_001,2025-08-18,316,46,270,93,113,supp_002,2025-07-29,963.8
snap_005612,prod_3919,wh_002,2025-08-20,187,37,150,57,94,supp_005,2025-07-23,958.53
snap_005613,prod_6695,wh_005,2025-08-20,212,8,204,84,187,supp_003,2025-08-10,320.71
snap_005614,prod_4119,wh_003,2025-08-22,244,24,220,93,130,supp_005,2025-08-29,251.3
snap_005615,prod_8271,wh_004,2025-08-17,66,8,58,38,109,supp_001,2025-08-31,343.78
snap_005616,prod_6271,wh_004,2025-09-11,270,43,227,41,97,supp_001,2025-08-23,456.06
snap_005617,prod_4224,wh_002,2025-08-22,467,36,431,29,84,supp_003,2025-08-23,387.2
snap_005618,prod_7046,wh_001,2025-09-01,473,30,443,99,184,supp_004,2025-09-08,951.79
snap_005619,prod_4832,wh_001,2025-08-30,65,32,33,30,121,supp_003,2025-09-04,867.54
snap_005620,prod_9755,wh_002,2025-08-30,57,25,32,18,178,supp_005,2025-08-17,543.84
snap_005621,prod_3149,wh_001,2025-09-10,231,7,224,24,58,supp_004,2025-07-27,870.37
snap_005622,prod_3628,wh_001,2025-08-18,167,32,135,20,154,supp_003,2025-07-28,399.9
snap_005623,prod_3688,wh_004,2025-09-01,394,38,356,31,113,supp_005,2025-08-25,503.95
snap_005624,prod_4589,wh_003,2025-09-04,134,23,111,23,197,supp_004,2025-07-19,412.01
snap_005625,prod_9876,wh_003,2025-08-20,68,32,36,23,104,supp_001,2025-08-13,11.65
snap_005626,prod_2225,wh_001,2025-08-31,115,40,75,70,139,supp_003,2025-08-22,400.14
snap_005627,prod_7561,wh_002,2025-09-13,396,21,375,96,114,supp_004,2025-08-04,202.59
snap_005628,prod_4549,wh_003,2025-09-04,45,21,24,91,110,supp_003,2025-08-12,131.69
snap_005629,prod_9578,wh_002,2025-08-21,42,8,34,62,137,supp_001,2025-08-14,435.52
snap_005630,prod_1956,wh_005,2025-09-11,258,22,236,31,59,supp_005,2025-07-29,17.37
snap_005631,prod_3292,wh_003,2025-08-22,333,1,332,59,162,supp_004,2025-09-07,104.96
snap_005632,prod_5185,wh_001,2025-08-20,291,38,253,34,78,supp_001,2025-08-25,287.37
snap_005633,prod_8571,wh_001,2025-09-03,417,8,409,63,62,supp_001,2025-08-04,685.83
snap_005634,prod_9084,wh_004,2025-08-21,11,37,0,13,73,supp_001,2025-09-10,248.08
snap_005635,prod_4555,wh_004,2025-09-03,407,14,393,30,67,supp_001,2025-09-07,116.57
snap_005636,prod_6704,wh_005,2025-09-03,11,49,0,40,61,supp_001,2025-07-30,746.27
snap_005637,prod_4671,wh_002,2025-09-07,348,30,318,50,150,supp_004,2025-08-01,588.09
snap_005638,prod_1042,wh_001,2025-09-04,361,35,326,59,130,supp_002,2025-08-24,217.56
snap_005639,prod_2177,wh_004,2025-09-02,484,43,441,94,113,supp_003,2025-08-19,303.29
snap_005640,prod_3769,wh_002,2025-09-13,32,26,6,47,158,supp_005,2025-08-06,780.4
snap_005641,prod_9832,wh_003,2025-09-07,161,42,119,12,118,supp_004,2025-09-08,92.3
snap_005642,prod_9753,wh_002,2025-09-01,234,19,215,70,147,supp_002,2025-08-12,403.04
snap_005643,prod_9640,wh_004,2025-08-21,286,25,261,23,82,supp_004,2025-09-07,230.39
snap_005644,prod_9052,wh_005,2025-09-10,459,5,454,50,185,supp_004,2025-09-05,626.97
snap_005645,prod_8807,wh_002,2025-08-31,363,30,333,74,195,supp_002,2025-08-06,402.7
snap_005646,prod_6639,wh_004,2025-09-13,130,42,88,24,191,supp_005,2025-07-23,131.43
snap_005647,prod_9844,wh_001,2025-09-01,465,44,421,33,146,supp_001,2025-09-07,645.39
snap_005648,prod_8955,wh_005,2025-08-27,477,19,458,17,150,supp_003,2025-08-09,271.25
snap_005649,prod_3929,wh_003,2025-09-14,113,15,98,43,115,supp_003,2025-08-11,634.41
snap_005650,prod_1422,wh_002,2025-08-30,43,4,39,38,64,supp_003,2025-07-30,617.13
snap_005651,prod_4625,wh_001,2025-08-29,227,48,179,64,187,supp_005,2025-08-12,426.36
snap_005652,prod_5699,wh_004,2025-09-09,314,46,268,27,196,supp_004,2025-09-09,371.12
snap_005653,prod_8519,wh_004,2025-08-21,155,6,149,94,173,supp_003,2025-09-02,833.25
snap_005654,prod_4176,wh_003,2025-09-13,292,19,273,29,99,supp_004,2025-09-08,486.4
snap_005655,prod_1179,wh_003,2025-09-10,417,46,371,99,116,supp_001,2025-07-28,892.12
snap_005656,prod_1131,wh_003,2025-09-09,333,45,288,34,159,supp_003,2025-09-10,764.58
snap_005657,prod_1750,wh_003,2025-08-31,62,17,45,95,131,supp_005,2025-08-29,361.58
snap_005658,prod_9386,wh_001,2025-09-11,483,14,469,27,97,supp_005,2025-09-12,367.46
snap_005659,prod_4978,wh_005,2025-08-23,20,4,16,56,131,supp_004,2025-08-24,200.39
snap_005660,prod_6309,wh_001,2025-08-18,195,17,178,44,161,supp_001,2025-08-06,617.82
snap_005661,prod_6097,wh_001,2025-09-13,246,5,241,32,134,supp_005,2025-08-20,982.69
snap_005662,prod_5965,wh_003,2025-08-30,308,28,280,83,196,supp_004,2025-09-15,667.15
snap_005663,prod_2263,wh_002,2025-09-03,131,10,121,22,107,supp_005,2025-09-11,96.85
snap_005664,prod_9818,wh_002,2025-08-30,152,17,135,51,51,supp_001,2025-09-04,356.28
snap_005665,prod_3408,wh_003,2025-08-17,346,50,296,57,187,supp_003,2025-08-05,113.05
snap_005666,prod_1130,wh_004,2025-09-01,376,15,361,26,171,supp_004,2025-08-03,565.88
snap_005667,prod_2701,wh_003,2025-09-11,227,28,199,91,105,supp_002,2025-07-21,731.36
snap_005668,prod_8599,wh_004,2025-08-22,79,22,57,66,184,supp_003,2025-08-23,10.14
snap_005669,prod_8325,wh_003,2025-09-10,204,48,156,33,170,supp_001,2025-08-30,481.64
snap_005670,prod_3176,wh_003,2025-08-30,114,45,69,54,96,supp_001,2025-08-24,470.67
snap_005671,prod_6086,wh_002,2025-09-05,6,40,0,82,166,supp_003,2025-08-26,903.59
snap_005672,prod_7558,wh_002,2025-08-17,453,16,437,94,152,supp_004,2025-08-20,541.5
snap_005673,prod_9398,wh_001,2025-08-24,353,44,309,49,178,supp_005,2025-08-28,849.96
snap_005674,prod_5674,wh_001,2025-09-11,107,43,64,90,113,supp_005,2025-09-14,315.74
snap_005675,prod_4128,wh_004,2025-08-20,83,7,76,79,131,supp_002,2025-08-24,548.84
snap_005676,prod_1954,wh_004,2025-08-24,351,6,345,44,106,supp_002,2025-07-24,679.15
snap_005677,prod_2717,wh_001,2025-08-19,320,16,304,80,192,supp_001,2025-09-10,590.33
snap_005678,prod_5787,wh_002,2025-09-02,391,45,346,65,94,supp_003,2025-08-24,405.28
snap_005679,prod_1417,wh_002,2025-09-09,274,47,227,36,88,supp_002,2025-08-09,927.58
snap_005680,prod_9346,wh_004,2025-08-23,306,26,280,66,141,supp_001,2025-08-28,590.35
snap_005681,prod_4419,wh_004,2025-08-19,123,10,113,63,66,supp_003,2025-07-23,645.15
snap_005682,prod_1578,wh_005,2025-08-27,77,21,56,46,188,supp_003,2025-08-08,124.33
snap_005683,prod_4815,wh_002,2025-08-29,417,36,381,29,135,supp_002,2025-07-29,836.78
snap_005684,prod_8281,wh_001,2025-09-06,230,11,219,40,155,supp_001,2025-09-15,612.21
snap_005685,prod_6212,wh_001,2025-09-09,414,17,397,20,179,supp_005,2025-09-08,563.08
snap_005686,prod_1536,wh_005,2025-09-03,20,44,0,35,195,supp_001,2025-08-26,763.54
snap_005687,prod_4954,wh_002,2025-09-14,51,20,31,15,153,supp_004,2025-08-17,218.67
snap_005688,prod_4496,wh_003,2025-09-13,176,47,129,29,146,supp_004,2025-09-09,180.55
snap_005689,prod_7228,wh_004,2025-08-25,355,46,309,28,123,supp_003,2025-07-23,122.4
snap_005690,prod_3679,wh_002,2025-08-28,165,2,163,22,81,supp_002,2025-09-13,205.69
snap_005691,prod_9504,wh_002,2025-08-25,286,47,239,36,148,supp_003,2025-08-30,635.93
snap_005692,prod_3868,wh_002,2025-08-18,394,1,393,14,186,supp_005,2025-07-20,223.7
snap_005693,prod_3913,wh_003,2025-09-13,10,11,0,97,90,supp_001,2025-08-21,516.22
snap_005694,prod_2837,wh_005,2025-09-06,292,12,280,36,154,supp_004,2025-08-28,456.74
snap_005695,prod_7646,wh_001,2025-09-02,345,48,297,65,166,supp_001,2025-08-03,914.87
snap_005696,prod_2293,wh_005,2025-08-23,72,47,25,23,55,supp_004,2025-07-31,426.41
snap_005697,prod_8549,wh_004,2025-09-06,349,4,345,35,183,supp_005,2025-08-06,915.52
snap_005698,prod_7803,wh_004,2025-09-11,97,39,58,26,52,supp_003,2025-07-18,811.39
snap_005699,prod_8273,wh_003,2025-08-29,493,38,455,27,57,supp_005,2025-09-01,22.46
snap_005700,prod_8496,wh_005,2025-09-09,112,19,93,68,95,supp_005,2025-09-15,436.7
snap_005701,prod_4815,wh_002,2025-09-02,306,49,257,94,191,supp_002,2025-08-26,814.93
snap_005702,prod_1187,wh_004,2025-09-02,364,13,351,88,71,supp_004,2025-07-25,37.64
snap_005703,prod_9175,wh_002,2025-08-23,168,17,151,20,108,supp_001,2025-09-08,418.76
snap_005704,prod_6913,wh_005,2025-08-17,404,15,389,65,90,supp_001,2025-08-02,867.34
snap_005705,prod_3382,wh_004,2025-09-15,313,41,272,22,197,supp_005,2025-08-07,187.69
snap_005706,prod_2216,wh_002,2025-09-02,217,19,198,54,104,supp_005,2025-08-19,502.89
snap_005707,prod_5524,wh_003,2025-08-29,318,18,300,46,199,supp_002,2025-08-10,439.84
snap_005708,prod_7205,wh_001,2025-09-15,290,18,272,46,148,supp_002,2025-09-11,257.3
snap_005709,prod_9038,wh_005,2025-09-14,219,37,182,28,111,supp_004,2025-08-05,902.91
snap_005710,prod_7222,wh_004,2025-09-05,341,3,338,46,88,supp_002,2025-08-11,236.87
snap_005711,prod_7989,wh_003,2025-08-26,75,44,31,29,77,supp_005,2025-08-03,185.52
snap_005712,prod_3807,wh_001,2025-09-06,144,2,142,28,182,supp_005,2025-08-29,261.59
snap_005713,prod_6772,wh_005,2025-08-25,125,5,120,55,135,supp_001,2025-09-14,48.94
snap_005714,prod_2853,wh_004,2025-09-11,346,40,306,73,186,supp_003,2025-08-15,768.43
snap_005715,prod_1128,wh_004,2025-08-17,262,41,221,36,68,supp_003,2025-08-12,50.44
snap_005716,prod_7225,wh_003,2025-08-24,138,25,113,12,52,supp_003,2025-08-28,811.17
snap_005717,prod_5548,wh_002,2025-08-23,186,48,138,80,96,supp_001,2025-08-08,345.84
snap_005718,prod_5269,wh_005,2025-08-30,456,4,452,28,55,supp_001,2025-07-22,646.44
snap_005719,prod_5255,wh_003,2025-08-31,471,12,459,91,119,supp_002,2025-07-20,582.06
snap_005720,prod_5297,wh_005,2025-08-28,438,38,400,84,165,supp_004,2025-08-27,18.24
snap_005721,prod_4355,wh_002,2025-08-21,118,37,81,61,61,supp_005,2025-08-23,317.22
snap_005722,prod_2384,wh_001,2025-09-02,289,42,247,42,90,supp_005,2025-08-29,898.53
snap_005723,prod_4038,wh_005,2025-09-11,433,34,399,48,65,supp_004,2025-07-30,904.75
snap_005724,prod_8068,wh_005,2025-08-25,113,12,101,73,50,supp_002,2025-09-12,769.26
snap_005725,prod_2358,wh_005,2025-08-19,301,5,296,83,73,supp_004,2025-07-23,29.57
snap_005726,prod_9096,wh_003,2025-09-10,79,46,33,25,51,supp_002,2025-08-09,869.29
snap_005727,prod_1843,wh_005,2025-09-05,253,30,223,36,160,supp_002,2025-08-20,194.6
snap_005728,prod_6664,wh_001,2025-09-11,87,31,56,97,147,supp_001,2025-08-01,164.97
snap_005729,prod_7182,wh_004,2025-08-20,353,36,317,72,96,supp_005,2025-07-28,576.31
snap_005730,prod_2493,wh_002,2025-08-27,320,13,307,42,148,supp_005,2025-07-28,709.69
snap_005731,prod_3865,wh_005,2025-09-01,304,42,262,62,157,supp_002,2025-08-11,200.44
snap_005732,prod_1543,wh_005,2025-08-17,23,23,0,39,66,supp_003,2025-07-19,835.56
snap_005733,prod_5656,wh_002,2025-08-20,462,39,423,39,88,supp_001,2025-09-08,982.43
snap_005734,prod_8052,wh_001,2025-09-05,18,48,0,78,84,supp_004,2025-09-11,57.04
snap_005735,prod_3154,wh_004,2025-09-11,180,42,138,60,101,supp_005,2025-08-24,303.93
snap_005736,prod_1028,wh_004,2025-09-10,89,11,78,71,109,supp_004,2025-09-03,192.81
snap_005737,prod_1711,wh_003,2025-09-12,32,47,0,14,163,supp_005,2025-08-01,926.44
snap_005738,prod_6794,wh_001,2025-08-19,238,9,229,10,85,supp_002,2025-09-04,709.02
snap_005739,prod_4071,wh_002,2025-08-30,163,17,146,50,169,supp_003,2025-08-05,356.07
snap_005740,prod_2839,wh_004,2025-09-05,287,6,281,88,146,supp_005,2025-08-19,988.97
snap_005741,prod_5984,wh_002,2025-09-14,104,16,88,76,109,supp_001,2025-07-23,637.06
snap_005742,prod_4245,wh_005,2025-08-24,84,8,76,83,77,supp_005,2025-09-13,460.16
snap_005743,prod_6600,wh_001,2025-09-15,4,15,0,25,101,supp_003,2025-09-15,98.13
snap_005744,prod_6380,wh_004,2025-09-08,248,18,230,37,118,supp_002,2025-09-10,224.88
snap_005745,prod_7505,wh_002,2025-09-11,356,45,311,10,163,supp_004,2025-08-11,870.1
snap_005746,prod_3079,wh_002,2025-09-04,444,48,396,14,76,supp_003,2025-08-13,568.65
snap_005747,prod_7323,wh_004,2025-09-03,48,36,12,74,92,supp_002,2025-08-09,625.71
snap_005748,prod_8734,wh_001,2025-08-17,268,28,240,91,195,supp_005,2025-09-08,205.12
snap_005749,prod_8901,wh_005,2025-08-18,359,48,311,63,101,supp_004,2025-08-27,351.04
snap_005750,prod_1307,wh_004,2025-09-13,265,23,242,12,152,supp_002,2025-08-25,885.71
snap_005751,prod_7410,wh_004,2025-08-17,43,33,10,13,194,supp_002,2025-07-30,22.2
snap_005752,prod_8496,wh_002,2025-08-21,216,2,214,21,94,supp_001,2025-09-10,772.47
snap_005753,prod_3414,wh_002,2025-09-05,133,43,90,73,182,supp_003,2025-08-22,892.03
snap_005754,prod_2526,wh_005,2025-09-12,207,25,182,68,115,supp_003,2025-08-18,167.53
snap_005755,prod_3136,wh_003,2025-08-28,385,35,350,35,187,supp_001,2025-08-12,228.2
snap_005756,prod_1781,wh_004,2025-08-24,387,45,342,58,149,supp_003,2025-08-12,632.39
snap_005757,prod_5323,wh_004,2025-09-13,373,39,334,100,138,supp_002,2025-07-29,91.51
snap_005758,prod_8991,wh_002,2025-08-19,282,25,257,80,121,supp_003,2025-08-15,711.18
snap_005759,prod_4873,wh_003,2025-09-13,65,39,26,35,195,supp_005,2025-07-29,376.04
snap_005760,prod_8656,wh_003,2025-08-17,31,24,7,62,77,supp_004,2025-08-17,328.13
snap_005761,prod_6628,wh_002,2025-08-26,298,34,264,21,139,supp_005,2025-07-18,961.24
snap_005762,prod_3753,wh_004,2025-09-10,499,13,486,26,149,supp_002,2025-08-13,406.59
snap_005763,prod_9594,wh_003,2025-09-11,82,15,67,75,191,supp_004,2025-08-16,897.51
snap_005764,prod_2953,wh_005,2025-09-10,53,7,46,17,195,supp_003,2025-07-24,955.28
snap_005765,prod_1899,wh_001,2025-08-19,129,10,119,21,155,supp_005,2025-09-02,20.25
snap_005766,prod_8013,wh_005,2025-09-04,122,46,76,15,98,supp_003,2025-08-26,654.39
snap_005767,prod_9323,wh_002,2025-08-17,399,16,383,55,81,supp_002,2025-09-15,304.2
snap_005768,prod_1449,wh_002,2025-09-07,41,11,30,33,193,supp_005,2025-08-26,232.28
snap_005769,prod_8241,wh_003,2025-09-05,7,36,0,88,58,supp_001,2025-09-11,618.44
snap_005770,prod_2788,wh_005,2025-09-15,201,6,195,14,163,supp_004,2025-08-23,193.3
snap_005771,prod_7062,wh_004,2025-09-10,91,39,52,60,169,supp_003,2025-08-06,817.63
snap_005772,prod_8766,wh_004,2025-09-02,278,4,274,98,182,supp_002,2025-09-07,753.34
snap_005773,prod_8962,wh_001,2025-09-04,32,10,22,72,80,supp_004,2025-08-07,444.47
snap_005774,prod_3407,wh_005,2025-08-27,135,7,128,49,194,supp_004,2025-08-06,266.7
snap_005775,prod_3438,wh_003,2025-09-10,27,27,0,70,100,supp_002,2025-07-24,15.54
snap_005776,prod_1183,wh_001,2025-08-24,436,31,405,34,97,supp_005,2025-07-21,461.62
snap_005777,prod_5657,wh_004,2025-08-31,339,50,289,97,143,supp_002,2025-08-14,334.39
snap_005778,prod_6230,wh_001,2025-09-15,26,31,0,42,192,supp_002,2025-09-08,522.78
snap_005779,prod_4392,wh_002,2025-08-24,65,45,20,80,168,supp_003,2025-08-08,348.81
snap_005780,prod_9352,wh_004,2025-08-20,271,4,267,96,59,supp_003,2025-09-14,217.55
snap_005781,prod_7310,wh_002,2025-08-19,287,45,242,52,138,supp_005,2025-07-29,903.99
snap_005782,prod_3966,wh_003,2025-08-26,35,26,9,32,166,supp_004,2025-08-12,888.03
snap_005783,prod_1221,wh_004,2025-09-07,425,46,379,53,123,supp_003,2025-08-25,692.8
snap_005784,prod_2724,wh_004,2025-09-05,380,36,344,40,76,supp_003,2025-08-09,182.25
snap_005785,prod_9589,wh_003,2025-09-07,472,9,463,54,117,supp_002,2025-08-05,328.52
snap_005786,prod_7726,wh_002,2025-09-05,366,38,328,18,52,supp_002,2025-07-22,964.33
snap_005787,prod_3101,wh_001,2025-08-23,319,35,284,83,84,supp_003,2025-07-18,389.52
snap_005788,prod_5722,wh_002,2025-08-27,302,35,267,47,169,supp_001,2025-09-06,845.64
snap_005789,prod_7887,wh_005,2025-09-10,201,21,180,41,179,supp_005,2025-08-18,889.21
snap_005790,prod_4596,wh_005,2025-09-15,44,46,0,70,136,supp_004,2025-08-19,851.44
snap_005791,prod_8983,wh_002,2025-09-11,41,13,28,93,173,supp_003,2025-08-17,355.63
snap_005792,prod_6554,wh_002,2025-09-03,377,18,359,30,118,supp_003,2025-07-26,254.68
snap_005793,prod_4344,wh_002,2025-08-30,388,25,363,33,93,supp_005,2025-08-12,166.4
snap_005794,prod_8299,wh_002,2025-09-09,444,11,433,27,66,supp_002,2025-08-28,166.4
snap_005795,prod_7126,wh_005,2025-09-11,74,17,57,20,51,supp_005,2025-09-06,413.18
snap_005796,prod_4576,wh_003,2025-08-28,483,30,453,34,71,supp_004,2025-07-26,270.69
snap_005797,prod_3656,wh_003,2025-09-09,279,10,269,65,121,supp_004,2025-08-11,329.66
snap_005798,prod_3569,wh_004,2025-08-30,109,39,70,35,182,supp_005,2025-07-21,882.51
snap_005799,prod_3199,wh_005,2025-08-26,355,2,353,92,193,supp_001,2025-08-31,450.07
snap_005800,prod_6857,wh_005,2025-09-14,450,21,429,30,79,supp_003,2025-08-08,724.97
snap_005801,prod_2395,wh_005,2025-09-02,252,16,236,64,97,supp_001,2025-09-13,448.7
snap_005802,prod_9747,wh_005,2025-08-29,387,50,337,91,66,supp_002,2025-07-31,672.99
snap_005803,prod_9013,wh_001,2025-09-04,429,22,407,27,190,supp_004,2025-08-12,885.85
snap_005804,prod_5992,wh_003,2025-08-26,347,46,301,39,170,supp_001,2025-08-31,631.09
snap_005805,prod_9295,wh_004,2025-09-03,336,39,297,99,187,supp_002,2025-09-02,671.9
snap_005806,prod_9009,wh_005,2025-08-28,78,13,65,84,99,supp_003,2025-08-08,339.97
snap_005807,prod_7616,wh_002,2025-08-28,436,27,409,93,60,supp_003,2025-08-30,59.77
snap_005808,prod_8153,wh_004,2025-09-01,81,23,58,98,143,supp_003,2025-08-17,639.48
snap_005809,prod_5973,wh_004,2025-09-12,258,17,241,20,97,supp_003,2025-08-12,840.12
snap_005810,prod_2997,wh_001,2025-08-26,277,14,263,28,128,supp_001,2025-07-24,138.98
snap_005811,prod_3417,wh_001,2025-08-23,430,22,408,36,91,supp_002,2025-09-01,506.55
snap_005812,prod_3258,wh_004,2025-08-21,434,6,428,86,118,supp_005,2025-09-14,582.96
snap_005813,prod_5387,wh_001,2025-09-07,347,10,337,90,80,supp_002,2025-08-11,691.8
snap_005814,prod_9185,wh_001,2025-09-09,282,29,253,11,77,supp_005,2025-09-14,990.28
snap_005815,prod_3328,wh_005,2025-09-14,157,25,132,97,180,supp_001,2025-08-12,728.42
snap_005816,prod_4200,wh_005,2025-09-06,316,6,310,41,73,supp_002,2025-09-15,883.72
snap_005817,prod_7151,wh_001,2025-09-09,264,9,255,25,122,supp_001,2025-08-09,611.47
snap_005818,prod_5294,wh_005,2025-08-20,224,35,189,69,55,supp_002,2025-09-03,317.26
snap_005819,prod_2187,wh_003,2025-09-07,436,15,421,20,170,supp_005,2025-07-24,771.72
snap_005820,prod_5577,wh_005,2025-09-15,407,16,391,11,125,supp_001,2025-07-18,672.78
snap_005821,prod_3486,wh_002,2025-08-31,267,44,223,72,127,supp_002,2025-07-31,52.49
snap_005822,prod_6136,wh_004,2025-08-17,414,20,394,61,187,supp_001,2025-08-22,557.55
snap_005823,prod_2949,wh_002,2025-08-20,490,32,458,44,55,supp_004,2025-08-22,844.56
snap_005824,prod_9742,wh_004,2025-09-09,466,50,416,65,121,supp_004,2025-08-19,839.39
snap_005825,prod_4401,wh_002,2025-09-09,277,48,229,38,176,supp_005,2025-08-17,645.49
snap_005826,prod_3244,wh_001,2025-09-12,114,7,107,39,137,supp_001,2025-08-11,773.15
snap_005827,prod_1774,wh_005,2025-08-24,182,36,146,61,77,supp_001,2025-08-13,979.92
snap_005828,prod_8498,wh_004,2025-09-02,184,36,148,80,122,supp_005,2025-08-05,778.26
snap_005829,prod_2508,wh_003,2025-09-15,378,7,371,35,71,supp_001,2025-08-03,988.65
snap_005830,prod_8361,wh_001,2025-08-25,350,26,324,79,116,supp_004,2025-07-23,568.87
snap_005831,prod_4377,wh_005,2025-09-04,117,25,92,33,59,supp_004,2025-07-20,21.16
snap_005832,prod_5841,wh_002,2025-09-14,309,26,283,77,165,supp_002,2025-08-24,770.28
snap_005833,prod_3844,wh_002,2025-09-03,43,16,27,67,80,supp_004,2025-08-24,544.56
snap_005834,prod_6935,wh_005,2025-09-01,419,20,399,79,154,supp_003,2025-08-26,161.89
snap_005835,prod_3156,wh_004,2025-08-24,118,17,101,54,125,supp_001,2025-08-12,334.63
snap_005836,prod_3491,wh_004,2025-09-07,264,11,253,85,197,supp_002,2025-08-01,758.91
snap_005837,prod_1334,wh_004,2025-08-27,430,16,414,84,178,supp_002,2025-09-11,489.02
snap_005838,prod_8019,wh_005,2025-09-10,135,19,116,27,176,supp_004,2025-08-16,551.48
snap_005839,prod_4833,wh_004,2025-08-31,151,49,102,19,50,supp_001,2025-08-27,739.26
snap_005840,prod_3510,wh_005,2025-09-07,168,14,154,32,182,supp_004,2025-08-18,711.68
snap_005841,prod_3705,wh_002,2025-08-25,226,4,222,86,125,supp_001,2025-07-28,909.13
snap_005842,prod_9309,wh_003,2025-09-01,75,50,25,19,180,supp_005,2025-08-10,383.84
snap_005843,prod_9820,wh_004,2025-09-06,421,32,389,60,60,supp_003,2025-07-23,635.76
snap_005844,prod_9313,wh_001,2025-08-24,263,32,231,35,176,supp_004,2025-09-14,739.92
snap_005845,prod_7282,wh_005,2025-09-04,104,40,64,21,119,supp_005,2025-07-18,44.92
snap_005846,prod_8516,wh_002,2025-09-14,184,16,168,33,166,supp_005,2025-08-03,566.04
snap_005847,prod_5945,wh_002,2025-09-01,63,22,41,89,141,supp_001,2025-09-04,36.49
snap_005848,prod_6626,wh_001,2025-09-11,487,49,438,30,95,supp_003,2025-09-08,755.27
snap_005849,prod_2960,wh_001,2025-08-30,67,6,61,25,57,supp_001,2025-07-19,128.55
snap_005850,prod_6110,wh_005,2025-09-15,175,1,174,53,56,supp_001,2025-08-28,968.64
snap_005851,prod_4698,wh_004,2025-08-20,71,20,51,81,113,supp_003,2025-08-31,362.83
snap_005852,prod_5292,wh_005,2025-09-13,310,18,292,71,117,supp_002,2025-09-12,976.73
snap_005853,prod_9521,wh_003,2025-08-27,390,26,364,93,152,supp_005,2025-09-02,715.81
snap_005854,prod_3585,wh_004,2025-08-23,344,26,318,98,200,supp_001,2025-08-01,815.75
snap_005855,prod_1186,wh_001,2025-08-28,132,39,93,51,89,supp_005,2025-08-23,322.78
snap_005856,prod_2102,wh_004,2025-08-19,283,32,251,24,68,supp_003,2025-07-19,56.91
snap_005857,prod_2836,wh_004,2025-09-03,478,9,469,33,181,supp_003,2025-08-20,337.6
snap_005858,prod_8089,wh_002,2025-08-17,244,18,226,47,85,supp_004,2025-09-06,983.33
snap_005859,prod_7013,wh_004,2025-09-03,196,24,172,35,141,supp_001,2025-07-19,940.6
snap_005860,prod_5771,wh_002,2025-08-29,212,11,201,31,105,supp_004,2025-08-31,385.94
snap_005861,prod_2190,wh_002,2025-09-07,471,46,425,55,174,supp_004,2025-09-10,158.18
snap_005862,prod_8065,wh_004,2025-08-23,331,22,309,55,151,supp_005,2025-07-29,151.05
snap_005863,prod_2042,wh_003,2025-08-30,234,30,204,19,166,supp_003,2025-08-30,817.74
snap_005864,prod_9754,wh_005,2025-09-05,181,38,143,70,89,supp_004,2025-08-23,517.46
snap_005865,prod_5263,wh_004,2025-09-13,458,18,440,18,136,supp_003,2025-07-28,807.62
snap_005866,prod_7096,wh_001,2025-08-17,368,23,345,88,84,supp_003,2025-09-07,727.7
snap_005867,prod_1957,wh_001,2025-08-30,153,28,125,78,112,supp_004,2025-09-02,689.29
snap_005868,prod_5678,wh_001,2025-08-31,49,10,39,32,110,supp_004,2025-07-24,87.82
snap_005869,prod_3064,wh_003,2025-08-19,488,48,440,55,138,supp_002,2025-09-08,497.78
snap_005870,prod_4627,wh_002,2025-08-27,335,0,335,41,142,supp_002,2025-09-14,485.72
snap_005871,prod_8118,wh_001,2025-08-21,344,6,338,93,104,supp_001,2025-07-25,86.3
snap_005872,prod_7097,wh_005,2025-09-12,124,46,78,78,171,supp_002,2025-07-23,632.59
snap_005873,prod_2689,wh_001,2025-09-02,276,22,254,72,136,supp_001,2025-07-31,291.27
snap_005874,prod_1509,wh_001,2025-08-31,130,13,117,57,82,supp_005,2025-08-19,535.87
snap_005875,prod_5198,wh_002,2025-09-07,413,14,399,27,157,supp_002,2025-09-02,852.82
snap_005876,prod_1415,wh_005,2025-08-30,48,13,35,36,139,supp_001,2025-07-22,934.5
snap_005877,prod_3222,wh_004,2025-09-08,287,48,239,20,160,supp_005,2025-07-22,860.19
snap_005878,prod_4162,wh_002,2025-08-31,347,32,315,79,50,supp_005,2025-09-06,810.3
snap_005879,prod_4990,wh_001,2025-09-09,330,19,311,38,168,supp_002,2025-07-19,824.09
snap_005880,prod_7680,wh_002,2025-08-30,316,5,311,25,131,supp_005,2025-07-26,583.2
snap_005881,prod_1150,wh_001,2025-09-06,403,49,354,63,113,supp_003,2025-07-31,414.91
snap_005882,prod_2559,wh_003,2025-08-23,358,44,314,97,145,supp_003,2025-08-09,403.14
snap_005883,prod_1781,wh_003,2025-08-28,423,38,385,55,137,supp_001,2025-08-06,38.27
snap_005884,prod_9547,wh_003,2025-09-15,117,36,81,76,151,supp_001,2025-09-07,81.1
snap_005885,prod_2174,wh_003,2025-09-10,361,18,343,63,131,supp_001,2025-08-02,531.97
snap_005886,prod_9081,wh_002,2025-08-28,79,7,72,72,179,supp_001,2025-08-01,874.93
snap_005887,prod_8773,wh_001,2025-09-10,45,48,0,52,95,supp_002,2025-07-18,113.76
snap_005888,prod_5978,wh_004,2025-09-07,268,24,244,69,150,supp_001,2025-07-31,313.62
snap_005889,prod_1185,wh_003,2025-08-25,155,9,146,39,140,supp_005,2025-08-17,59.42
snap_005890,prod_1949,wh_001,2025-09-12,391,22,369,70,162,supp_003,2025-08-07,949.54
snap_005891,prod_3072,wh_001,2025-09-01,116,26,90,74,153,supp_002,2025-09-13,896.62
snap_005892,prod_8775,wh_003,2025-08-31,399,30,369,28,121,supp_001,2025-08-14,482.37
snap_005893,prod_9078,wh_005,2025-08-31,453,11,442,61,58,supp_004,2025-08-12,601.37
snap_005894,prod_1738,wh_001,2025-08-23,430,13,417,25,86,supp_001,2025-08-02,16.41
snap_005895,prod_9667,wh_001,2025-08-21,356,33,323,39,175,supp_003,2025-08-11,54.61
snap_005896,prod_7081,wh_004,2025-09-11,98,10,88,26,125,supp_004,2025-08-31,904.41
snap_005897,prod_5814,wh_004,2025-09-14,102,41,61,17,113,supp_005,2025-09-04,383.82
snap_005898,prod_6745,wh_001,2025-08-28,188,50,138,92,163,supp_004,2025-09-03,135.91
snap_005899,prod_7754,wh_004,2025-08-22,336,27,309,51,75,supp_004,2025-08-15,81.82
snap_005900,prod_7868,wh_002,2025-08-19,312,49,263,84,122,supp_001,2025-08-12,982.64
snap_005901,prod_3610,wh_003,2025-08-28,276,37,239,47,67,supp_005,2025-09-01,205.2
snap_005902,prod_6351,wh_001,2025-08-30,79,3,76,43,60,supp_003,2025-07-23,197.56
snap_005903,prod_2527,wh_002,2025-08-19,63,45,18,66,114,supp_004,2025-08-04,667.03
snap_005904,prod_4493,wh_001,2025-08-17,327,50,277,61,50,supp_002,2025-08-01,85.12
snap_005905,prod_4692,wh_003,2025-08-27,290,7,283,39,133,supp_005,2025-08-07,805.26
snap_005906,prod_5648,wh_001,2025-08-26,58,1,57,33,165,supp_004,2025-08-04,185.95
snap_005907,prod_6704,wh_001,2025-09-04,233,43,190,82,97,supp_003,2025-08-31,36.96
snap_005908,prod_9747,wh_004,2025-08-17,286,8,278,79,193,supp_001,2025-07-30,985.26
snap_005909,prod_7530,wh_003,2025-08-24,73,32,41,14,80,supp_004,2025-09-15,903.42
snap_005910,prod_1569,wh_005,2025-08-20,311,6,305,24,94,supp_005,2025-09-03,496.74
snap_005911,prod_5065,wh_005,2025-08-29,439,2,437,77,173,supp_004,2025-09-07,63.41
snap_005912,prod_2077,wh_004,2025-08-20,488,3,485,66,158,supp_003,2025-09-05,971.2
snap_005913,prod_1490,wh_002,2025-09-10,345,17,328,36,71,supp_001,2025-07-21,628.3
snap_005914,prod_9380,wh_002,2025-09-14,392,29,363,100,116,supp_002,2025-08-26,834.28
snap_005915,prod_2401,wh_002,2025-09-06,392,34,358,88,84,supp_003,2025-08-27,879.69
snap_005916,prod_1816,wh_002,2025-08-23,401,40,361,75,56,supp_005,2025-07-21,361.07
snap_005917,prod_5857,wh_002,2025-09-10,280,19,261,20,139,supp_002,2025-09-04,108.95
snap_005918,prod_3642,wh_005,2025-09-10,177,34,143,42,158,supp_002,2025-09-05,332.44
snap_005919,prod_2578,wh_004,2025-09-07,51,2,49,57,74,supp_001,2025-09-04,830.93
snap_005920,prod_7493,wh_005,2025-09-13,149,13,136,28,127,supp_001,2025-08-12,697.93
snap_005921,prod_1506,wh_003,2025-08-30,284,40,244,11,119,supp_005,2025-08-24,78.14
snap_005922,prod_9083,wh_002,2025-09-02,494,2,492,87,169,supp_003,2025-09-01,277.77
snap_005923,prod_7036,wh_005,2025-08-24,264,6,258,64,153,supp_005,2025-09-12,465.12
snap_005924,prod_7447,wh_002,2025-08-19,409,37,372,69,129,supp_003,2025-09-15,932.78
snap_005925,prod_4373,wh_001,2025-08-31,189,14,175,62,73,supp_001,2025-08-24,377.55
snap_005926,prod_4885,wh_004,2025-08-21,426,36,390,48,187,supp_001,2025-09-03,924.31
snap_005927,prod_5874,wh_002,2025-08-31,236,48,188,95,93,supp_003,2025-08-03,189.6
snap_005928,prod_4272,wh_005,2025-08-17,324,32,292,98,108,supp_004,2025-08-19,905.94
snap_005929,prod_7012,wh_001,2025-09-06,371,34,337,83,103,supp_005,2025-09-09,341.91
snap_005930,prod_4164,wh_005,2025-08-20,82,5,77,25,155,supp_002,2025-09-13,204.55
snap_005931,prod_7669,wh_001,2025-09-14,110,35,75,60,180,supp_002,2025-08-13,645.36
snap_005932,prod_6514,wh_003,2025-09-15,324,35,289,82,52,supp_002,2025-08-06,646.62
snap_005933,prod_3234,wh_003,2025-08-22,421,41,380,13,156,supp_002,2025-08-19,351.59
snap_005934,prod_4675,wh_004,2025-08-19,445,13,432,41,199,supp_004,2025-08-14,817.56
snap_005935,prod_8413,wh_002,2025-08-26,471,42,429,78,68,supp_004,2025-08-12,198.29
snap_005936,prod_7359,wh_001,2025-09-02,6,37,0,88,92,supp_004,2025-08-20,338.96
snap_005937,prod_3725,wh_001,2025-09-07,269,12,257,26,81,supp_001,2025-08-31,348.31
snap_005938,prod_3925,wh_002,2025-09-11,455,37,418,61,175,supp_005,2025-09-08,497.43
snap_005939,prod_2701,wh_003,2025-09-07,145,39,106,50,136,supp_001,2025-09-01,742.71
snap_005940,prod_8169,wh_005,2025-09-02,51,18,33,41,56,supp_004,2025-08-01,677.34
snap_005941,prod_4446,wh_002,2025-09-12,400,30,370,63,111,supp_002,2025-08-04,974.1
snap_005942,prod_7685,wh_001,2025-09-11,66,24,42,22,173,supp_003,2025-07-20,968.42
snap_005943,prod_3967,wh_005,2025-08-31,223,10,213,99,57,supp_005,2025-09-08,404.96
snap_005944,prod_7344,wh_004,2025-08-21,14,48,0,60,110,supp_002,2025-07-30,431.52
snap_005945,prod_4452,wh_005,2025-09-03,311,3,308,89,81,supp_004,2025-08-01,544.92
snap_005946,prod_8357,wh_001,2025-08-24,369,3,366,65,102,supp_004,2025-09-02,426.37
snap_005947,prod_1866,wh_005,2025-08-18,58,12,46,94,195,supp_002,2025-08-01,532.07
snap_005948,prod_6948,wh_005,2025-08-18,241,30,211,38,193,supp_002,2025-09-05,197.44
snap_005949,prod_7916,wh_005,2025-09-11,227,46,181,88,150,supp_004,2025-08-18,148.4
snap_005950,prod_5937,wh_004,2025-08-31,412,28,384,42,190,supp_001,2025-09-12,381.69
snap_005951,prod_7513,wh_005,2025-08-17,15,18,0,57,50,supp_005,2025-08-15,155.13
snap_005952,prod_3098,wh_005,2025-08-22,333,8,325,48,99,supp_005,2025-09-05,380.48
snap_005953,prod_6282,wh_004,2025-09-04,107,25,82,17,145,supp_004,2025-08-01,65.75
snap_005954,prod_5112,wh_001,2025-08-26,443,40,403,45,162,supp_004,2025-07-20,943.06
snap_005955,prod_3332,wh_004,2025-09-06,270,50,220,40,153,supp_001,2025-09-15,704.56
snap_005956,prod_7306,wh_002,2025-09-08,475,18,457,75,108,supp_005,2025-07-21,628.5
snap_005957,prod_5832,wh_003,2025-08-30,91,0,91,53,175,supp_001,2025-08-04,513.54
snap_005958,prod_7745,wh_004,2025-09-09,188,45,143,37,120,supp_003,2025-09-14,377.99
snap_005959,prod_1417,wh_002,2025-08-28,404,47,357,74,92,supp_004,2025-07-18,485.68
snap_005960,prod_6244,wh_005,2025-09-11,427,26,401,88,50,supp_005,2025-08-13,368.36
snap_005961,prod_2488,wh_004,2025-09-07,224,10,214,19,50,supp_003,2025-08-31,870.4
snap_005962,prod_9216,wh_002,2025-08-18,449,37,412,25,168,supp_004,2025-07-31,861.93
snap_005963,prod_3808,wh_002,2025-08-20,153,47,106,95,53,supp_002,2025-08-20,658.39
snap_005964,prod_8038,wh_004,2025-09-05,44,47,0,86,144,supp_002,2025-09-02,39.37
snap_005965,prod_3565,wh_002,2025-08-27,381,50,331,33,197,supp_001,2025-08-29,169.22
snap_005966,prod_8510,wh_005,2025-09-05,446,9,437,83,113,supp_003,2025-09-04,692.77
snap_005967,prod_7212,wh_003,2025-09-13,173,4,169,10,86,supp_003,2025-08-04,532.66
snap_005968,prod_9697,wh_003,2025-08-22,144,20,124,48,90,supp_004,2025-08-21,328.39
snap_005969,prod_3346,wh_005,2025-09-09,226,16,210,45,177,supp_004,2025-08-14,273.15
snap_005970,prod_8832,wh_002,2025-08-17,457,1,456,13,122,supp_004,2025-08-24,708.81
snap_005971,prod_2579,wh_003,2025-08-25,487,31,456,67,155,supp_004,2025-09-10,984.56
snap_005972,prod_4313,wh_002,2025-09-12,290,36,254,29,62,supp_003,2025-08-09,566.98
snap_005973,prod_2703,wh_004,2025-09-05,190,4,186,72,104,supp_002,2025-07-24,889.71
snap_005974,prod_3060,wh_003,2025-09-08,25,15,10,78,110,supp_001,2025-08-20,717.46
snap_005975,prod_6964,wh_002,2025-08-18,478,36,442,87,170,supp_004,2025-08-12,250.04
snap_005976,prod_1563,wh_001,2025-08-27,170,40,130,49,141,supp_003,2025-09-04,400.16
snap_005977,prod_8734,wh_001,2025-08-19,376,19,357,27,136,supp_003,2025-08-10,694.21
snap_005978,prod_7247,wh_005,2025-08-31,214,15,199,72,157,supp_002,2025-07-28,675.53
snap_005979,prod_8749,wh_001,2025-09-08,14,8,6,37,62,supp_005,2025-07-20,116.31
snap_005980,prod_1438,wh_001,2025-09-12,28,35,0,32,73,supp_003,2025-08-31,234.32
snap_005981,prod_8762,wh_005,2025-09-07,445,21,424,38,51,supp_001,2025-08-18,509.87
snap_005982,prod_1156,wh_005,2025-08-24,211,24,187,85,160,supp_002,2025-08-28,600.97
snap_005983,prod_7428,wh_001,2025-09-01,441,22,419,24,151,supp_004,2025-09-06,891.4
snap_005984,prod_2970,wh_003,2025-08-19,237,48,189,98,101,supp_002,2025-09-10,59.56
snap_005985,prod_3429,wh_004,2025-08-28,325,45,280,21,120,supp_002,2025-07-31,710.64
snap_005986,prod_9547,wh_003,2025-08-25,280,11,269,46,196,supp_004,2025-08-21,104.87
snap_005987,prod_5035,wh_003,2025-09-06,340,47,293,36,67,supp_002,2025-08-11,321.42
snap_005988,prod_9178,wh_001,2025-09-01,359,27,332,94,129,supp_001,2025-07-29,724.75
snap_005989,prod_2256,wh_005,2025-09-03,136,31,105,73,127,supp_004,2025-08-23,543.66
snap_005990,prod_6891,wh_003,2025-08-31,419,22,397,41,189,supp_003,2025-07-20,230.86
snap_005991,prod_9768,wh_005,2025-09-01,195,21,174,35,64,supp_003,2025-08-14,553.16
snap_005992,prod_6315,wh_001,2025-09-02,29,5,24,50,73,supp_005,2025-08-20,921.68
snap_005993,prod_5903,wh_001,2025-09-08,383,50,333,38,129,supp_004,2025-08-27,983.45
snap_005994,prod_2548,wh_002,2025-09-13,489,26,463,46,112,supp_004,2025-08-04,127.92
snap_005995,prod_7292,wh_004,2025-08-27,429,26,403,15,84,supp_001,2025-09-13,285.31
snap_005996,prod_3453,wh_004,2025-08-18,7,25,0,49,69,supp_001,2025-07-19,257.02
snap_005997,prod_6142,wh_002,2025-08-28,497,20,477,29,77,supp_005,2025-08-17,774.41
snap_005998,prod_9997,wh_005,2025-08-30,451,49,402,87,67,supp_001,2025-08-19,654.14
snap_005999,prod_3921,wh_004,2025-08-22,304,11,293,51,118,supp_005,2025-08-26,622.33
snap_006000,prod_7408,wh_004,2025-09-06,11,22,0,50,59,supp_004,2025-08-03,280.51
snap_006001,prod_4506,wh_001,2025-09-07,448,44,404,82,130,supp_003,2025-09-12,897.36
snap_006002,prod_4822,wh_003,2025-08-17,303,23,280,88,125,supp_001,2025-07-24,50.75
snap_006003,prod_8928,wh_005,2025-08-22,118,7,111,96,122,supp_004,2025-08-22,757.84
snap_006004,prod_8552,wh_003,2025-09-08,295,20,275,51,144,supp_004,2025-08-09,356.29
snap_006005,prod_1084,wh_004,2025-09-11,126,43,83,75,93,supp_001,2025-08-31,229.62
snap_006006,prod_4871,wh_003,2025-08-26,452,8,444,52,132,supp_005,2025-09-12,558.04
snap_006007,prod_8575,wh_005,2025-08-19,351,20,331,94,80,supp_004,2025-08-06,574.84
snap_006008,prod_9542,wh_002,2025-08-31,37,34,3,37,148,supp_001,2025-07-26,885.78
snap_006009,prod_4881,wh_001,2025-09-07,311,44,267,21,65,supp_003,2025-08-23,582.81
snap_006010,prod_9432,wh_001,2025-08-30,414,37,377,10,200,supp_002,2025-09-03,847.35
snap_006011,prod_3132,wh_005,2025-08-18,171,17,154,23,51,supp_004,2025-08-11,768.64
snap_006012,prod_5811,wh_004,2025-09-10,323,34,289,70,111,supp_004,2025-09-08,963.84
snap_006013,prod_5890,wh_005,2025-09-07,489,46,443,73,132,supp_004,2025-07-22,849.76
snap_006014,prod_9181,wh_004,2025-08-25,481,5,476,91,126,supp_002,2025-08-22,565.46
snap_006015,prod_7466,wh_002,2025-08-26,459,39,420,99,141,supp_004,2025-08-19,920.01
snap_006016,prod_7333,wh_005,2025-08-22,212,15,197,60,67,supp_005,2025-09-09,47.5
snap_006017,prod_4711,wh_004,2025-09-01,57,1,56,17,160,supp_002,2025-09-13,637.87
snap_006018,prod_7020,wh_003,2025-08-30,332,42,290,79,70,supp_001,2025-08-24,700.46
snap_006019,prod_8659,wh_001,2025-09-01,468,5,463,49,71,supp_002,2025-08-15,178.53
snap_006020,prod_7686,wh_005,2025-08-30,335,1,334,58,163,supp_002,2025-08-30,744.23
snap_006021,prod_5690,wh_005,2025-09-03,500,33,467,96,102,supp_005,2025-09-14,606.23
snap_006022,prod_4710,wh_005,2025-09-08,383,37,346,95,86,supp_001,2025-08-04,601.35
snap_006023,prod_2704,wh_004,2025-09-15,457,38,419,75,50,supp_001,2025-08-03,111.35
snap_006024,prod_7486,wh_003,2025-08-18,269,15,254,85,174,supp_002,2025-09-13,156.54
snap_006025,prod_7678,wh_004,2025-09-10,126,46,80,49,132,supp_001,2025-07-25,46.36
snap_006026,prod_3294,wh_004,2025-08-21,251,21,230,68,138,supp_002,2025-07-27,661.83
snap_006027,prod_6868,wh_003,2025-08-24,113,39,74,55,178,supp_002,2025-08-03,936.93
snap_006028,prod_8370,wh_005,2025-09-02,429,35,394,58,85,supp_005,2025-08-05,390.48
snap_006029,prod_2818,wh_003,2025-08-25,89,0,89,39,88,supp_001,2025-09-11,106.63
snap_006030,prod_5619,wh_004,2025-09-08,33,28,5,27,68,supp_001,2025-09-05,37.55
snap_006031,prod_6032,wh_005,2025-08-18,321,4,317,88,80,supp_004,2025-08-31,902.82
snap_006032,prod_6172,wh_001,2025-08-29,269,46,223,43,137,supp_002,2025-09-09,306.47
snap_006033,prod_9557,wh_003,2025-08-28,205,44,161,19,170,supp_003,2025-08-23,200.01
snap_006034,prod_8776,wh_003,2025-08-22,185,46,139,100,116,supp_003,2025-08-10,599.65
snap_006035,prod_5430,wh_002,2025-09-14,474,21,453,79,132,supp_004,2025-09-05,378.73
snap_006036,prod_6924,wh_002,2025-08-17,320,37,283,45,103,supp_001,2025-07-23,455.47
snap_006037,prod_3581,wh_003,2025-08-27,10,35,0,29,124,supp_005,2025-08-15,908.42
snap_006038,prod_2515,wh_004,2025-08-20,143,48,95,69,124,supp_003,2025-07-26,487.9
snap_006039,prod_8293,wh_003,2025-09-13,107,49,58,84,54,supp_004,2025-08-20,641.8
snap_006040,prod_4827,wh_003,2025-09-02,56,45,11,13,139,supp_003,2025-08-15,160.58
snap_006041,prod_3303,wh_002,2025-09-09,303,48,255,94,94,supp_004,2025-07-20,606.9
snap_006042,prod_2414,wh_005,2025-08-22,497,41,456,59,88,supp_005,2025-08-20,996.06
snap_006043,prod_5210,wh_004,2025-09-12,394,35,359,11,167,supp_004,2025-09-13,97.37
snap_006044,prod_6420,wh_005,2025-08-26,5,27,0,14,105,supp_003,2025-08-12,893.16
snap_006045,prod_4945,wh_005,2025-09-08,350,41,309,71,190,supp_002,2025-09-10,145.29
snap_006046,prod_5115,wh_005,2025-09-06,358,33,325,67,121,supp_005,2025-07-20,103.75
snap_006047,prod_7191,wh_003,2025-08-19,0,20,0,86,156,supp_005,2025-08-15,411.22
snap_006048,prod_4491,wh_003,2025-08-25,188,43,145,82,55,supp_003,2025-07-20,269.65
snap_006049,prod_1577,wh_001,2025-09-04,230,29,201,68,177,supp_001,2025-09-08,622.1
snap_006050,prod_7687,wh_005,2025-08-25,86,17,69,24,54,supp_003,2025-07-22,956.8
snap_006051,prod_1890,wh_003,2025-09-07,164,40,124,77,73,supp_005,2025-08-29,180.46
snap_006052,prod_7078,wh_001,2025-09-02,418,12,406,100,64,supp_003,2025-08-22,784.82
snap_006053,prod_5741,wh_005,2025-09-10,234,9,225,65,149,supp_003,2025-08-19,463.38
snap_006054,prod_8735,wh_002,2025-09-03,277,15,262,39,141,supp_005,2025-08-31,141.17
snap_006055,prod_7141,wh_005,2025-09-12,368,30,338,80,74,supp_003,2025-07-31,16.18
snap_006056,prod_5840,wh_005,2025-08-31,340,7,333,25,180,supp_004,2025-09-04,261.6
snap_006057,prod_4192,wh_003,2025-08-17,371,24,347,61,198,supp_001,2025-08-16,157.13
snap_006058,prod_2966,wh_001,2025-08-23,315,13,302,40,73,supp_001,2025-08-22,684.35
snap_006059,prod_7277,wh_005,2025-08-28,383,19,364,44,130,supp_004,2025-08-06,920.47
snap_006060,prod_3490,wh_005,2025-08-18,108,36,72,32,56,supp_002,2025-08-16,610.54
snap_006061,prod_4023,wh_005,2025-08-24,216,4,212,43,67,supp_004,2025-09-05,333.1
snap_006062,prod_7125,wh_005,2025-08-21,415,44,371,49,67,supp_004,2025-08-19,58.07
snap_006063,prod_2630,wh_001,2025-09-10,33,1,32,87,187,supp_004,2025-08-09,586.04
snap_006064,prod_3789,wh_001,2025-08-26,449,5,444,47,189,supp_003,2025-09-04,594.59
snap_006065,prod_9265,wh_004,2025-09-14,443,7,436,52,132,supp_001,2025-09-09,444.88
snap_006066,prod_8603,wh_003,2025-09-11,262,8,254,86,195,supp_004,2025-09-15,807.51
snap_006067,prod_4103,wh_002,2025-09-10,93,45,48,16,52,supp_001,2025-07-25,460.34
snap_006068,prod_3976,wh_004,2025-09-02,66,46,20,67,84,supp_002,2025-07-27,148.33
snap_006069,prod_9248,wh_005,2025-08-19,139,6,133,47,97,supp_001,2025-08-21,969.62
snap_006070,prod_2033,wh_002,2025-09-07,192,5,187,86,69,supp_005,2025-09-10,262.36
snap_006071,prod_5465,wh_002,2025-09-04,12,15,0,22,93,supp_005,2025-08-28,933.97
snap_006072,prod_7601,wh_004,2025-09-04,443,18,425,45,77,supp_001,2025-07-28,816.6
snap_006073,prod_6611,wh_003,2025-08-20,186,25,161,97,171,supp_002,2025-09-05,443.33
snap_006074,prod_1197,wh_002,2025-09-07,34,25,9,94,107,supp_001,2025-09-12,740.88
snap_006075,prod_1397,wh_003,2025-08-22,140,40,100,95,116,supp_001,2025-08-10,324.54
snap_006076,prod_4551,wh_001,2025-08-18,40,9,31,41,108,supp_001,2025-07-24,303.09
snap_006077,prod_1629,wh_002,2025-09-13,31,2,29,81,122,supp_005,2025-08-20,122.75
snap_006078,prod_1036,wh_001,2025-08-26,213,42,171,27,92,supp_001,2025-08-13,133.54
snap_006079,prod_7637,wh_003,2025-08-20,66,48,18,39,101,supp_005,2025-09-06,722.65
snap_006080,prod_9418,wh_001,2025-08-19,302,7,295,48,149,supp_005,2025-08-30,10.99
snap_006081,prod_1071,wh_002,2025-09-01,124,34,90,47,183,supp_003,2025-08-07,617.32
snap_006082,prod_9999,wh_002,2025-09-11,40,37,3,46,52,supp_001,2025-08-21,55.58
snap_006083,prod_1281,wh_004,2025-09-01,329,5,324,92,115,supp_003,2025-07-20,769.72
snap_006084,prod_6584,wh_001,2025-08-25,282,30,252,74,166,supp_004,2025-08-08,443.08
snap_006085,prod_7526,wh_005,2025-08-23,291,26,265,32,199,supp_001,2025-08-21,765.66
snap_006086,prod_2833,wh_001,2025-09-03,41,32,9,27,151,supp_003,2025-07-29,471.31
snap_006087,prod_9452,wh_004,2025-09-12,160,48,112,82,117,supp_005,2025-08-30,871.47
snap_006088,prod_1349,wh_004,2025-08-20,422,11,411,13,98,supp_003,2025-07-24,394.38
snap_006089,prod_8772,wh_002,2025-08-20,325,35,290,87,170,supp_001,2025-08-03,471.36
snap_006090,prod_1715,wh_005,2025-08-18,316,36,280,46,74,supp_001,2025-08-09,5.77
snap_006091,prod_2162,wh_004,2025-08-31,348,33,315,20,78,supp_005,2025-08-03,256.01
snap_006092,prod_4873,wh_004,2025-08-31,421,40,381,41,158,supp_001,2025-08-15,868.1
snap_006093,prod_3771,wh_005,2025-08-18,422,2,420,23,197,supp_002,2025-07-20,392.92
snap_006094,prod_8580,wh_002,2025-09-12,77,49,28,76,157,supp_005,2025-08-09,860.38
snap_006095,prod_5407,wh_004,2025-09-01,403,39,364,44,124,supp_001,2025-08-19,971.0
snap_006096,prod_5045,wh_001,2025-09-03,481,25,456,23,174,supp_004,2025-08-12,958.06
snap_006097,prod_6640,wh_005,2025-08-26,275,24,251,58,200,supp_005,2025-08-15,451.85
snap_006098,prod_9159,wh_001,2025-09-04,353,35,318,90,72,supp_004,2025-08-25,308.28
snap_006099,prod_6350,wh_003,2025-08-18,303,4,299,97,155,supp_005,2025-07-25,31.47
snap_006100,prod_9668,wh_003,2025-08-30,160,50,110,30,126,supp_004,2025-08-25,997.07
snap_006101,prod_6797,wh_004,2025-08-23,39,44,0,23,177,supp_001,2025-08-27,524.21
snap_006102,prod_2617,wh_001,2025-09-15,66,50,16,28,198,supp_004,2025-08-03,709.51
snap_006103,prod_8525,wh_002,2025-09-15,437,35,402,42,181,supp_004,2025-08-23,541.59
snap_006104,prod_7255,wh_003,2025-09-03,96,50,46,30,196,supp_002,2025-08-19,378.68
snap_006105,prod_4070,wh_005,2025-09-07,422,32,390,87,158,supp_003,2025-08-02,974.37
snap_006106,prod_9872,wh_002,2025-09-05,433,30,403,57,85,supp_003,2025-08-04,613.18
snap_006107,prod_6843,wh_005,2025-09-10,170,34,136,19,142,supp_005,2025-08-05,826.89
snap_006108,prod_5404,wh_005,2025-09-10,333,26,307,90,148,supp_003,2025-09-02,571.71
snap_006109,prod_7594,wh_001,2025-09-12,29,47,0,46,125,supp_001,2025-08-15,458.54
snap_006110,prod_9644,wh_002,2025-09-10,417,41,376,33,89,supp_003,2025-09-15,653.76
snap_006111,prod_5619,wh_002,2025-09-08,295,8,287,90,150,supp_004,2025-08-23,301.71
snap_006112,prod_5559,wh_003,2025-08-26,351,15,336,21,154,supp_005,2025-09-15,971.99
snap_006113,prod_7776,wh_004,2025-08-30,67,18,49,31,75,supp_002,2025-08-04,942.17
snap_006114,prod_2477,wh_003,2025-08-19,443,35,408,83,191,supp_003,2025-08-10,957.85
snap_006115,prod_3088,wh_002,2025-08-18,407,6,401,94,154,supp_004,2025-08-04,449.68
snap_006116,prod_9371,wh_002,2025-08-26,174,29,145,93,199,supp_001,2025-08-09,657.78
snap_006117,prod_7501,wh_001,2025-08-29,144,44,100,86,138,supp_004,2025-08-05,359.27
snap_006118,prod_8063,wh_002,2025-09-02,154,34,120,75,62,supp_004,2025-08-22,351.85
snap_006119,prod_2189,wh_002,2025-08-24,452,22,430,60,149,supp_001,2025-08-14,313.14
snap_006120,prod_4199,wh_003,2025-09-02,259,34,225,89,92,supp_005,2025-07-18,74.12
snap_006121,prod_5275,wh_004,2025-08-19,188,37,151,43,193,supp_004,2025-08-09,241.46
snap_006122,prod_1161,wh_002,2025-08-31,167,3,164,39,179,supp_002,2025-08-24,669.6
snap_006123,prod_9347,wh_005,2025-08-25,268,11,257,20,118,supp_003,2025-09-14,369.42
snap_006124,prod_6126,wh_004,2025-09-10,303,32,271,65,75,supp_004,2025-07-23,919.0
snap_006125,prod_1090,wh_005,2025-08-31,57,19,38,86,194,supp_005,2025-08-28,465.64
snap_006126,prod_3875,wh_003,2025-09-10,349,34,315,80,107,supp_005,2025-07-26,544.41
snap_006127,prod_4799,wh_005,2025-09-09,102,23,79,76,125,supp_002,2025-08-30,410.58
snap_006128,prod_3671,wh_003,2025-08-24,212,23,189,64,65,supp_005,2025-07-27,905.82
snap_006129,prod_6774,wh_001,2025-08-21,298,37,261,52,59,supp_005,2025-08-20,10.57
snap_006130,prod_4630,wh_002,2025-09-15,116,41,75,99,176,supp_001,2025-07-31,239.28
snap_006131,prod_8517,wh_001,2025-09-06,453,38,415,32,51,supp_003,2025-09-09,673.35
snap_006132,prod_7328,wh_003,2025-08-22,197,17,180,33,193,supp_003,2025-08-05,494.1
snap_006133,prod_5155,wh_005,2025-09-10,422,16,406,81,52,supp_004,2025-07-28,365.3
snap_006134,prod_9855,wh_003,2025-08-18,463,26,437,35,122,supp_005,2025-08-02,781.22
snap_006135,prod_6698,wh_003,2025-08-22,445,23,422,58,90,supp_005,2025-07-25,651.72
snap_006136,prod_1920,wh_005,2025-08-17,422,37,385,33,161,supp_003,2025-09-08,717.15
snap_006137,prod_3807,wh_001,2025-08-31,311,16,295,47,113,supp_004,2025-07-26,948.23
snap_006138,prod_7994,wh_002,2025-09-03,61,46,15,51,59,supp_003,2025-08-05,895.34
snap_006139,prod_7977,wh_001,2025-09-15,222,28,194,12,166,supp_003,2025-08-06,77.25
snap_006140,prod_6287,wh_004,2025-09-03,293,1,292,83,140,supp_001,2025-08-26,945.11
snap_006141,prod_9198,wh_003,2025-09-10,384,31,353,43,192,supp_004,2025-07-31,631.96
snap_006142,prod_7506,wh_001,2025-09-01,463,14,449,84,129,supp_002,2025-09-08,856.39
snap_006143,prod_8081,wh_001,2025-08-27,175,44,131,21,130,supp_005,2025-09-02,851.8
snap_006144,prod_5817,wh_005,2025-08-18,370,41,329,39,72,supp_004,2025-08-15,365.99
snap_006145,prod_4620,wh_001,2025-08-26,212,21,191,54,171,supp_003,2025-08-31,417.14
snap_006146,prod_3325,wh_004,2025-09-07,24,35,0,92,155,supp_005,2025-07-20,648.4
snap_006147,prod_4696,wh_003,2025-09-02,38,34,4,96,143,supp_005,2025-08-12,819.9
snap_006148,prod_3533,wh_005,2025-09-01,227,12,215,28,158,supp_004,2025-08-09,257.13
snap_006149,prod_8087,wh_001,2025-08-28,128,3,125,77,158,supp_001,2025-09-14,291.06
snap_006150,prod_1094,wh_004,2025-09-08,64,38,26,11,194,supp_001,2025-07-24,879.86
snap_006151,prod_5168,wh_005,2025-09-07,370,49,321,33,123,supp_004,2025-08-27,5.03
snap_006152,prod_2377,wh_002,2025-08-29,122,26,96,70,93,supp_004,2025-08-03,540.69
snap_006153,prod_1812,wh_001,2025-09-07,285,29,256,100,59,supp_004,2025-09-07,357.45
snap_006154,prod_7789,wh_001,2025-09-10,431,15,416,73,66,supp_005,2025-08-11,908.95
snap_006155,prod_3997,wh_005,2025-09-08,202,36,166,74,65,supp_002,2025-09-07,608.42
snap_006156,prod_6119,wh_002,2025-09-11,103,43,60,99,97,supp_002,2025-08-04,938.69
snap_006157,prod_5206,wh_005,2025-08-19,116,49,67,25,107,supp_002,2025-07-27,120.41
snap_006158,prod_2443,wh_003,2025-09-09,103,8,95,27,157,supp_004,2025-08-12,948.9
snap_006159,prod_9057,wh_005,2025-09-10,6,10,0,77,79,supp_004,2025-07-26,194.54
snap_006160,prod_3432,wh_003,2025-09-12,176,1,175,93,145,supp_005,2025-07-18,430.28
snap_006161,prod_1453,wh_003,2025-08-18,475,44,431,83,50,supp_001,2025-08-16,251.89
snap_006162,prod_1377,wh_001,2025-08-19,280,11,269,48,125,supp_004,2025-08-20,933.99
snap_006163,prod_4008,wh_003,2025-08-22,120,16,104,36,133,supp_001,2025-08-29,126.39
snap_006164,prod_6094,wh_004,2025-08-19,209,20,189,76,100,supp_004,2025-08-07,819.37
snap_006165,prod_3124,wh_005,2025-08-22,105,29,76,91,70,supp_003,2025-08-17,575.79
snap_006166,prod_6881,wh_003,2025-08-27,331,36,295,92,190,supp_003,2025-07-27,77.8
snap_006167,prod_2857,wh_002,2025-09-04,296,12,284,99,118,supp_003,2025-08-25,813.87
snap_006168,prod_2580,wh_004,2025-08-24,11,24,0,66,191,supp_002,2025-07-24,348.81
snap_006169,prod_7549,wh_003,2025-09-02,11,16,0,69,197,supp_004,2025-08-06,184.99
snap_006170,prod_3162,wh_004,2025-08-20,228,49,179,46,178,supp_005,2025-08-20,741.63
snap_006171,prod_1645,wh_001,2025-09-15,380,32,348,96,76,supp_003,2025-09-03,727.24
snap_006172,prod_3247,wh_001,2025-09-07,314,1,313,66,64,supp_002,2025-08-23,97.63
snap_006173,prod_7129,wh_002,2025-08-24,226,17,209,41,90,supp_001,2025-09-11,80.8
snap_006174,prod_7369,wh_001,2025-09-01,231,3,228,12,57,supp_002,2025-09-12,243.82
snap_006175,prod_6272,wh_002,2025-09-03,230,14,216,42,147,supp_004,2025-09-11,650.24
snap_006176,prod_6658,wh_005,2025-09-08,237,15,222,94,120,supp_001,2025-07-29,63.06
snap_006177,prod_6379,wh_004,2025-08-18,349,8,341,46,183,supp_003,2025-07-18,673.28
snap_006178,prod_5298,wh_002,2025-08-26,259,9,250,80,98,supp_004,2025-08-01,746.55
snap_006179,prod_5618,wh_003,2025-08-26,192,34,158,85,195,supp_005,2025-07-30,39.67
snap_006180,prod_5540,wh_005,2025-08-21,436,32,404,64,128,supp_001,2025-07-18,640.55
snap_006181,prod_3714,wh_001,2025-09-03,208,29,179,85,88,supp_003,2025-09-09,550.03
snap_006182,prod_1539,wh_003,2025-09-01,338,48,290,42,102,supp_002,2025-09-04,52.9
snap_006183,prod_7729,wh_002,2025-08-18,361,9,352,12,151,supp_003,2025-09-03,226.03
snap_006184,prod_6455,wh_003,2025-08-17,5,26,0,33,50,supp_001,2025-08-02,604.52
snap_006185,prod_7423,wh_002,2025-08-31,306,15,291,18,92,supp_002,2025-07-20,902.41
snap_006186,prod_9572,wh_005,2025-08-31,471,37,434,17,64,supp_002,2025-08-23,399.15
snap_006187,prod_2474,wh_005,2025-08-24,483,7,476,65,168,supp_004,2025-08-14,417.84
snap_006188,prod_2837,wh_003,2025-09-04,208,1,207,93,108,supp_002,2025-08-07,993.05
snap_006189,prod_2657,wh_004,2025-08-21,476,11,465,90,167,supp_001,2025-09-02,466.36
snap_006190,prod_6029,wh_002,2025-09-09,168,22,146,15,89,supp_003,2025-08-06,695.56
snap_006191,prod_5185,wh_003,2025-08-17,289,2,287,75,196,supp_002,2025-08-27,359.42
snap_006192,prod_3289,wh_002,2025-09-02,210,15,195,99,189,supp_002,2025-08-25,45.41
snap_006193,prod_6806,wh_003,2025-08-29,367,2,365,43,82,supp_002,2025-09-01,410.83
snap_006194,prod_8613,wh_005,2025-08-22,135,36,99,43,163,supp_001,2025-08-06,460.98
snap_006195,prod_9028,wh_003,2025-09-04,424,38,386,63,95,supp_004,2025-08-23,121.44
snap_006196,prod_1446,wh_004,2025-09-05,175,31,144,77,148,supp_005,2025-08-06,645.47
snap_006197,prod_1970,wh_004,2025-08-23,25,47,0,93,191,supp_001,2025-09-08,913.92
snap_006198,prod_5077,wh_003,2025-09-01,154,45,109,38,100,supp_003,2025-08-25,426.44
snap_006199,prod_8885,wh_002,2025-09-02,132,23,109,59,57,supp_003,2025-09-14,508.63
snap_006200,prod_1891,wh_005,2025-09-05,282,44,238,97,165,supp_001,2025-08-04,428.33
snap_006201,prod_8130,wh_004,2025-09-11,175,30,145,51,54,supp_002,2025-08-23,793.59
snap_006202,prod_7280,wh_001,2025-08-23,145,33,112,25,83,supp_005,2025-08-25,809.53
snap_006203,prod_7480,wh_002,2025-09-12,322,50,272,93,151,supp_005,2025-08-17,514.66
snap_006204,prod_5586,wh_001,2025-09-01,6,20,0,10,76,supp_001,2025-07-31,658.55
snap_006205,prod_3662,wh_003,2025-09-10,453,10,443,89,110,supp_001,2025-09-13,836.07
snap_006206,prod_7280,wh_005,2025-09-11,446,8,438,89,58,supp_003,2025-08-28,484.24
snap_006207,prod_6018,wh_001,2025-08-25,96,29,67,64,112,supp_001,2025-08-07,915.99
snap_006208,prod_8242,wh_004,2025-09-10,30,17,13,24,168,supp_003,2025-09-10,187.17
snap_006209,prod_5204,wh_004,2025-08-28,474,8,466,66,151,supp_001,2025-08-07,93.75
snap_006210,prod_8673,wh_002,2025-08-17,222,3,219,10,143,supp_004,2025-08-29,484.88
snap_006211,prod_1657,wh_003,2025-08-27,441,49,392,49,107,supp_003,2025-08-07,988.35
snap_006212,prod_3938,wh_003,2025-09-07,393,20,373,76,162,supp_005,2025-09-14,719.25
snap_006213,prod_3601,wh_004,2025-09-12,382,5,377,92,169,supp_005,2025-07-24,26.15
snap_006214,prod_1999,wh_004,2025-09-10,263,8,255,92,85,supp_003,2025-07-29,828.16
snap_006215,prod_1545,wh_002,2025-08-26,137,19,118,67,168,supp_002,2025-08-13,721.8
snap_006216,prod_4003,wh_001,2025-09-15,355,4,351,95,77,supp_005,2025-08-01,556.61
snap_006217,prod_5397,wh_004,2025-08-31,129,42,87,83,153,supp_005,2025-09-01,327.3
snap_006218,prod_5150,wh_001,2025-08-26,358,32,326,45,124,supp_004,2025-07-28,973.69
snap_006219,prod_9062,wh_003,2025-08-30,271,4,267,57,175,supp_003,2025-09-01,859.14
snap_006220,prod_8591,wh_002,2025-08-23,179,44,135,75,145,supp_002,2025-08-02,812.62
snap_006221,prod_9347,wh_003,2025-09-11,302,43,259,94,174,supp_002,2025-08-17,711.87
snap_006222,prod_6598,wh_003,2025-09-14,222,22,200,41,112,supp_005,2025-07-18,521.59
snap_006223,prod_1930,wh_004,2025-08-28,54,48,6,76,171,supp_003,2025-07-18,306.74
snap_006224,prod_7131,wh_004,2025-08-20,80,10,70,19,196,supp_004,2025-08-11,926.6
snap_006225,prod_1068,wh_003,2025-08-17,103,37,66,82,121,supp_001,2025-08-26,184.73
snap_006226,prod_1670,wh_004,2025-08-24,243,14,229,46,107,supp_005,2025-09-05,427.78
snap_006227,prod_4175,wh_004,2025-08-30,157,49,108,90,197,supp_003,2025-07-24,780.82
snap_006228,prod_6664,wh_003,2025-09-03,441,29,412,16,192,supp_001,2025-08-14,670.68
snap_006229,prod_8284,wh_005,2025-08-25,322,50,272,14,129,supp_003,2025-08-24,21.74
snap_006230,prod_9820,wh_004,2025-08-19,440,15,425,96,164,supp_003,2025-09-11,829.63
snap_006231,prod_1907,wh_001,2025-09-06,4,25,0,10,100,supp_004,2025-08-23,93.57
snap_006232,prod_9299,wh_005,2025-09-07,144,15,129,74,106,supp_005,2025-08-09,653.06
snap_006233,prod_9173,wh_002,2025-09-04,27,5,22,52,171,supp_003,2025-08-13,186.19
snap_006234,prod_7875,wh_005,2025-09-14,429,2,427,55,150,supp_005,2025-08-31,672.82
snap_006235,prod_4315,wh_003,2025-09-10,14,44,0,17,145,supp_004,2025-08-24,495.55
snap_006236,prod_3596,wh_004,2025-09-02,50,27,23,97,115,supp_002,2025-09-10,38.9
snap_006237,prod_8403,wh_002,2025-09-13,30,32,0,38,174,supp_005,2025-08-12,250.67
snap_006238,prod_9237,wh_001,2025-08-19,115,29,86,14,137,supp_005,2025-09-07,488.68
snap_006239,prod_5486,wh_002,2025-09-01,43,31,12,91,172,supp_003,2025-07-18,591.37
snap_006240,prod_4625,wh_004,2025-09-12,426,49,377,13,165,supp_001,2025-07-23,847.46
snap_006241,prod_2477,wh_004,2025-08-21,280,41,239,38,113,supp_002,2025-08-29,581.74
snap_006242,prod_9859,wh_003,2025-09-12,416,0,416,66,112,supp_005,2025-09-13,481.09
snap_006243,prod_5889,wh_004,2025-08-23,64,47,17,58,167,supp_001,2025-08-01,708.96
snap_006244,prod_6677,wh_003,2025-09-03,58,37,21,37,95,supp_004,2025-08-13,942.97
snap_006245,prod_6658,wh_001,2025-09-15,416,12,404,22,85,supp_001,2025-09-05,562.87
snap_006246,prod_7437,wh_005,2025-09-11,66,34,32,61,188,supp_004,2025-07-20,320.13
snap_006247,prod_5342,wh_001,2025-08-28,190,45,145,72,55,supp_003,2025-08-14,186.19
snap_006248,prod_3152,wh_005,2025-08-28,493,14,479,61,164,supp_004,2025-07-24,536.32
snap_006249,prod_9862,wh_001,2025-08-27,277,8,269,71,188,supp_003,2025-07-22,112.68
snap_006250,prod_9698,wh_003,2025-08-28,108,22,86,61,71,supp_003,2025-08-19,67.31
snap_006251,prod_7870,wh_001,2025-08-20,486,12,474,73,155,supp_004,2025-07-24,460.71
snap_006252,prod_2585,wh_004,2025-08-29,86,15,71,35,160,supp_002,2025-07-26,768.26
snap_006253,prod_8902,wh_002,2025-09-15,269,34,235,64,137,supp_005,2025-08-01,446.32
snap_006254,prod_7422,wh_005,2025-09-06,492,14,478,37,89,supp_003,2025-09-11,759.96
snap_006255,prod_4643,wh_004,2025-09-11,428,41,387,20,193,supp_004,2025-08-01,431.59
snap_006256,prod_3587,wh_003,2025-08-19,41,30,11,16,154,supp_002,2025-08-22,589.8
snap_006257,prod_6878,wh_002,2025-08-18,25,39,0,54,59,supp_005,2025-07-25,389.01
snap_006258,prod_1534,wh_003,2025-09-14,317,12,305,74,141,supp_002,2025-09-05,197.58
snap_006259,prod_1160,wh_002,2025-09-15,5,23,0,84,180,supp_003,2025-07-29,243.92
snap_006260,prod_4051,wh_004,2025-08-30,29,33,0,85,81,supp_003,2025-09-08,429.12
snap_006261,prod_1659,wh_003,2025-08-19,322,5,317,44,172,supp_001,2025-07-28,669.04
snap_006262,prod_8039,wh_005,2025-08-30,187,29,158,18,68,supp_004,2025-09-10,622.37
snap_006263,prod_9161,wh_003,2025-08-31,169,6,163,56,131,supp_002,2025-08-05,517.76
snap_006264,prod_3621,wh_002,2025-09-03,304,18,286,86,69,supp_001,2025-07-26,471.61
snap_006265,prod_4837,wh_002,2025-08-19,106,36,70,47,139,supp_003,2025-08-28,157.32
snap_006266,prod_1719,wh_002,2025-09-10,140,44,96,59,100,supp_003,2025-08-21,787.65
snap_006267,prod_3396,wh_002,2025-08-19,17,24,0,32,195,supp_004,2025-07-20,578.9
snap_006268,prod_5758,wh_001,2025-08-29,76,21,55,66,195,supp_002,2025-09-01,489.89
snap_006269,prod_6025,wh_001,2025-09-05,243,22,221,47,192,supp_002,2025-08-17,574.11
snap_006270,prod_7258,wh_002,2025-09-15,119,19,100,94,156,supp_004,2025-07-27,632.16
snap_006271,prod_7119,wh_002,2025-09-07,66,50,16,63,187,supp_004,2025-09-07,536.46
snap_006272,prod_9061,wh_004,2025-09-06,203,47,156,65,96,supp_002,2025-08-02,29.06
snap_006273,prod_7286,wh_003,2025-09-01,145,46,99,99,61,supp_002,2025-07-18,392.65
snap_006274,prod_8289,wh_004,2025-09-10,215,14,201,79,112,supp_003,2025-09-10,833.1
snap_006275,prod_4234,wh_004,2025-08-31,496,0,496,39,101,supp_002,2025-09-13,313.43
snap_006276,prod_2390,wh_004,2025-08-26,424,22,402,90,130,supp_005,2025-08-18,961.42
snap_006277,prod_5327,wh_004,2025-08-27,85,21,64,47,177,supp_005,2025-08-31,9.13
snap_006278,prod_5891,wh_002,2025-08-31,462,4,458,12,147,supp_003,2025-08-10,504.6
snap_006279,prod_5500,wh_001,2025-08-22,15,38,0,97,65,supp_001,2025-09-14,269.28
snap_006280,prod_2152,wh_001,2025-09-02,98,11,87,50,58,supp_003,2025-08-28,531.68
snap_006281,prod_1245,wh_002,2025-08-23,471,24,447,82,114,supp_005,2025-08-30,255.57
snap_006282,prod_8995,wh_001,2025-08-24,339,44,295,40,93,supp_005,2025-08-22,526.43
snap_006283,prod_8521,wh_002,2025-09-12,451,15,436,27,196,supp_001,2025-08-26,771.4
snap_006284,prod_2706,wh_001,2025-09-08,205,33,172,67,140,supp_004,2025-08-16,125.66
snap_006285,prod_9272,wh_001,2025-09-07,177,44,133,73,79,supp_003,2025-08-07,845.62
snap_006286,prod_4348,wh_002,2025-09-09,152,11,141,40,84,supp_002,2025-09-07,389.25
snap_006287,prod_8559,wh_004,2025-08-25,291,38,253,56,106,supp_004,2025-08-14,563.43
snap_006288,prod_6423,wh_005,2025-08-17,209,38,171,40,90,supp_005,2025-08-27,486.59
snap_006289,prod_1112,wh_004,2025-08-31,480,12,468,35,148,supp_004,2025-07-22,799.8
snap_006290,prod_3304,wh_004,2025-08-19,235,8,227,55,86,supp_001,2025-07-27,855.11
snap_006291,prod_6493,wh_002,2025-09-07,159,27,132,92,54,supp_005,2025-08-24,981.75
snap_006292,prod_2978,wh_003,2025-08-26,78,36,42,47,105,supp_001,2025-08-18,945.49
snap_006293,prod_5213,wh_005,2025-09-11,143,13,130,49,192,supp_004,2025-09-15,428.33
snap_006294,prod_6703,wh_002,2025-08-23,6,3,3,50,170,supp_002,2025-07-26,798.68
snap_006295,prod_1123,wh_004,2025-08-25,141,20,121,89,161,supp_002,2025-08-17,806.95
snap_006296,prod_5325,wh_003,2025-08-24,395,4,391,13,65,supp_002,2025-07-22,631.36
snap_006297,prod_2341,wh_002,2025-08-22,280,45,235,57,189,supp_002,2025-09-05,74.59
snap_006298,prod_5662,wh_003,2025-08-18,433,13,420,98,68,supp_003,2025-07-31,414.16
snap_006299,prod_2126,wh_004,2025-09-06,472,21,451,45,171,supp_001,2025-08-17,964.19
snap_006300,prod_6322,wh_002,2025-09-15,263,32,231,79,141,supp_002,2025-09-08,740.86
snap_006301,prod_3393,wh_004,2025-08-27,461,33,428,89,82,supp_002,2025-08-17,702.35
snap_006302,prod_9292,wh_004,2025-09-15,280,12,268,94,87,supp_002,2025-08-06,538.8
snap_006303,prod_3582,wh_005,2025-08-18,172,46,126,80,80,supp_005,2025-09-02,285.94
snap_006304,prod_5355,wh_005,2025-08-24,411,20,391,19,113,supp_002,2025-09-02,771.63
snap_006305,prod_8935,wh_005,2025-09-05,275,12,263,77,143,supp_001,2025-08-04,417.83
snap_006306,prod_2811,wh_003,2025-09-03,20,25,0,95,139,supp_003,2025-08-18,122.11
snap_006307,prod_8359,wh_001,2025-08-31,433,44,389,74,91,supp_005,2025-08-06,692.52
snap_006308,prod_4199,wh_004,2025-08-18,8,27,0,29,136,supp_005,2025-09-09,630.98
snap_006309,prod_1056,wh_004,2025-08-23,275,19,256,62,187,supp_003,2025-07-28,466.36
snap_006310,prod_5840,wh_003,2025-09-02,446,46,400,22,113,supp_001,2025-09-05,139.41
snap_006311,prod_6656,wh_001,2025-09-02,228,27,201,76,129,supp_005,2025-09-02,500.76
snap_006312,prod_8554,wh_005,2025-08-26,23,44,0,40,133,supp_001,2025-08-27,593.05
snap_006313,prod_4639,wh_004,2025-09-06,220,4,216,93,172,supp_004,2025-08-29,193.65
snap_006314,prod_6382,wh_004,2025-09-05,90,29,61,32,175,supp_001,2025-08-31,890.74
snap_006315,prod_7359,wh_003,2025-09-10,384,25,359,61,179,supp_004,2025-09-09,895.59
snap_006316,prod_7452,wh_003,2025-09-07,365,27,338,37,70,supp_003,2025-08-27,206.23
snap_006317,prod_2540,wh_003,2025-08-22,363,22,341,96,152,supp_005,2025-09-01,907.1
snap_006318,prod_1326,wh_004,2025-09-07,425,7,418,11,102,supp_005,2025-08-30,778.07
snap_006319,prod_5356,wh_003,2025-09-01,345,27,318,91,75,supp_003,2025-09-12,957.08
snap_006320,prod_2759,wh_002,2025-09-09,398,16,382,86,115,supp_004,2025-07-27,542.14
snap_006321,prod_1288,wh_005,2025-08-31,127,49,78,49,109,supp_003,2025-08-16,78.74
snap_006322,prod_7452,wh_004,2025-08-29,498,14,484,81,117,supp_001,2025-09-09,227.13
snap_006323,prod_2316,wh_003,2025-08-22,400,42,358,48,192,supp_004,2025-08-09,390.09
snap_006324,prod_4947,wh_005,2025-08-19,27,43,0,67,187,supp_001,2025-08-10,465.62
snap_006325,prod_9461,wh_002,2025-09-12,382,35,347,12,96,supp_005,2025-08-11,555.89
snap_006326,prod_5362,wh_002,2025-09-08,324,8,316,72,71,supp_003,2025-09-08,944.45
snap_006327,prod_1712,wh_004,2025-09-12,207,17,190,45,104,supp_003,2025-09-09,304.05
snap_006328,prod_7330,wh_002,2025-09-03,39,43,0,91,71,supp_004,2025-08-20,731.87
snap_006329,prod_6328,wh_003,2025-08-17,247,47,200,10,60,supp_005,2025-09-11,594.07
snap_006330,prod_7439,wh_001,2025-09-12,370,38,332,35,115,supp_002,2025-08-13,701.17
snap_006331,prod_1233,wh_003,2025-09-03,164,9,155,54,134,supp_001,2025-07-23,399.01
snap_006332,prod_4863,wh_004,2025-09-09,48,16,32,68,94,supp_003,2025-08-26,996.44
snap_006333,prod_1735,wh_003,2025-08-30,27,36,0,94,125,supp_005,2025-08-20,33.04
snap_006334,prod_5516,wh_001,2025-09-08,227,8,219,82,111,supp_001,2025-07-18,404.93
snap_006335,prod_1043,wh_005,2025-08-27,323,28,295,48,115,supp_003,2025-08-15,709.1
snap_006336,prod_4771,wh_004,2025-09-03,401,14,387,45,186,supp_005,2025-08-30,623.42
snap_006337,prod_8209,wh_002,2025-08-30,476,49,427,42,156,supp_004,2025-08-28,113.52
snap_006338,prod_9369,wh_005,2025-09-09,89,25,64,23,56,supp_005,2025-07-26,406.13
snap_006339,prod_9125,wh_005,2025-09-07,16,40,0,50,86,supp_003,2025-07-30,396.89
snap_006340,prod_6251,wh_004,2025-08-19,384,24,360,34,111,supp_001,2025-08-30,460.92
snap_006341,prod_9822,wh_005,2025-08-29,241,33,208,17,56,supp_001,2025-08-05,369.88
snap_006342,prod_7378,wh_003,2025-08-19,493,21,472,39,184,supp_005,2025-08-07,269.24
snap_006343,prod_2153,wh_005,2025-09-13,230,50,180,73,109,supp_004,2025-08-01,997.1
snap_006344,prod_4483,wh_003,2025-08-27,265,43,222,69,134,supp_002,2025-08-07,809.97
snap_006345,prod_3196,wh_004,2025-08-28,376,26,350,17,151,supp_003,2025-08-24,891.31
snap_006346,prod_1544,wh_005,2025-09-04,174,18,156,78,126,supp_002,2025-09-06,967.07
snap_006347,prod_6757,wh_003,2025-09-07,417,0,417,64,51,supp_003,2025-08-12,608.17
snap_006348,prod_9305,wh_002,2025-09-03,301,27,274,74,134,supp_004,2025-08-25,381.63
snap_006349,prod_3104,wh_003,2025-08-29,30,9,21,53,154,supp_005,2025-08-28,548.51
snap_006350,prod_4299,wh_001,2025-08-21,404,42,362,77,146,supp_002,2025-08-04,286.63
snap_006351,prod_3066,wh_004,2025-09-01,380,49,331,50,184,supp_001,2025-09-08,64.15
snap_006352,prod_6756,wh_002,2025-08-24,359,9,350,58,135,supp_001,2025-08-21,866.53
snap_006353,prod_3009,wh_001,2025-09-11,459,40,419,45,179,supp_003,2025-08-28,704.49
snap_006354,prod_2849,wh_002,2025-09-05,109,3,106,29,187,supp_001,2025-08-18,589.13
snap_006355,prod_9714,wh_001,2025-08-29,117,47,70,47,80,supp_003,2025-07-29,984.54
snap_006356,prod_5816,wh_005,2025-09-10,330,14,316,80,187,supp_002,2025-09-05,357.8
snap_006357,prod_1316,wh_003,2025-09-11,8,22,0,63,194,supp_005,2025-09-15,574.1
snap_006358,prod_4818,wh_003,2025-08-26,76,42,34,51,91,supp_003,2025-07-28,171.3
snap_006359,prod_7571,wh_003,2025-09-06,481,6,475,86,164,supp_002,2025-08-18,806.62
snap_006360,prod_4249,wh_004,2025-08-26,493,23,470,90,133,supp_004,2025-08-19,696.19
snap_006361,prod_4288,wh_004,2025-09-12,108,41,67,29,169,supp_004,2025-08-09,318.64
snap_006362,prod_7966,wh_005,2025-09-08,325,43,282,92,50,supp_004,2025-09-08,858.57
snap_006363,prod_3386,wh_004,2025-09-07,387,22,365,18,178,supp_001,2025-09-12,560.29
snap_006364,prod_2876,wh_002,2025-09-02,464,16,448,100,172,supp_002,2025-09-08,227.88
snap_006365,prod_9480,wh_003,2025-09-10,141,0,141,87,157,supp_003,2025-08-31,58.73
snap_006366,prod_9595,wh_001,2025-08-21,252,35,217,82,182,supp_003,2025-08-15,377.49
snap_006367,prod_2388,wh_002,2025-08-30,81,28,53,32,197,supp_004,2025-08-22,205.9
snap_006368,prod_6740,wh_001,2025-08-21,308,22,286,73,188,supp_001,2025-07-21,309.57
snap_006369,prod_8885,wh_001,2025-09-02,167,28,139,42,78,supp_002,2025-07-19,391.81
snap_006370,prod_2490,wh_004,2025-08-22,387,13,374,42,171,supp_003,2025-07-31,645.87
snap_006371,prod_6382,wh_003,2025-08-29,321,38,283,71,187,supp_003,2025-08-17,74.44
snap_006372,prod_9163,wh_003,2025-08-27,500,40,460,88,70,supp_003,2025-08-30,219.05
snap_006373,prod_6903,wh_003,2025-09-12,446,31,415,88,102,supp_001,2025-09-09,974.37
snap_006374,prod_8790,wh_005,2025-09-04,313,24,289,66,176,supp_002,2025-08-31,6.03
snap_006375,prod_3447,wh_001,2025-09-08,75,49,26,86,178,supp_002,2025-07-20,194.51
snap_006376,prod_1905,wh_004,2025-09-12,202,27,175,82,142,supp_001,2025-07-28,868.29
snap_006377,prod_2290,wh_002,2025-08-22,144,42,102,43,82,supp_005,2025-07-26,47.43
snap_006378,prod_6447,wh_001,2025-09-01,239,35,204,59,158,supp_001,2025-08-04,108.43
snap_006379,prod_2249,wh_005,2025-09-13,266,31,235,36,138,supp_002,2025-09-11,838.31
snap_006380,prod_3522,wh_005,2025-08-22,414,18,396,59,115,supp_003,2025-08-26,132.53
snap_006381,prod_5133,wh_002,2025-08-21,155,39,116,50,128,supp_001,2025-09-11,850.56
snap_006382,prod_7775,wh_005,2025-09-14,309,30,279,89,53,supp_001,2025-07-21,716.64
snap_006383,prod_7490,wh_002,2025-08-29,486,42,444,84,135,supp_002,2025-09-01,441.98
snap_006384,prod_8801,wh_003,2025-08-18,211,34,177,68,79,supp_002,2025-09-05,854.75
snap_006385,prod_7901,wh_001,2025-09-08,38,1,37,84,171,supp_001,2025-08-02,142.31
snap_006386,prod_1229,wh_001,2025-08-25,432,4,428,74,89,supp_005,2025-09-06,63.51
snap_006387,prod_4421,wh_002,2025-09-05,338,35,303,65,175,supp_002,2025-08-03,771.35
snap_006388,prod_3091,wh_001,2025-08-21,430,33,397,22,155,supp_004,2025-08-19,669.97
snap_006389,prod_4742,wh_004,2025-09-03,460,21,439,54,132,supp_001,2025-09-08,960.91
snap_006390,prod_5021,wh_005,2025-09-13,272,27,245,43,101,supp_005,2025-09-13,200.14
snap_006391,prod_6699,wh_002,2025-08-18,60,11,49,78,198,supp_004,2025-08-03,887.48
snap_006392,prod_3132,wh_004,2025-09-02,106,18,88,29,79,supp_004,2025-09-07,558.77
snap_006393,prod_4649,wh_003,2025-09-10,11,34,0,61,114,supp_002,2025-09-01,454.48
snap_006394,prod_1493,wh_005,2025-09-02,434,15,419,77,157,supp_005,2025-08-18,846.75
snap_006395,prod_7516,wh_004,2025-08-23,203,15,188,85,145,supp_002,2025-08-14,410.67
snap_006396,prod_4563,wh_001,2025-09-10,188,40,148,17,86,supp_002,2025-09-10,968.05
snap_006397,prod_5129,wh_003,2025-08-23,429,44,385,94,148,supp_004,2025-09-09,396.18
snap_006398,prod_9812,wh_005,2025-08-19,241,40,201,93,114,supp_001,2025-08-21,596.44
snap_006399,prod_2032,wh_001,2025-08-20,455,48,407,97,82,supp_001,2025-09-15,291.55
snap_006400,prod_9362,wh_002,2025-09-11,373,12,361,99,66,supp_004,2025-08-02,266.12
snap_006401,prod_7547,wh_001,2025-08-21,62,3,59,47,136,supp_002,2025-07-22,130.28
snap_006402,prod_9793,wh_003,2025-09-03,39,36,3,42,118,supp_003,2025-09-13,750.29
snap_006403,prod_7033,wh_003,2025-09-10,63,27,36,10,175,supp_003,2025-08-05,778.29
snap_006404,prod_2391,wh_003,2025-08-24,297,49,248,66,151,supp_002,2025-08-15,410.13
snap_006405,prod_9522,wh_005,2025-09-13,143,20,123,92,154,supp_005,2025-08-28,783.3
snap_006406,prod_5652,wh_001,2025-08-29,395,15,380,82,176,supp_003,2025-07-20,781.0
snap_006407,prod_2490,wh_001,2025-09-08,166,33,133,97,166,supp_001,2025-08-18,569.91
snap_006408,prod_2631,wh_001,2025-08-27,392,1,391,48,171,supp_005,2025-09-14,416.48
snap_006409,prod_3717,wh_005,2025-08-17,274,45,229,28,147,supp_004,2025-07-31,904.84
snap_006410,prod_1975,wh_005,2025-08-23,341,23,318,68,93,supp_003,2025-09-10,263.08
snap_006411,prod_8496,wh_001,2025-09-01,330,7,323,52,61,supp_001,2025-07-29,801.39
snap_006412,prod_4463,wh_004,2025-08-23,221,38,183,67,60,supp_001,2025-09-11,175.18
snap_006413,prod_7792,wh_005,2025-09-05,114,18,96,59,128,supp_005,2025-07-27,565.86
snap_006414,prod_2585,wh_001,2025-08-23,451,50,401,28,122,supp_005,2025-08-29,113.68
snap_006415,prod_2298,wh_002,2025-08-17,473,18,455,29,103,supp_003,2025-08-22,386.1
snap_006416,prod_5297,wh_001,2025-09-04,464,38,426,73,79,supp_005,2025-07-22,813.0
snap_006417,prod_3641,wh_002,2025-08-20,460,48,412,47,199,supp_003,2025-09-06,458.98
snap_006418,prod_8619,wh_002,2025-09-06,277,6,271,55,165,supp_003,2025-08-01,856.69
snap_006419,prod_8258,wh_001,2025-09-06,169,47,122,25,169,supp_003,2025-09-03,723.65
snap_006420,prod_7883,wh_002,2025-08-29,165,17,148,37,141,supp_002,2025-08-28,215.17
snap_006421,prod_4956,wh_001,2025-09-11,417,18,399,31,176,supp_004,2025-09-15,291.45
snap_006422,prod_3426,wh_004,2025-09-04,305,23,282,39,161,supp_002,2025-07-29,340.77
snap_006423,prod_7565,wh_003,2025-08-18,83,29,54,82,150,supp_001,2025-09-06,491.26
snap_006424,prod_8512,wh_002,2025-08-21,309,35,274,84,66,supp_004,2025-09-01,540.29
snap_006425,prod_2314,wh_001,2025-09-08,224,0,224,65,61,supp_005,2025-09-11,520.47
snap_006426,prod_3995,wh_005,2025-09-10,198,13,185,58,80,supp_002,2025-09-12,293.46
snap_006427,prod_3351,wh_001,2025-08-29,371,4,367,88,97,supp_001,2025-07-31,276.92
snap_006428,prod_7221,wh_004,2025-09-08,394,19,375,81,180,supp_001,2025-08-06,382.47
snap_006429,prod_5324,wh_001,2025-08-21,415,34,381,20,190,supp_003,2025-08-26,794.54
snap_006430,prod_7643,wh_002,2025-08-27,7,42,0,53,92,supp_003,2025-08-19,940.77
snap_006431,prod_6995,wh_003,2025-08-18,154,42,112,11,90,supp_005,2025-07-25,49.48
snap_006432,prod_9518,wh_004,2025-08-21,441,4,437,65,79,supp_005,2025-08-03,315.9
snap_006433,prod_9315,wh_003,2025-09-13,188,36,152,77,184,supp_004,2025-09-07,418.22
snap_006434,prod_9455,wh_004,2025-08-27,343,38,305,97,149,supp_003,2025-07-22,516.87
snap_006435,prod_8116,wh_004,2025-08-27,197,44,153,54,166,supp_001,2025-08-14,231.04
snap_006436,prod_2258,wh_003,2025-09-03,394,9,385,35,162,supp_005,2025-08-17,931.98
snap_006437,prod_6578,wh_001,2025-09-05,252,11,241,46,133,supp_002,2025-08-06,260.07
snap_006438,prod_1833,wh_005,2025-09-07,140,31,109,62,197,supp_001,2025-07-31,617.85
snap_006439,prod_2011,wh_004,2025-09-09,372,42,330,12,92,supp_002,2025-09-05,304.61
snap_006440,prod_8798,wh_003,2025-08-19,472,11,461,51,73,supp_004,2025-08-30,260.27
snap_006441,prod_9744,wh_002,2025-08-29,476,14,462,34,178,supp_004,2025-08-20,863.8
snap_006442,prod_3054,wh_005,2025-09-07,222,14,208,45,149,supp_002,2025-07-26,66.51
snap_006443,prod_6737,wh_002,2025-08-21,118,38,80,51,53,supp_004,2025-07-25,728.47
snap_006444,prod_8190,wh_005,2025-08-24,83,13,70,18,132,supp_002,2025-09-06,856.98
snap_006445,prod_2490,wh_004,2025-08-24,200,30,170,10,66,supp_003,2025-08-05,491.67
snap_006446,prod_7167,wh_004,2025-09-03,78,23,55,73,110,supp_002,2025-08-14,134.85
snap_006447,prod_9232,wh_005,2025-09-04,358,10,348,53,74,supp_004,2025-08-08,65.9
snap_006448,prod_3007,wh_002,2025-08-28,409,0,409,89,102,supp_005,2025-07-28,346.75
snap_006449,prod_8958,wh_004,2025-09-15,146,16,130,82,65,supp_001,2025-09-01,679.08
snap_006450,prod_1432,wh_003,2025-09-14,274,8,266,71,58,supp_005,2025-08-19,680.34
snap_006451,prod_5410,wh_001,2025-09-13,463,6,457,47,114,supp_001,2025-08-28,159.55
snap_006452,prod_9446,wh_002,2025-09-12,447,10,437,43,152,supp_004,2025-07-30,442.9
snap_006453,prod_1328,wh_003,2025-09-01,499,15,484,89,145,supp_002,2025-07-19,903.41
snap_006454,prod_4314,wh_001,2025-08-28,303,26,277,28,190,supp_003,2025-09-15,38.17
snap_006455,prod_6147,wh_001,2025-09-03,323,26,297,29,107,supp_005,2025-09-01,780.45
snap_006456,prod_9210,wh_005,2025-08-22,222,19,203,42,63,supp_003,2025-08-25,845.93
snap_006457,prod_5963,wh_005,2025-09-05,490,36,454,21,175,supp_002,2025-08-06,126.99
snap_006458,prod_8491,wh_004,2025-09-07,212,47,165,53,191,supp_004,2025-09-07,260.41
snap_006459,prod_7311,wh_004,2025-09-02,352,19,333,85,94,supp_003,2025-08-03,84.43
snap_006460,prod_3395,wh_005,2025-09-11,442,22,420,30,60,supp_001,2025-09-06,345.74
snap_006461,prod_2260,wh_001,2025-09-09,182,32,150,11,166,supp_005,2025-08-27,879.54
snap_006462,prod_5103,wh_001,2025-08-19,338,0,338,42,147,supp_005,2025-07-19,195.14
snap_006463,prod_1722,wh_001,2025-08-25,251,36,215,24,143,supp_004,2025-07-25,275.06
snap_006464,prod_6015,wh_004,2025-09-05,153,20,133,31,183,supp_001,2025-08-17,665.36
snap_006465,prod_5595,wh_003,2025-08-24,205,14,191,48,61,supp_003,2025-08-23,924.98
snap_006466,prod_2091,wh_002,2025-09-08,53,32,21,21,95,supp_004,2025-08-27,401.27
snap_006467,prod_3235,wh_003,2025-08-28,414,50,364,17,66,supp_004,2025-09-04,374.11
snap_006468,prod_8200,wh_004,2025-08-31,477,0,477,49,74,supp_001,2025-08-12,713.0
snap_006469,prod_2105,wh_002,2025-09-09,98,1,97,92,168,supp_005,2025-08-02,362.93
snap_006470,prod_6522,wh_005,2025-08-20,283,16,267,40,177,supp_004,2025-07-30,531.39
snap_006471,prod_6552,wh_003,2025-09-03,418,32,386,49,156,supp_001,2025-08-19,876.47
snap_006472,prod_5274,wh_002,2025-09-07,21,4,17,38,169,supp_005,2025-08-28,865.94
snap_006473,prod_4135,wh_004,2025-09-04,332,40,292,51,159,supp_002,2025-09-02,399.76
snap_006474,prod_4119,wh_002,2025-09-11,124,42,82,75,199,supp_005,2025-09-13,238.51
snap_006475,prod_5528,wh_004,2025-08-17,113,49,64,45,132,supp_004,2025-09-06,734.19
snap_006476,prod_3309,wh_003,2025-09-02,499,20,479,42,126,supp_003,2025-08-10,592.89
snap_006477,prod_4295,wh_004,2025-08-23,218,41,177,62,54,supp_001,2025-07-18,426.02
snap_006478,prod_6247,wh_002,2025-09-02,90,34,56,14,66,supp_002,2025-09-01,645.48
snap_006479,prod_8099,wh_003,2025-09-15,181,8,173,92,173,supp_003,2025-07-24,659.07
snap_006480,prod_5293,wh_001,2025-08-31,177,3,174,10,73,supp_005,2025-08-07,390.41
snap_006481,prod_6099,wh_002,2025-08-22,134,38,96,73,136,supp_001,2025-08-17,138.68
snap_006482,prod_9209,wh_005,2025-09-08,148,43,105,54,82,supp_003,2025-08-21,113.04
snap_006483,prod_4815,wh_005,2025-09-08,487,15,472,92,122,supp_005,2025-07-30,427.53
snap_006484,prod_9891,wh_002,2025-09-03,416,6,410,71,80,supp_005,2025-07-25,524.9
snap_006485,prod_1453,wh_004,2025-09-03,423,42,381,10,165,supp_002,2025-09-07,492.59
snap_006486,prod_2344,wh_003,2025-08-25,255,37,218,75,136,supp_003,2025-08-31,346.42
snap_006487,prod_5691,wh_005,2025-09-15,320,31,289,23,117,supp_001,2025-09-09,596.71
snap_006488,prod_6715,wh_005,2025-08-20,93,14,79,43,123,supp_003,2025-08-20,128.14
snap_006489,prod_7038,wh_005,2025-09-03,452,39,413,34,83,supp_003,2025-08-02,967.92
snap_006490,prod_4882,wh_002,2025-08-26,98,32,66,91,175,supp_002,2025-07-22,303.72
snap_006491,prod_2906,wh_003,2025-08-17,175,6,169,57,115,supp_005,2025-08-13,735.26
snap_006492,prod_2261,wh_002,2025-08-22,464,15,449,37,89,supp_003,2025-08-12,998.75
snap_006493,prod_1730,wh_003,2025-09-10,198,28,170,91,142,supp_002,2025-08-19,193.39
snap_006494,prod_9561,wh_001,2025-09-05,6,5,1,76,111,supp_005,2025-09-15,847.94
snap_006495,prod_6973,wh_004,2025-09-06,377,44,333,49,118,supp_001,2025-08-04,78.99
snap_006496,prod_4990,wh_001,2025-09-14,253,17,236,46,54,supp_003,2025-09-15,747.88
snap_006497,prod_6745,wh_004,2025-09-12,300,47,253,15,67,supp_001,2025-07-22,888.68
snap_006498,prod_2262,wh_003,2025-08-18,174,16,158,89,156,supp_001,2025-08-20,378.3
snap_006499,prod_2504,wh_003,2025-09-02,288,20,268,31,103,supp_002,2025-08-26,84.73
snap_006500,prod_2004,wh_004,2025-09-12,289,4,285,50,160,supp_003,2025-08-16,636.22
snap_006501,prod_4023,wh_001,2025-09-02,408,36,372,17,131,supp_005,2025-08-19,249.14
snap_006502,prod_1684,wh_005,2025-08-21,119,37,82,45,196,supp_002,2025-08-06,413.72
snap_006503,prod_2971,wh_003,2025-09-07,20,9,11,54,120,supp_005,2025-09-04,41.47
snap_006504,prod_1771,wh_004,2025-08-24,47,1,46,93,104,supp_002,2025-08-29,726.4
snap_006505,prod_6275,wh_003,2025-08-23,158,46,112,76,100,supp_001,2025-08-18,559.44
snap_006506,prod_5599,wh_002,2025-09-12,398,46,352,88,86,supp_005,2025-07-21,884.39
snap_006507,prod_6121,wh_003,2025-08-29,34,45,0,31,178,supp_001,2025-07-31,201.87
snap_006508,prod_3983,wh_003,2025-09-02,456,18,438,38,133,supp_005,2025-08-11,923.65
snap_006509,prod_2048,wh_003,2025-08-24,369,0,369,69,133,supp_002,2025-07-29,226.44
snap_006510,prod_6104,wh_001,2025-09-10,413,25,388,97,76,supp_002,2025-08-07,387.79
snap_006511,prod_1818,wh_001,2025-08-18,153,43,110,76,127,supp_002,2025-08-12,445.38
snap_006512,prod_6669,wh_003,2025-09-07,232,49,183,53,140,supp_005,2025-08-05,922.75
snap_006513,prod_2654,wh_001,2025-09-07,497,24,473,13,59,supp_005,2025-08-28,269.47
snap_006514,prod_6231,wh_002,2025-08-19,82,35,47,89,191,supp_001,2025-07-20,124.21
snap_006515,prod_7088,wh_003,2025-09-02,478,7,471,42,124,supp_003,2025-09-04,279.09
snap_006516,prod_3060,wh_002,2025-09-08,306,41,265,13,193,supp_005,2025-09-15,391.33
snap_006517,prod_7604,wh_002,2025-08-21,489,35,454,29,160,supp_005,2025-09-08,723.0
snap_006518,prod_3751,wh_003,2025-09-14,100,33,67,14,197,supp_005,2025-07-25,405.32
snap_006519,prod_3967,wh_003,2025-09-08,347,35,312,57,114,supp_005,2025-08-31,672.6
snap_006520,prod_8216,wh_002,2025-09-04,422,36,386,75,82,supp_004,2025-09-02,660.85
snap_006521,prod_8856,wh_003,2025-09-03,371,26,345,23,98,supp_004,2025-07-21,655.13
snap_006522,prod_8958,wh_003,2025-08-22,455,26,429,47,134,supp_003,2025-08-24,454.33
snap_006523,prod_8725,wh_002,2025-09-10,250,13,237,98,103,supp_003,2025-07-19,452.74
snap_006524,prod_6273,wh_002,2025-09-12,464,37,427,38,132,supp_001,2025-08-25,61.15
snap_006525,prod_9027,wh_005,2025-08-19,449,41,408,54,92,supp_003,2025-07-25,529.46
snap_006526,prod_4909,wh_004,2025-09-04,62,47,15,84,90,supp_004,2025-08-11,227.63
snap_006527,prod_1840,wh_004,2025-08-24,394,19,375,13,134,supp_005,2025-07-27,192.27
snap_006528,prod_4238,wh_002,2025-08-22,4,32,0,45,163,supp_004,2025-08-11,691.77
snap_006529,prod_7930,wh_004,2025-09-13,482,24,458,58,65,supp_004,2025-08-03,286.81
snap_006530,prod_5992,wh_003,2025-08-27,235,31,204,44,119,supp_004,2025-08-18,147.34
snap_006531,prod_2898,wh_001,2025-09-10,255,37,218,96,109,supp_002,2025-08-01,245.77
snap_006532,prod_8898,wh_002,2025-09-06,136,32,104,77,86,supp_005,2025-08-28,492.4
snap_006533,prod_8238,wh_001,2025-09-15,47,28,19,33,126,supp_003,2025-08-17,603.71
snap_006534,prod_5880,wh_005,2025-08-22,121,8,113,78,88,supp_002,2025-08-29,140.69
snap_006535,prod_1651,wh_005,2025-08-26,288,50,238,59,103,supp_004,2025-08-11,772.74
snap_006536,prod_8755,wh_002,2025-08-25,252,18,234,98,80,supp_004,2025-08-21,724.92
snap_006537,prod_7254,wh_004,2025-09-06,233,37,196,94,125,supp_004,2025-08-14,881.78
snap_006538,prod_7108,wh_002,2025-09-12,254,23,231,22,71,supp_002,2025-09-06,629.78
snap_006539,prod_2248,wh_005,2025-08-17,222,29,193,33,156,supp_004,2025-07-20,359.48
snap_006540,prod_6169,wh_002,2025-08-18,214,50,164,68,59,supp_003,2025-07-26,700.49
snap_006541,prod_3114,wh_005,2025-08-30,399,44,355,64,51,supp_003,2025-09-12,31.47
snap_006542,prod_2072,wh_001,2025-08-29,343,50,293,28,166,supp_002,2025-07-29,54.71
snap_006543,prod_8437,wh_005,2025-08-26,462,13,449,48,143,supp_004,2025-08-10,879.12
snap_006544,prod_1368,wh_001,2025-09-14,249,14,235,16,136,supp_001,2025-07-30,547.46
snap_006545,prod_2367,wh_005,2025-09-15,142,35,107,24,140,supp_003,2025-08-01,458.11
snap_006546,prod_6584,wh_001,2025-09-03,388,5,383,62,155,supp_004,2025-08-13,380.16
snap_006547,prod_9541,wh_004,2025-09-14,261,23,238,68,195,supp_002,2025-07-26,237.48
snap_006548,prod_7829,wh_001,2025-08-17,466,17,449,49,133,supp_001,2025-08-23,180.16
snap_006549,prod_7332,wh_002,2025-09-11,341,46,295,40,185,supp_003,2025-08-03,768.84
snap_006550,prod_9114,wh_005,2025-09-06,476,45,431,50,187,supp_003,2025-08-26,701.82
snap_006551,prod_5985,wh_001,2025-08-21,204,26,178,66,101,supp_005,2025-08-16,176.95
snap_006552,prod_1027,wh_005,2025-09-05,166,1,165,99,130,supp_004,2025-08-11,554.6
snap_006553,prod_9924,wh_001,2025-09-06,234,16,218,28,136,supp_001,2025-08-16,503.61
snap_006554,prod_9492,wh_003,2025-09-01,483,0,483,35,175,supp_003,2025-09-14,36.96
snap_006555,prod_3827,wh_005,2025-08-31,13,46,0,33,170,supp_005,2025-07-25,548.31
snap_006556,prod_6889,wh_003,2025-09-09,171,9,162,93,167,supp_005,2025-09-06,743.16
snap_006557,prod_7932,wh_002,2025-09-09,53,14,39,19,129,supp_001,2025-09-06,687.29
snap_006558,prod_5058,wh_005,2025-08-18,378,41,337,75,57,supp_005,2025-07-25,221.84
snap_006559,prod_9538,wh_005,2025-09-02,252,25,227,16,138,supp_002,2025-09-15,853.37
snap_006560,prod_1197,wh_002,2025-08-30,120,20,100,80,195,supp_001,2025-08-26,242.29
snap_006561,prod_1819,wh_004,2025-08-31,469,8,461,93,185,supp_005,2025-08-31,874.42
snap_006562,prod_3915,wh_001,2025-08-29,481,27,454,76,101,supp_005,2025-08-23,963.44
snap_006563,prod_3980,wh_001,2025-09-02,80,47,33,84,112,supp_001,2025-09-15,169.53
snap_006564,prod_8488,wh_003,2025-08-18,432,23,409,66,53,supp_001,2025-07-25,772.72
snap_006565,prod_1810,wh_001,2025-09-13,349,19,330,42,126,supp_001,2025-08-25,400.83
snap_006566,prod_5028,wh_004,2025-09-13,456,5,451,76,124,supp_004,2025-08-26,830.07
snap_006567,prod_8070,wh_004,2025-09-14,104,20,84,74,91,supp_002,2025-08-08,914.02
snap_006568,prod_1007,wh_004,2025-09-05,221,26,195,40,167,supp_004,2025-09-04,713.35
snap_006569,prod_4856,wh_004,2025-09-06,308,26,282,39,99,supp_002,2025-09-05,683.64
snap_006570,prod_3999,wh_001,2025-09-07,382,16,366,43,171,supp_001,2025-08-21,929.02
snap_006571,prod_3665,wh_005,2025-09-08,142,45,97,43,120,supp_004,2025-07-24,946.18
snap_006572,prod_1408,wh_004,2025-08-28,280,32,248,33,134,supp_002,2025-09-12,707.7
snap_006573,prod_5501,wh_004,2025-09-15,363,37,326,97,64,supp_002,2025-07-26,869.18
snap_006574,prod_3717,wh_002,2025-08-17,31,17,14,21,141,supp_003,2025-08-27,487.85
snap_006575,prod_1067,wh_003,2025-08-26,300,4,296,81,97,supp_005,2025-08-03,169.81
snap_006576,prod_6935,wh_003,2025-08-24,249,12,237,20,199,supp_002,2025-08-05,543.08
snap_006577,prod_7485,wh_001,2025-09-13,141,9,132,85,95,supp_002,2025-08-09,182.64
snap_006578,prod_3834,wh_002,2025-09-15,228,35,193,42,188,supp_003,2025-07-31,175.48
snap_006579,prod_6544,wh_001,2025-09-10,168,6,162,100,110,supp_002,2025-09-08,638.48
snap_006580,prod_9266,wh_004,2025-08-27,53,16,37,22,99,supp_002,2025-09-15,30.03
snap_006581,prod_7179,wh_002,2025-08-28,122,41,81,72,187,supp_001,2025-09-11,22.87
snap_006582,prod_9372,wh_003,2025-08-21,424,49,375,33,134,supp_005,2025-08-29,757.57
snap_006583,prod_2395,wh_003,2025-08-23,211,20,191,17,153,supp_004,2025-09-10,777.26
snap_006584,prod_4133,wh_003,2025-09-04,298,20,278,56,169,supp_005,2025-08-13,403.98
snap_006585,prod_5534,wh_003,2025-08-25,35,26,9,60,82,supp_001,2025-07-27,167.01
snap_006586,prod_8014,wh_002,2025-08-24,51,39,12,68,64,supp_003,2025-09-08,218.58
snap_006587,prod_8377,wh_004,2025-08-27,325,32,293,98,108,supp_002,2025-09-04,81.22
snap_006588,prod_4632,wh_001,2025-09-15,79,3,76,72,173,supp_003,2025-09-03,38.8
snap_006589,prod_8021,wh_002,2025-09-10,27,26,1,27,70,supp_004,2025-09-04,781.29
snap_006590,prod_8088,wh_004,2025-09-10,352,22,330,31,52,supp_005,2025-08-19,855.86
snap_006591,prod_3765,wh_003,2025-08-24,9,47,0,10,171,supp_001,2025-09-07,219.2
snap_006592,prod_9453,wh_003,2025-09-08,436,22,414,56,91,supp_005,2025-08-02,325.64
snap_006593,prod_7242,wh_001,2025-09-04,183,45,138,20,172,supp_002,2025-07-31,776.75
snap_006594,prod_2279,wh_002,2025-09-09,404,0,404,15,117,supp_003,2025-08-12,431.15
snap_006595,prod_9620,wh_003,2025-08-18,101,18,83,11,52,supp_003,2025-08-01,681.94
snap_006596,prod_5550,wh_001,2025-08-24,141,8,133,24,180,supp_004,2025-08-17,894.44
snap_006597,prod_7449,wh_001,2025-09-03,116,5,111,16,178,supp_002,2025-08-17,447.57
snap_006598,prod_5346,wh_001,2025-08-26,206,9,197,66,112,supp_004,2025-08-11,232.46
snap_006599,prod_8789,wh_004,2025-09-01,369,19,350,59,153,supp_002,2025-08-11,359.92
snap_006600,prod_4946,wh_001,2025-09-09,417,32,385,14,131,supp_005,2025-08-17,585.26
snap_006601,prod_8162,wh_002,2025-09-05,109,18,91,32,185,supp_002,2025-08-24,124.54
snap_006602,prod_1284,wh_003,2025-08-18,183,15,168,64,122,supp_003,2025-09-07,543.96
snap_006603,prod_8907,wh_002,2025-08-29,419,41,378,40,113,supp_005,2025-08-25,803.12
snap_006604,prod_5471,wh_004,2025-09-13,469,36,433,65,193,supp_001,2025-07-25,642.28
snap_006605,prod_6487,wh_001,2025-09-10,78,47,31,53,56,supp_002,2025-08-05,713.17
snap_006606,prod_2665,wh_003,2025-08-17,15,35,0,13,145,supp_001,2025-08-26,312.33
snap_006607,prod_9920,wh_003,2025-09-01,1,27,0,36,105,supp_001,2025-07-24,310.47
snap_006608,prod_2485,wh_005,2025-08-22,328,33,295,84,61,supp_001,2025-09-01,212.31
snap_006609,prod_6121,wh_005,2025-08-30,301,49,252,65,65,supp_004,2025-08-27,465.22
snap_006610,prod_5991,wh_003,2025-09-01,112,5,107,73,148,supp_004,2025-09-15,696.42
snap_006611,prod_3944,wh_005,2025-08-21,53,1,52,41,61,supp_004,2025-07-29,262.8
snap_006612,prod_8757,wh_004,2025-09-03,272,19,253,85,55,supp_005,2025-07-28,320.23
snap_006613,prod_1196,wh_005,2025-08-19,164,20,144,13,158,supp_003,2025-08-26,180.1
snap_006614,prod_2947,wh_002,2025-09-01,136,3,133,72,62,supp_005,2025-08-08,11.52
snap_006615,prod_1091,wh_005,2025-09-14,367,42,325,44,173,supp_004,2025-08-31,663.37
snap_006616,prod_5480,wh_005,2025-09-08,110,39,71,92,180,supp_004,2025-07-26,479.82
snap_006617,prod_1194,wh_002,2025-08-31,459,46,413,15,171,supp_005,2025-08-11,252.8
snap_006618,prod_9225,wh_001,2025-08-24,84,19,65,53,127,supp_004,2025-08-30,77.04
snap_006619,prod_7859,wh_004,2025-09-03,392,11,381,26,145,supp_003,2025-09-04,491.39
snap_006620,prod_4276,wh_001,2025-08-25,356,12,344,74,104,supp_001,2025-09-06,975.38
snap_006621,prod_7953,wh_004,2025-09-01,318,47,271,84,181,supp_003,2025-09-13,651.96
snap_006622,prod_1614,wh_002,2025-08-30,377,24,353,78,136,supp_001,2025-08-15,347.41
snap_006623,prod_6956,wh_001,2025-08-23,346,15,331,77,95,supp_001,2025-08-16,374.5
snap_006624,prod_4367,wh_002,2025-08-17,289,30,259,13,58,supp_004,2025-08-10,309.84
snap_006625,prod_2779,wh_003,2025-09-01,150,24,126,77,151,supp_003,2025-08-01,894.0
snap_006626,prod_3027,wh_002,2025-08-25,307,8,299,36,171,supp_003,2025-09-08,119.79
snap_006627,prod_7164,wh_003,2025-08-23,184,43,141,23,176,supp_002,2025-08-27,879.58
snap_006628,prod_8397,wh_004,2025-09-03,165,17,148,80,191,supp_003,2025-07-20,967.03
snap_006629,prod_5537,wh_002,2025-09-03,267,35,232,59,93,supp_002,2025-09-10,163.15
snap_006630,prod_5409,wh_001,2025-09-01,284,12,272,24,94,supp_002,2025-08-05,366.76
snap_006631,prod_8165,wh_004,2025-08-17,14,33,0,18,130,supp_005,2025-08-05,899.89
snap_006632,prod_2455,wh_002,2025-08-20,83,41,42,86,102,supp_005,2025-09-11,91.81
snap_006633,prod_8227,wh_001,2025-09-05,262,42,220,91,160,supp_001,2025-09-07,69.31
snap_006634,prod_5847,wh_002,2025-08-24,458,43,415,44,85,supp_004,2025-08-08,558.12
snap_006635,prod_2769,wh_003,2025-09-06,227,2,225,75,80,supp_002,2025-08-16,737.81
snap_006636,prod_6934,wh_001,2025-08-30,30,23,7,35,75,supp_005,2025-09-13,173.21
snap_006637,prod_3756,wh_005,2025-09-10,191,48,143,73,167,supp_005,2025-07-21,295.8
snap_006638,prod_5491,wh_003,2025-09-11,324,32,292,28,200,supp_001,2025-07-31,433.76
snap_006639,prod_3403,wh_003,2025-08-31,262,18,244,60,147,supp_002,2025-09-09,177.1
snap_006640,prod_2086,wh_004,2025-08-31,401,2,399,23,143,supp_002,2025-08-07,243.7
snap_006641,prod_5853,wh_005,2025-09-05,230,4,226,69,163,supp_002,2025-08-28,376.91
snap_006642,prod_5861,wh_004,2025-09-08,366,48,318,73,80,supp_001,2025-08-31,975.81
snap_006643,prod_8720,wh_001,2025-09-02,174,1,173,99,62,supp_004,2025-08-13,990.96
snap_006644,prod_3654,wh_002,2025-08-26,462,3,459,62,55,supp_005,2025-08-13,922.57
snap_006645,prod_1294,wh_004,2025-09-15,257,50,207,32,51,supp_001,2025-07-18,208.51
snap_006646,prod_8988,wh_003,2025-09-10,202,44,158,46,90,supp_001,2025-07-31,551.33
snap_006647,prod_6729,wh_005,2025-08-25,460,3,457,57,99,supp_003,2025-09-15,723.89
snap_006648,prod_2687,wh_002,2025-08-17,475,44,431,21,68,supp_002,2025-09-11,537.17
snap_006649,prod_9813,wh_002,2025-08-28,494,14,480,52,157,supp_005,2025-08-27,415.16
snap_006650,prod_1018,wh_001,2025-09-05,89,6,83,59,63,supp_001,2025-09-06,707.47
snap_006651,prod_7594,wh_002,2025-09-06,19,33,0,69,88,supp_004,2025-09-14,133.46
snap_006652,prod_6516,wh_005,2025-09-02,440,5,435,81,181,supp_004,2025-08-19,378.8
snap_006653,prod_6974,wh_004,2025-09-13,84,45,39,100,149,supp_005,2025-07-30,822.29
snap_006654,prod_4276,wh_004,2025-08-28,213,35,178,44,102,supp_003,2025-08-25,433.42
snap_006655,prod_9414,wh_001,2025-08-21,75,10,65,99,161,supp_004,2025-08-29,875.15
snap_006656,prod_1043,wh_003,2025-09-08,428,44,384,30,157,supp_003,2025-09-11,340.19
snap_006657,prod_2938,wh_005,2025-08-30,303,5,298,71,125,supp_004,2025-08-18,227.29
snap_006658,prod_9697,wh_002,2025-09-04,481,10,471,45,198,supp_002,2025-08-25,731.4
snap_006659,prod_5699,wh_001,2025-09-03,32,31,1,13,194,supp_001,2025-08-07,135.59
snap_006660,prod_6682,wh_001,2025-08-18,156,46,110,26,131,supp_001,2025-08-23,549.22
snap_006661,prod_2918,wh_003,2025-09-13,232,26,206,52,80,supp_005,2025-08-10,769.01
snap_006662,prod_8488,wh_001,2025-08-25,324,30,294,30,135,supp_004,2025-09-10,929.85
snap_006663,prod_2036,wh_005,2025-08-29,175,10,165,94,58,supp_004,2025-07-22,125.68
snap_006664,prod_6677,wh_004,2025-08-24,131,40,91,61,117,supp_003,2025-07-23,814.99
snap_006665,prod_5141,wh_002,2025-09-07,398,9,389,74,141,supp_005,2025-07-19,670.0
snap_006666,prod_7228,wh_003,2025-08-25,58,25,33,65,156,supp_004,2025-08-29,274.49
snap_006667,prod_8856,wh_003,2025-08-23,245,20,225,76,50,supp_004,2025-07-31,533.42
snap_006668,prod_3644,wh_005,2025-08-19,196,17,179,48,116,supp_002,2025-09-10,670.76
snap_006669,prod_8767,wh_001,2025-08-19,148,28,120,93,70,supp_005,2025-08-20,322.75
snap_006670,prod_3836,wh_004,2025-08-29,88,33,55,81,139,supp_004,2025-09-02,613.77
snap_006671,prod_3523,wh_002,2025-08-19,427,29,398,81,160,supp_001,2025-08-07,899.62
snap_006672,prod_1328,wh_001,2025-08-17,24,3,21,74,104,supp_005,2025-08-23,178.0
snap_006673,prod_3320,wh_005,2025-09-06,262,50,212,31,50,supp_003,2025-08-08,725.77
snap_006674,prod_3334,wh_004,2025-08-24,390,3,387,16,87,supp_005,2025-09-08,298.1
snap_006675,prod_9459,wh_004,2025-09-09,65,18,47,66,174,supp_002,2025-08-30,750.23
snap_006676,prod_3494,wh_002,2025-09-13,271,43,228,84,193,supp_002,2025-09-06,230.79
snap_006677,prod_7247,wh_002,2025-08-21,206,27,179,24,133,supp_001,2025-09-04,317.0
snap_006678,prod_3684,wh_003,2025-09-07,36,24,12,64,190,supp_003,2025-08-06,653.88
snap_006679,prod_3549,wh_005,2025-08-23,78,12,66,29,199,supp_003,2025-07-25,811.72
snap_006680,prod_1537,wh_004,2025-09-15,400,10,390,26,104,supp_005,2025-07-24,135.45
snap_006681,prod_7969,wh_003,2025-08-19,18,49,0,22,52,supp_003,2025-08-05,932.37
snap_006682,prod_8179,wh_001,2025-08-22,128,4,124,28,71,supp_001,2025-07-22,172.79
snap_006683,prod_8534,wh_002,2025-08-24,488,15,473,95,149,supp_001,2025-09-09,604.53
snap_006684,prod_2380,wh_005,2025-09-06,397,23,374,96,51,supp_001,2025-09-15,409.51
snap_006685,prod_2416,wh_004,2025-09-06,69,19,50,16,65,supp_004,2025-08-30,366.35
snap_006686,prod_1509,wh_002,2025-09-01,292,7,285,44,153,supp_005,2025-08-25,848.76
snap_006687,prod_6292,wh_005,2025-08-24,412,31,381,16,63,supp_003,2025-08-21,53.19
snap_006688,prod_7867,wh_004,2025-08-18,82,42,40,33,89,supp_004,2025-09-10,958.4
snap_006689,prod_5180,wh_003,2025-08-31,471,48,423,89,167,supp_005,2025-07-27,710.83
snap_006690,prod_1867,wh_005,2025-09-13,306,20,286,11,75,supp_003,2025-08-06,136.55
snap_006691,prod_9149,wh_002,2025-08-19,186,10,176,90,197,supp_005,2025-08-15,38.96
snap_006692,prod_3171,wh_004,2025-08-24,471,2,469,60,175,supp_002,2025-07-18,131.97
snap_006693,prod_3771,wh_004,2025-09-05,390,16,374,32,107,supp_001,2025-08-22,212.75
snap_006694,prod_6219,wh_005,2025-08-28,286,19,267,34,128,supp_005,2025-07-21,390.38
snap_006695,prod_2673,wh_005,2025-09-02,114,42,72,26,185,supp_003,2025-08-14,199.56
snap_006696,prod_1041,wh_003,2025-08-28,126,27,99,45,163,supp_002,2025-09-03,337.51
snap_006697,prod_1147,wh_001,2025-09-09,52,15,37,29,108,supp_004,2025-09-15,144.29
snap_006698,prod_9140,wh_005,2025-09-08,406,9,397,40,107,supp_004,2025-08-19,801.66
snap_006699,prod_1907,wh_005,2025-09-12,494,14,480,36,107,supp_001,2025-08-10,705.27
snap_006700,prod_4269,wh_005,2025-08-20,416,32,384,93,61,supp_005,2025-08-01,147.61
snap_006701,prod_8618,wh_004,2025-08-21,165,10,155,77,60,supp_003,2025-09-13,784.7
snap_006702,prod_9106,wh_001,2025-09-06,256,40,216,61,195,supp_001,2025-08-21,674.86
snap_006703,prod_4930,wh_004,2025-08-27,254,46,208,81,87,supp_004,2025-07-22,988.95
snap_006704,prod_6271,wh_003,2025-09-11,272,1,271,92,171,supp_003,2025-08-13,376.01
snap_006705,prod_1487,wh_003,2025-08-27,478,10,468,32,131,supp_001,2025-08-17,124.3
snap_006706,prod_3645,wh_003,2025-08-24,27,23,4,81,179,supp_004,2025-08-10,33.97
snap_006707,prod_3072,wh_004,2025-09-14,463,23,440,54,132,supp_002,2025-07-24,100.27
snap_006708,prod_4617,wh_003,2025-08-23,108,13,95,43,51,supp_003,2025-09-01,936.24
snap_006709,prod_6307,wh_003,2025-08-28,442,18,424,17,160,supp_003,2025-08-21,618.21
snap_006710,prod_3971,wh_005,2025-09-06,138,18,120,12,104,supp_005,2025-08-13,416.69
snap_006711,prod_5077,wh_004,2025-09-11,449,50,399,71,193,supp_005,2025-07-18,748.56
snap_006712,prod_1248,wh_003,2025-08-28,263,20,243,92,181,supp_002,2025-08-17,603.38
snap_006713,prod_3181,wh_003,2025-08-25,464,0,464,43,83,supp_001,2025-07-29,646.15
snap_006714,prod_2496,wh_004,2025-09-13,97,48,49,32,127,supp_005,2025-09-09,134.64
snap_006715,prod_6140,wh_005,2025-08-25,317,8,309,96,93,supp_003,2025-09-01,353.72
snap_006716,prod_1995,wh_004,2025-09-10,10,19,0,36,149,supp_003,2025-08-22,589.14
snap_006717,prod_1028,wh_002,2025-09-13,373,14,359,26,145,supp_001,2025-08-23,927.89
snap_006718,prod_2677,wh_005,2025-09-11,375,5,370,23,188,supp_003,2025-07-25,941.04
snap_006719,prod_6740,wh_001,2025-09-06,381,42,339,62,195,supp_001,2025-09-11,412.76
snap_006720,prod_7422,wh_002,2025-09-01,231,47,184,45,66,supp_002,2025-08-01,164.43
snap_006721,prod_6591,wh_004,2025-09-05,464,8,456,22,155,supp_005,2025-08-08,123.52
snap_006722,prod_7344,wh_004,2025-08-24,274,24,250,94,117,supp_002,2025-08-16,279.98
snap_006723,prod_4561,wh_002,2025-08-30,182,20,162,17,67,supp_001,2025-09-02,350.52
snap_006724,prod_6488,wh_003,2025-08-31,267,16,251,52,86,supp_002,2025-08-04,266.06
snap_006725,prod_6733,wh_004,2025-09-05,243,15,228,99,83,supp_004,2025-09-12,28.4
snap_006726,prod_5618,wh_001,2025-08-20,495,20,475,69,188,supp_002,2025-09-09,545.14
snap_006727,prod_9735,wh_005,2025-09-08,315,19,296,14,87,supp_005,2025-08-08,215.18
snap_006728,prod_1787,wh_003,2025-09-10,299,25,274,91,161,supp_001,2025-08-05,286.58
snap_006729,prod_9611,wh_005,2025-08-18,309,42,267,81,138,supp_004,2025-08-11,464.16
snap_006730,prod_4165,wh_001,2025-08-25,430,0,430,12,169,supp_004,2025-09-05,585.09
snap_006731,prod_3203,wh_002,2025-08-31,274,26,248,10,185,supp_005,2025-07-29,911.22
snap_006732,prod_6934,wh_004,2025-09-12,409,21,388,21,177,supp_002,2025-08-25,973.29
snap_006733,prod_9109,wh_001,2025-09-09,64,16,48,92,139,supp_002,2025-08-09,699.64
snap_006734,prod_1622,wh_004,2025-08-23,39,44,0,72,146,supp_005,2025-08-19,511.04
snap_006735,prod_8358,wh_002,2025-09-03,232,16,216,53,104,supp_001,2025-08-09,287.71
snap_006736,prod_1977,wh_005,2025-09-15,55,47,8,72,113,supp_004,2025-07-25,712.8
snap_006737,prod_6636,wh_005,2025-08-17,217,3,214,14,133,supp_004,2025-07-24,550.79
snap_006738,prod_3770,wh_001,2025-08-23,93,13,80,64,167,supp_003,2025-09-02,557.86
snap_006739,prod_4689,wh_005,2025-08-31,110,5,105,83,139,supp_005,2025-07-20,579.5
snap_006740,prod_3062,wh_002,2025-08-26,142,39,103,31,150,supp_002,2025-08-21,731.61
snap_006741,prod_8126,wh_003,2025-09-04,385,16,369,26,146,supp_005,2025-08-24,484.47
snap_006742,prod_3621,wh_005,2025-08-25,92,28,64,70,124,supp_002,2025-07-31,572.43
snap_006743,prod_3772,wh_003,2025-09-08,220,5,215,71,89,supp_003,2025-08-29,475.83
snap_006744,prod_9043,wh_004,2025-08-28,147,34,113,58,151,supp_003,2025-08-19,577.97
snap_006745,prod_8220,wh_005,2025-09-14,428,21,407,75,168,supp_002,2025-07-19,104.36
snap_006746,prod_4091,wh_001,2025-09-06,410,42,368,78,62,supp_003,2025-08-02,509.66
snap_006747,prod_1960,wh_004,2025-09-12,61,16,45,68,120,supp_003,2025-09-03,553.51
snap_006748,prod_8127,wh_002,2025-09-01,316,28,288,55,173,supp_004,2025-07-19,8.47
snap_006749,prod_1893,wh_004,2025-08-25,248,20,228,64,77,supp_002,2025-08-14,663.03
snap_006750,prod_3262,wh_005,2025-08-21,443,32,411,57,76,supp_002,2025-08-31,994.21
snap_006751,prod_5100,wh_004,2025-09-03,109,8,101,83,99,supp_004,2025-08-15,864.51
snap_006752,prod_9662,wh_003,2025-09-13,213,9,204,68,105,supp_003,2025-08-23,49.68
snap_006753,prod_2797,wh_005,2025-08-22,416,23,393,37,60,supp_002,2025-09-08,50.54
snap_006754,prod_6224,wh_005,2025-09-13,388,49,339,54,99,supp_002,2025-08-26,94.32
snap_006755,prod_1564,wh_005,2025-08-20,431,37,394,69,62,supp_003,2025-08-13,210.82
snap_006756,prod_3848,wh_004,2025-08-29,116,21,95,51,117,supp_005,2025-09-12,747.03
snap_006757,prod_8508,wh_002,2025-08-17,81,15,66,41,197,supp_001,2025-07-25,992.39
snap_006758,prod_7115,wh_004,2025-09-09,398,22,376,96,166,supp_001,2025-08-30,785.91
snap_006759,prod_1639,wh_001,2025-08-18,394,6,388,92,117,supp_005,2025-09-11,202.94
snap_006760,prod_7510,wh_002,2025-08-31,496,3,493,44,184,supp_001,2025-08-05,490.28
snap_006761,prod_9996,wh_001,2025-08-18,182,34,148,83,123,supp_005,2025-08-02,680.23
snap_006762,prod_2357,wh_001,2025-08-27,459,23,436,27,89,supp_002,2025-08-20,551.0
snap_006763,prod_4599,wh_001,2025-09-13,269,22,247,95,158,supp_005,2025-09-06,959.43
snap_006764,prod_1813,wh_001,2025-08-28,8,20,0,33,174,supp_002,2025-08-05,491.28
snap_006765,prod_3513,wh_005,2025-09-03,390,44,346,92,96,supp_003,2025-09-01,817.56
snap_006766,prod_3662,wh_002,2025-09-03,198,21,177,89,62,supp_004,2025-08-08,364.26
snap_006767,prod_1258,wh_004,2025-08-31,142,2,140,23,158,supp_002,2025-09-08,968.04
snap_006768,prod_9677,wh_004,2025-09-02,481,38,443,47,169,supp_002,2025-08-09,376.56
snap_006769,prod_4764,wh_002,2025-08-21,162,48,114,13,188,supp_003,2025-09-09,468.69
snap_006770,prod_7027,wh_004,2025-09-07,52,3,49,95,124,supp_003,2025-07-20,670.53
snap_006771,prod_6761,wh_005,2025-08-31,488,32,456,39,124,supp_003,2025-08-01,468.62
snap_006772,prod_4594,wh_002,2025-08-30,462,28,434,47,165,supp_001,2025-07-25,507.19
snap_006773,prod_9214,wh_002,2025-08-18,432,20,412,38,177,supp_004,2025-09-09,82.57
snap_006774,prod_2694,wh_004,2025-09-07,9,34,0,33,142,supp_002,2025-08-07,215.51
snap_006775,prod_4774,wh_001,2025-08-27,125,11,114,37,144,supp_002,2025-08-17,216.64
snap_006776,prod_3144,wh_005,2025-09-14,465,42,423,86,149,supp_002,2025-08-29,827.8
snap_006777,prod_2960,wh_005,2025-09-10,85,49,36,57,84,supp_002,2025-08-11,187.26
snap_006778,prod_5633,wh_003,2025-08-24,490,14,476,51,105,supp_005,2025-08-01,372.42
snap_006779,prod_6279,wh_002,2025-09-15,355,40,315,50,136,supp_005,2025-09-13,875.0
snap_006780,prod_4129,wh_002,2025-08-21,75,35,40,88,81,supp_005,2025-09-13,870.76
snap_006781,prod_7221,wh_003,2025-09-11,391,46,345,76,122,supp_004,2025-07-30,32.77
snap_006782,prod_8247,wh_003,2025-08-19,108,36,72,12,197,supp_003,2025-08-19,910.41
snap_006783,prod_7423,wh_003,2025-08-19,83,38,45,48,179,supp_001,2025-09-06,517.61
snap_006784,prod_7774,wh_001,2025-09-05,319,27,292,40,61,supp_003,2025-07-22,568.68
snap_006785,prod_6672,wh_003,2025-08-18,290,29,261,86,104,supp_001,2025-08-12,6.3
snap_006786,prod_2049,wh_002,2025-09-03,70,47,23,82,156,supp_005,2025-08-17,835.49
snap_006787,prod_4149,wh_002,2025-09-01,53,32,21,84,156,supp_002,2025-07-26,192.87
snap_006788,prod_8524,wh_002,2025-09-05,67,11,56,84,193,supp_004,2025-09-01,528.25
snap_006789,prod_2259,wh_001,2025-08-24,279,43,236,42,123,supp_002,2025-07-21,637.29
snap_006790,prod_4192,wh_001,2025-09-02,60,22,38,22,80,supp_003,2025-09-15,426.85
snap_006791,prod_7154,wh_005,2025-09-02,216,30,186,87,178,supp_005,2025-08-16,827.49
snap_006792,prod_4038,wh_004,2025-08-20,291,16,275,58,146,supp_001,2025-09-07,88.95
snap_006793,prod_1741,wh_005,2025-09-05,65,18,47,61,177,supp_002,2025-09-15,657.7
snap_006794,prod_1223,wh_003,2025-08-18,296,28,268,58,199,supp_003,2025-08-23,93.6
snap_006795,prod_9884,wh_002,2025-08-30,226,31,195,67,94,supp_003,2025-09-01,670.31
snap_006796,prod_4108,wh_003,2025-09-04,208,13,195,84,193,supp_001,2025-07-22,928.68
snap_006797,prod_1046,wh_003,2025-08-23,479,3,476,99,88,supp_004,2025-08-20,417.48
snap_006798,prod_3029,wh_004,2025-08-22,237,7,230,100,114,supp_003,2025-07-23,142.07
snap_006799,prod_8725,wh_002,2025-09-15,177,42,135,80,131,supp_004,2025-08-23,181.25
snap_006800,prod_6616,wh_001,2025-09-14,469,39,430,92,81,supp_002,2025-08-19,783.01
snap_006801,prod_6928,wh_005,2025-08-17,8,10,0,28,79,supp_004,2025-07-18,600.91
snap_006802,prod_7003,wh_005,2025-08-21,152,5,147,81,198,supp_002,2025-08-06,15.55
snap_006803,prod_7680,wh_003,2025-08-19,89,46,43,25,129,supp_004,2025-08-02,906.77
snap_006804,prod_2319,wh_003,2025-09-05,421,3,418,52,52,supp_003,2025-08-03,566.2
snap_006805,prod_5539,wh_004,2025-09-06,493,18,475,14,195,supp_005,2025-08-20,414.44
snap_006806,prod_2770,wh_001,2025-08-29,339,41,298,94,51,supp_002,2025-09-05,921.12
snap_006807,prod_6944,wh_003,2025-08-22,374,29,345,93,196,supp_003,2025-08-05,920.94
snap_006808,prod_5723,wh_005,2025-08-20,60,50,10,83,161,supp_002,2025-09-05,569.48
snap_006809,prod_1669,wh_005,2025-08-31,288,31,257,13,114,supp_003,2025-08-15,729.21
snap_006810,prod_3465,wh_005,2025-08-23,95,39,56,41,100,supp_003,2025-08-16,204.45
snap_006811,prod_9986,wh_004,2025-09-07,9,12,0,43,166,supp_001,2025-08-21,780.56
snap_006812,prod_3443,wh_005,2025-09-11,282,37,245,70,114,supp_003,2025-09-15,804.52
snap_006813,prod_8520,wh_005,2025-08-28,341,38,303,93,163,supp_005,2025-08-01,287.08
snap_006814,prod_8129,wh_004,2025-09-07,241,24,217,95,112,supp_004,2025-09-15,424.58
snap_006815,prod_9575,wh_002,2025-08-30,160,30,130,30,146,supp_002,2025-08-05,634.59
snap_006816,prod_4838,wh_005,2025-08-21,125,35,90,77,172,supp_001,2025-08-04,396.32
snap_006817,prod_7397,wh_004,2025-08-22,78,10,68,12,174,supp_002,2025-07-22,267.72
snap_006818,prod_6283,wh_001,2025-09-10,415,28,387,35,58,supp_005,2025-09-02,879.25
snap_006819,prod_9467,wh_005,2025-09-03,36,3,33,77,83,supp_003,2025-08-19,989.13
snap_006820,prod_7916,wh_001,2025-09-12,482,35,447,56,50,supp_001,2025-09-07,340.52
snap_006821,prod_8050,wh_005,2025-09-06,347,8,339,78,166,supp_002,2025-08-21,46.81
snap_006822,prod_1605,wh_003,2025-08-17,295,6,289,66,92,supp_004,2025-08-07,258.41
snap_006823,prod_7482,wh_002,2025-08-21,396,32,364,53,95,supp_004,2025-08-08,645.96
snap_006824,prod_8162,wh_002,2025-09-14,425,0,425,48,102,supp_002,2025-08-21,670.02
snap_006825,prod_9032,wh_001,2025-09-10,188,16,172,26,98,supp_002,2025-08-09,820.58
snap_006826,prod_5280,wh_002,2025-09-10,35,23,12,77,144,supp_004,2025-08-22,895.92
snap_006827,prod_5790,wh_005,2025-09-12,492,17,475,69,155,supp_002,2025-07-21,954.38
snap_006828,prod_2307,wh_004,2025-08-28,435,3,432,15,57,supp_004,2025-09-06,637.38
snap_006829,prod_6246,wh_005,2025-08-23,370,34,336,40,83,supp_002,2025-08-24,154.44
snap_006830,prod_3528,wh_003,2025-08-20,285,30,255,21,111,supp_002,2025-08-10,21.73
snap_006831,prod_6734,wh_001,2025-09-05,17,15,2,16,93,supp_003,2025-08-27,66.31
snap_006832,prod_3809,wh_001,2025-09-10,324,18,306,55,159,supp_005,2025-09-08,575.63
snap_006833,prod_5697,wh_001,2025-08-26,45,9,36,13,161,supp_005,2025-07-20,506.42
snap_006834,prod_7171,wh_003,2025-09-13,344,4,340,93,142,supp_001,2025-09-07,576.93
snap_006835,prod_8295,wh_004,2025-09-01,112,44,68,43,157,supp_003,2025-08-20,198.25
snap_006836,prod_2141,wh_005,2025-09-13,483,32,451,93,198,supp_002,2025-07-27,250.89
snap_006837,prod_5813,wh_004,2025-08-28,414,20,394,14,98,supp_005,2025-07-31,37.28
snap_006838,prod_1047,wh_002,2025-08-26,273,6,267,28,171,supp_003,2025-08-12,564.26
snap_006839,prod_8771,wh_005,2025-09-09,350,6,344,98,167,supp_002,2025-07-27,341.65
snap_006840,prod_7006,wh_004,2025-08-19,2,34,0,62,140,supp_005,2025-08-18,866.41
snap_006841,prod_7045,wh_002,2025-09-10,94,43,51,53,185,supp_004,2025-07-27,465.44
snap_006842,prod_4061,wh_002,2025-09-06,166,7,159,35,163,supp_005,2025-09-05,420.93
snap_006843,prod_4133,wh_005,2025-09-01,99,26,73,95,196,supp_002,2025-09-09,771.67
snap_006844,prod_9032,wh_001,2025-08-25,117,0,117,88,106,supp_003,2025-09-10,11.31
snap_006845,prod_4664,wh_005,2025-08-21,62,36,26,65,132,supp_003,2025-08-13,281.95
snap_006846,prod_2614,wh_003,2025-09-10,449,19,430,84,71,supp_001,2025-09-11,244.2
snap_006847,prod_6350,wh_001,2025-09-02,115,34,81,48,174,supp_004,2025-08-04,718.41
snap_006848,prod_3385,wh_001,2025-09-09,143,31,112,49,140,supp_001,2025-07-23,195.47
snap_006849,prod_1688,wh_002,2025-09-07,46,20,26,70,77,supp_001,2025-08-09,567.91
snap_006850,prod_6259,wh_004,2025-09-04,92,24,68,56,124,supp_002,2025-09-03,619.54
snap_006851,prod_1503,wh_005,2025-09-09,117,26,91,54,90,supp_004,2025-08-19,779.11
snap_006852,prod_8612,wh_005,2025-09-06,282,27,255,49,59,supp_004,2025-08-03,935.68
snap_006853,prod_9240,wh_001,2025-09-01,473,22,451,48,162,supp_002,2025-08-22,463.51
snap_006854,prod_1513,wh_004,2025-09-15,106,12,94,46,92,supp_002,2025-09-01,813.09
snap_006855,prod_8429,wh_005,2025-09-02,203,33,170,68,182,supp_001,2025-08-29,780.82
snap_006856,prod_2245,wh_004,2025-09-04,273,30,243,42,83,supp_001,2025-09-07,657.63
snap_006857,prod_6359,wh_001,2025-08-18,339,46,293,84,53,supp_002,2025-08-30,774.58
snap_006858,prod_9056,wh_001,2025-09-01,103,5,98,27,102,supp_002,2025-08-10,564.31
snap_006859,prod_3987,wh_003,2025-09-14,209,40,169,18,56,supp_004,2025-08-15,485.75
snap_006860,prod_8998,wh_004,2025-08-22,199,9,190,44,145,supp_004,2025-08-31,887.33
snap_006861,prod_1766,wh_003,2025-09-05,3,50,0,74,200,supp_002,2025-08-15,860.66
snap_006862,prod_7173,wh_003,2025-08-19,54,26,28,93,112,supp_001,2025-08-19,756.65
snap_006863,prod_1978,wh_005,2025-09-09,380,25,355,17,108,supp_002,2025-08-24,828.45
snap_006864,prod_5875,wh_001,2025-08-31,118,10,108,62,75,supp_002,2025-08-20,328.71
snap_006865,prod_8613,wh_003,2025-09-08,15,20,0,64,124,supp_001,2025-07-28,151.64
snap_006866,prod_4791,wh_004,2025-08-23,271,20,251,76,131,supp_001,2025-07-19,217.96
snap_006867,prod_7457,wh_002,2025-09-01,360,27,333,43,137,supp_005,2025-09-08,166.51
snap_006868,prod_8670,wh_005,2025-09-07,147,38,109,37,125,supp_002,2025-09-10,208.39
snap_006869,prod_6381,wh_002,2025-09-11,319,35,284,13,196,supp_004,2025-09-05,363.9
snap_006870,prod_6328,wh_002,2025-08-22,190,35,155,65,156,supp_003,2025-08-26,240.24
snap_006871,prod_4179,wh_002,2025-09-12,185,46,139,79,113,supp_003,2025-08-01,978.38
snap_006872,prod_6591,wh_003,2025-08-23,212,3,209,78,84,supp_003,2025-08-04,343.17
snap_006873,prod_8107,wh_004,2025-08-25,379,42,337,24,170,supp_002,2025-08-15,840.69
snap_006874,prod_6673,wh_004,2025-09-07,436,44,392,73,159,supp_003,2025-08-01,407.88
snap_006875,prod_4364,wh_001,2025-09-12,419,13,406,99,52,supp_005,2025-07-23,473.46
snap_006876,prod_9798,wh_004,2025-08-30,68,37,31,10,91,supp_004,2025-08-11,534.95
snap_006877,prod_8789,wh_001,2025-09-02,374,11,363,61,175,supp_001,2025-07-28,768.6
snap_006878,prod_5893,wh_003,2025-08-27,125,8,117,89,198,supp_004,2025-07-31,801.6
snap_006879,prod_9975,wh_003,2025-08-23,455,6,449,45,93,supp_005,2025-08-24,805.81
snap_006880,prod_3030,wh_003,2025-09-11,167,27,140,72,106,supp_003,2025-09-15,979.48
snap_006881,prod_2142,wh_005,2025-08-26,173,48,125,36,158,supp_001,2025-08-23,10.97
snap_006882,prod_4668,wh_002,2025-08-26,185,35,150,34,165,supp_001,2025-08-22,322.88
snap_006883,prod_5656,wh_002,2025-08-24,154,23,131,79,114,supp_003,2025-08-12,799.6
snap_006884,prod_1965,wh_004,2025-09-12,211,18,193,40,195,supp_004,2025-07-27,416.3
snap_006885,prod_1168,wh_001,2025-08-17,117,11,106,90,134,supp_002,2025-08-22,834.87
snap_006886,prod_8852,wh_002,2025-08-27,389,27,362,35,173,supp_005,2025-07-30,970.59
snap_006887,prod_5923,wh_003,2025-08-26,418,13,405,41,104,supp_005,2025-07-30,398.5
snap_006888,prod_7142,wh_002,2025-08-24,9,37,0,17,196,supp_005,2025-08-28,959.5
snap_006889,prod_4353,wh_004,2025-09-12,93,33,60,74,102,supp_001,2025-09-06,757.97
snap_006890,prod_6065,wh_005,2025-09-02,193,1,192,99,118,supp_003,2025-09-07,453.04
snap_006891,prod_2836,wh_005,2025-08-23,405,29,376,49,198,supp_001,2025-08-07,928.97
snap_006892,prod_3394,wh_002,2025-09-12,428,36,392,39,144,supp_004,2025-08-22,663.02
snap_006893,prod_3215,wh_002,2025-09-11,78,35,43,98,122,supp_005,2025-08-24,348.84
snap_006894,prod_1652,wh_003,2025-09-01,251,34,217,18,187,supp_004,2025-09-12,714.27
snap_006895,prod_1483,wh_002,2025-09-14,271,49,222,11,192,supp_001,2025-07-22,445.37
snap_006896,prod_2557,wh_005,2025-08-21,339,11,328,95,174,supp_005,2025-08-20,325.53
snap_006897,prod_2836,wh_005,2025-09-10,170,0,170,69,85,supp_001,2025-08-11,709.29
snap_006898,prod_5665,wh_005,2025-08-20,491,21,470,69,185,supp_001,2025-08-23,587.17
snap_006899,prod_4850,wh_003,2025-09-10,140,0,140,37,66,supp_001,2025-08-25,193.2
snap_006900,prod_5496,wh_003,2025-09-13,332,13,319,10,116,supp_004,2025-08-02,594.21
snap_006901,prod_6408,wh_001,2025-08-19,11,13,0,77,52,supp_002,2025-08-08,338.84
snap_006902,prod_9809,wh_005,2025-09-08,450,13,437,88,60,supp_005,2025-09-14,701.13
snap_006903,prod_9959,wh_003,2025-09-04,397,25,372,87,72,supp_003,2025-08-07,723.99
snap_006904,prod_9637,wh_003,2025-09-05,157,11,146,13,103,supp_005,2025-07-20,974.55
snap_006905,prod_1818,wh_002,2025-09-10,482,48,434,53,199,supp_001,2025-09-15,710.61
snap_006906,prod_5575,wh_002,2025-08-22,415,13,402,43,173,supp_004,2025-08-02,193.74
snap_006907,prod_4168,wh_003,2025-08-31,369,16,353,45,96,supp_004,2025-08-15,947.14
snap_006908,prod_3383,wh_001,2025-09-04,190,10,180,10,112,supp_005,2025-09-11,521.83
snap_006909,prod_1284,wh_004,2025-09-03,138,4,134,56,190,supp_004,2025-08-26,222.54
snap_006910,prod_8314,wh_002,2025-08-31,498,7,491,56,179,supp_003,2025-09-08,769.34
snap_006911,prod_4087,wh_004,2025-09-11,140,27,113,74,109,supp_002,2025-08-01,38.55
snap_006912,prod_1846,wh_002,2025-08-27,422,40,382,56,141,supp_004,2025-09-01,703.34
snap_006913,prod_3757,wh_001,2025-09-10,299,1,298,39,88,supp_001,2025-09-12,842.82
snap_006914,prod_5402,wh_005,2025-08-17,347,35,312,10,169,supp_005,2025-07-28,137.65
snap_006915,prod_2803,wh_002,2025-09-12,151,40,111,12,126,supp_005,2025-09-11,89.51
snap_006916,prod_4576,wh_002,2025-08-17,155,35,120,30,83,supp_001,2025-08-22,75.44
snap_006917,prod_8097,wh_001,2025-09-03,321,40,281,84,190,supp_002,2025-07-29,98.34
snap_006918,prod_1338,wh_003,2025-08-24,140,31,109,60,87,supp_003,2025-09-07,549.75
snap_006919,prod_1176,wh_005,2025-09-14,193,17,176,90,92,supp_001,2025-08-01,31.32
snap_006920,prod_1757,wh_002,2025-08-20,176,24,152,63,124,supp_002,2025-09-02,615.48
snap_006921,prod_5894,wh_005,2025-09-14,137,1,136,64,98,supp_001,2025-07-18,922.23
snap_006922,prod_4961,wh_005,2025-09-03,227,48,179,33,113,supp_004,2025-08-24,721.46
snap_006923,prod_4616,wh_001,2025-09-03,235,38,197,71,59,supp_002,2025-09-01,568.12
snap_006924,prod_9157,wh_002,2025-08-20,310,8,302,96,51,supp_005,2025-07-27,531.09
snap_006925,prod_8667,wh_003,2025-08-30,316,29,287,82,149,supp_003,2025-09-02,410.81
snap_006926,prod_4133,wh_004,2025-08-31,189,19,170,67,94,supp_004,2025-09-15,252.81
snap_006927,prod_2510,wh_005,2025-08-28,460,26,434,93,184,supp_004,2025-08-27,628.25
snap_006928,prod_3502,wh_004,2025-08-31,208,0,208,58,144,supp_004,2025-07-26,583.78
snap_006929,prod_2210,wh_004,2025-08-24,261,34,227,57,117,supp_002,2025-07-31,608.2
snap_006930,prod_7847,wh_001,2025-09-04,297,2,295,88,182,supp_005,2025-09-15,775.72
snap_006931,prod_2132,wh_004,2025-09-05,464,24,440,52,90,supp_001,2025-09-07,647.09
snap_006932,prod_6019,wh_004,2025-09-06,322,25,297,53,185,supp_003,2025-07-28,207.1
snap_006933,prod_9245,wh_004,2025-09-15,102,17,85,42,156,supp_004,2025-09-06,71.43
snap_006934,prod_6062,wh_001,2025-08-31,179,37,142,91,128,supp_005,2025-08-12,10.68
snap_006935,prod_2494,wh_002,2025-09-03,101,9,92,25,181,supp_001,2025-07-18,445.04
snap_006936,prod_3250,wh_003,2025-08-20,361,41,320,25,147,supp_004,2025-07-18,106.01
snap_006937,prod_1465,wh_002,2025-09-05,403,2,401,12,151,supp_003,2025-09-02,275.28
snap_006938,prod_1739,wh_001,2025-09-04,12,19,0,24,162,supp_003,2025-09-15,33.51
snap_006939,prod_6127,wh_001,2025-08-22,361,35,326,66,152,supp_001,2025-07-26,359.63
snap_006940,prod_7863,wh_003,2025-09-13,474,10,464,94,98,supp_004,2025-09-01,142.35
snap_006941,prod_9570,wh_004,2025-09-03,137,9,128,89,162,supp_003,2025-08-04,605.56
snap_006942,prod_3765,wh_001,2025-09-11,241,11,230,85,52,supp_003,2025-08-23,659.56
snap_006943,prod_2977,wh_002,2025-08-17,431,31,400,89,90,supp_003,2025-07-28,457.66
snap_006944,prod_1157,wh_001,2025-09-08,287,41,246,52,71,supp_002,2025-08-13,250.66
snap_006945,prod_2646,wh_005,2025-08-28,412,29,383,68,198,supp_004,2025-09-07,517.94
snap_006946,prod_4286,wh_003,2025-09-07,112,32,80,76,175,supp_003,2025-08-13,278.5
snap_006947,prod_8056,wh_002,2025-08-20,242,29,213,12,125,supp_001,2025-08-26,15.91
snap_006948,prod_4986,wh_002,2025-08-29,390,37,353,13,73,supp_001,2025-07-30,608.08
snap_006949,prod_8837,wh_005,2025-08-24,366,33,333,73,61,supp_001,2025-08-30,572.01
snap_006950,prod_5327,wh_004,2025-09-01,479,20,459,92,149,supp_001,2025-08-08,583.67
snap_006951,prod_2117,wh_005,2025-09-14,416,7,409,74,65,supp_005,2025-08-31,97.95
snap_006952,prod_4524,wh_005,2025-08-19,241,14,227,25,120,supp_003,2025-07-29,143.91
snap_006953,prod_2714,wh_004,2025-09-01,130,15,115,88,143,supp_001,2025-09-12,442.62
snap_006954,prod_6880,wh_001,2025-08-20,292,34,258,92,121,supp_001,2025-08-26,315.94
snap_006955,prod_6811,wh_004,2025-09-05,442,34,408,80,163,supp_005,2025-08-03,462.55
snap_006956,prod_9443,wh_001,2025-09-07,377,45,332,92,91,supp_003,2025-08-27,523.78
snap_006957,prod_9191,wh_002,2025-09-12,76,40,36,51,82,supp_005,2025-07-30,649.42
snap_006958,prod_8195,wh_004,2025-08-24,399,13,386,56,196,supp_001,2025-07-21,18.56
snap_006959,prod_6174,wh_002,2025-09-06,76,38,38,88,130,supp_003,2025-09-09,512.98
snap_006960,prod_8865,wh_001,2025-09-06,320,33,287,36,174,supp_002,2025-09-05,559.58
snap_006961,prod_7898,wh_002,2025-08-22,84,46,38,37,103,supp_005,2025-09-13,280.29
snap_006962,prod_9591,wh_005,2025-09-11,254,18,236,49,189,supp_002,2025-07-26,56.73
snap_006963,prod_6390,wh_005,2025-08-21,270,0,270,21,179,supp_004,2025-09-04,132.67
snap_006964,prod_3352,wh_003,2025-09-07,317,11,306,56,95,supp_002,2025-08-02,250.26
snap_006965,prod_6313,wh_001,2025-09-14,432,38,394,28,198,supp_004,2025-08-19,163.74
snap_006966,prod_8552,wh_003,2025-08-17,295,6,289,62,148,supp_002,2025-08-13,579.19
snap_006967,prod_2830,wh_001,2025-09-15,223,38,185,67,85,supp_003,2025-08-10,566.53
snap_006968,prod_8871,wh_003,2025-09-06,116,23,93,87,72,supp_003,2025-08-04,759.88
snap_006969,prod_4608,wh_004,2025-08-25,182,31,151,43,187,supp_003,2025-07-24,83.39
snap_006970,prod_6359,wh_005,2025-09-15,433,44,389,35,55,supp_004,2025-08-22,16.42
snap_006971,prod_1431,wh_003,2025-09-02,258,5,253,66,51,supp_001,2025-08-16,466.35
snap_006972,prod_2567,wh_001,2025-08-29,31,18,13,48,137,supp_005,2025-08-10,216.76
snap_006973,prod_2336,wh_004,2025-08-22,490,39,451,79,76,supp_003,2025-09-01,537.68
snap_006974,prod_6021,wh_001,2025-08-26,358,50,308,62,99,supp_001,2025-07-19,60.01
snap_006975,prod_6126,wh_005,2025-08-21,408,32,376,44,84,supp_005,2025-09-15,271.45
snap_006976,prod_9708,wh_002,2025-08-17,195,23,172,94,165,supp_005,2025-09-04,407.43
snap_006977,prod_1215,wh_002,2025-08-23,232,17,215,28,137,supp_004,2025-08-03,638.27
snap_006978,prod_8249,wh_003,2025-09-14,366,0,366,49,99,supp_001,2025-07-27,702.19
snap_006979,prod_8742,wh_003,2025-09-09,214,38,176,58,175,supp_003,2025-09-15,711.05
snap_006980,prod_3309,wh_003,2025-09-10,97,0,97,27,57,supp_005,2025-09-01,365.3
snap_006981,prod_1381,wh_004,2025-09-15,300,29,271,68,85,supp_002,2025-09-15,763.93
snap_006982,prod_1520,wh_001,2025-09-11,474,3,471,44,192,supp_001,2025-07-24,144.51
snap_006983,prod_8689,wh_002,2025-09-08,285,22,263,49,148,supp_004,2025-08-07,812.99
snap_006984,prod_2609,wh_005,2025-08-26,214,50,164,35,132,supp_001,2025-07-22,915.36
snap_006985,prod_8737,wh_001,2025-08-31,185,31,154,90,186,supp_003,2025-09-03,373.65
snap_006986,prod_6877,wh_005,2025-09-05,393,18,375,98,121,supp_001,2025-08-07,375.13
snap_006987,prod_1757,wh_001,2025-08-24,277,21,256,60,194,supp_004,2025-07-28,644.84
snap_006988,prod_4287,wh_005,2025-09-05,435,27,408,70,157,supp_001,2025-08-02,624.58
snap_006989,prod_1481,wh_003,2025-09-15,447,39,408,31,138,supp_001,2025-09-07,30.65
snap_006990,prod_1760,wh_002,2025-08-29,182,42,140,80,168,supp_005,2025-07-28,659.35
snap_006991,prod_9662,wh_003,2025-08-26,303,34,269,66,145,supp_005,2025-09-06,173.61
snap_006992,prod_8923,wh_002,2025-09-09,371,36,335,100,154,supp_005,2025-08-08,78.92
snap_006993,prod_8379,wh_004,2025-09-09,363,23,340,47,192,supp_001,2025-07-25,879.3
snap_006994,prod_3485,wh_001,2025-08-29,56,22,34,36,153,supp_002,2025-07-18,779.14
snap_006995,prod_2712,wh_003,2025-08-21,269,38,231,95,123,supp_002,2025-08-01,43.05
snap_006996,prod_2342,wh_002,2025-08-29,56,11,45,94,146,supp_003,2025-08-27,171.32
snap_006997,prod_7980,wh_005,2025-08-18,91,5,86,56,114,supp_001,2025-08-15,881.41
snap_006998,prod_5379,wh_002,2025-09-13,58,41,17,52,66,supp_004,2025-09-14,177.99
snap_006999,prod_5961,wh_002,2025-09-07,324,43,281,14,82,supp_001,2025-08-01,821.57
snap_007000,prod_3187,wh_005,2025-08-22,308,50,258,85,138,supp_002,2025-08-26,792.08
snap_007001,prod_6918,wh_005,2025-09-13,430,37,393,89,150,supp_005,2025-07-21,968.65
snap_007002,prod_4941,wh_004,2025-08-29,463,9,454,56,73,supp_001,2025-08-19,216.17
snap_007003,prod_2877,wh_005,2025-08-28,310,10,300,83,159,supp_004,2025-08-08,780.8
snap_007004,prod_4672,wh_002,2025-09-13,187,13,174,78,105,supp_001,2025-08-21,335.52
snap_007005,prod_2634,wh_005,2025-08-27,163,21,142,21,143,supp_003,2025-08-19,786.88
snap_007006,prod_1601,wh_003,2025-08-18,349,30,319,31,137,supp_002,2025-09-08,374.52
snap_007007,prod_2076,wh_002,2025-09-03,258,0,258,91,165,supp_002,2025-09-02,217.32
snap_007008,prod_8609,wh_003,2025-08-29,144,8,136,54,120,supp_002,2025-09-08,24.18
snap_007009,prod_7372,wh_002,2025-09-05,145,7,138,70,106,supp_002,2025-09-13,793.69
snap_007010,prod_3155,wh_003,2025-08-27,287,5,282,10,127,supp_003,2025-08-10,758.41
snap_007011,prod_7936,wh_004,2025-09-05,251,34,217,85,157,supp_003,2025-08-04,875.54
snap_007012,prod_1889,wh_005,2025-09-14,283,35,248,41,97,supp_002,2025-09-09,660.45
snap_007013,prod_6923,wh_005,2025-09-03,41,32,9,51,128,supp_005,2025-09-06,387.33
snap_007014,prod_7185,wh_002,2025-08-21,13,37,0,88,115,supp_003,2025-07-25,907.92
snap_007015,prod_9490,wh_003,2025-08-31,217,38,179,59,63,supp_001,2025-07-18,915.01
snap_007016,prod_8323,wh_002,2025-09-01,109,47,62,37,64,supp_001,2025-07-26,266.73
snap_007017,prod_4891,wh_001,2025-08-27,214,5,209,46,133,supp_001,2025-08-17,694.19
snap_007018,prod_7398,wh_003,2025-09-10,157,14,143,66,118,supp_005,2025-07-27,585.43
snap_007019,prod_6436,wh_003,2025-08-26,255,41,214,42,183,supp_001,2025-08-05,134.16
snap_007020,prod_5507,wh_002,2025-08-26,297,18,279,33,52,supp_002,2025-07-25,160.31
snap_007021,prod_1180,wh_002,2025-08-20,135,4,131,67,185,supp_001,2025-07-21,553.26
snap_007022,prod_4401,wh_005,2025-09-03,423,30,393,67,158,supp_004,2025-08-02,502.25
snap_007023,prod_7856,wh_003,2025-09-07,43,26,17,62,80,supp_003,2025-08-21,231.28
snap_007024,prod_5982,wh_002,2025-09-07,36,13,23,28,148,supp_005,2025-08-10,16.65
snap_007025,prod_3375,wh_004,2025-09-05,454,33,421,53,117,supp_004,2025-08-15,912.34
snap_007026,prod_9864,wh_003,2025-09-04,214,20,194,82,116,supp_001,2025-09-08,729.24
snap_007027,prod_1095,wh_002,2025-09-13,254,25,229,21,116,supp_002,2025-08-06,599.71
snap_007028,prod_5710,wh_001,2025-09-01,89,8,81,96,136,supp_003,2025-09-02,713.03
snap_007029,prod_9116,wh_002,2025-09-15,339,14,325,16,116,supp_004,2025-09-12,341.94
snap_007030,prod_4156,wh_005,2025-09-03,306,4,302,19,84,supp_001,2025-07-24,429.87
snap_007031,prod_7391,wh_003,2025-09-14,461,10,451,17,59,supp_002,2025-08-03,278.24
snap_007032,prod_9918,wh_005,2025-09-08,425,34,391,66,171,supp_003,2025-08-18,925.21
snap_007033,prod_9038,wh_001,2025-09-04,101,32,69,70,86,supp_003,2025-08-07,314.6
snap_007034,prod_6852,wh_005,2025-08-27,223,18,205,77,196,supp_003,2025-08-25,273.43
snap_007035,prod_6934,wh_005,2025-08-26,271,3,268,61,72,supp_001,2025-09-09,924.49
snap_007036,prod_2738,wh_004,2025-09-15,167,13,154,18,171,supp_001,2025-08-24,831.36
snap_007037,prod_3570,wh_005,2025-09-13,292,21,271,29,51,supp_002,2025-09-08,910.94
snap_007038,prod_4627,wh_003,2025-08-19,286,41,245,89,67,supp_002,2025-08-25,956.66
snap_007039,prod_4533,wh_003,2025-09-06,234,8,226,13,78,supp_003,2025-08-19,238.83
snap_007040,prod_7268,wh_003,2025-09-02,3,5,0,99,100,supp_004,2025-08-10,640.42
snap_007041,prod_1619,wh_003,2025-08-31,3,45,0,63,122,supp_004,2025-08-06,965.38
snap_007042,prod_7766,wh_004,2025-08-25,384,36,348,19,114,supp_005,2025-08-31,200.31
snap_007043,prod_6118,wh_004,2025-09-06,97,11,86,99,181,supp_002,2025-09-14,865.53
snap_007044,prod_2821,wh_004,2025-09-14,89,48,41,16,170,supp_004,2025-07-22,310.28
snap_007045,prod_3307,wh_003,2025-09-13,3,35,0,34,105,supp_005,2025-07-22,812.2
snap_007046,prod_2016,wh_005,2025-08-18,494,17,477,29,195,supp_004,2025-08-23,559.25
snap_007047,prod_3014,wh_004,2025-09-09,478,5,473,28,148,supp_004,2025-08-12,248.73
snap_007048,prod_3861,wh_003,2025-09-12,392,26,366,41,61,supp_002,2025-07-26,787.73
snap_007049,prod_1592,wh_003,2025-09-05,261,26,235,33,148,supp_001,2025-08-27,170.99
snap_007050,prod_5433,wh_005,2025-09-08,383,37,346,91,136,supp_004,2025-08-10,337.7
snap_007051,prod_4116,wh_005,2025-09-11,360,23,337,48,169,supp_003,2025-08-09,739.97
snap_007052,prod_6426,wh_001,2025-09-05,56,31,25,88,197,supp_004,2025-09-12,580.64
snap_007053,prod_9600,wh_002,2025-08-24,71,48,23,97,118,supp_004,2025-09-01,135.74
snap_007054,prod_7479,wh_004,2025-08-29,109,43,66,73,135,supp_004,2025-07-21,646.36
snap_007055,prod_8602,wh_005,2025-08-22,195,38,157,50,70,supp_005,2025-08-05,122.88
snap_007056,prod_4538,wh_004,2025-08-17,359,20,339,27,98,supp_002,2025-07-30,635.58
snap_007057,prod_3577,wh_002,2025-09-01,257,46,211,64,119,supp_003,2025-08-03,713.99
snap_007058,prod_4481,wh_003,2025-08-18,192,39,153,60,151,supp_004,2025-09-04,904.88
snap_007059,prod_8511,wh_001,2025-08-26,127,8,119,81,155,supp_004,2025-07-29,925.88
snap_007060,prod_1470,wh_004,2025-09-06,333,20,313,33,73,supp_001,2025-08-04,210.34
snap_007061,prod_6034,wh_005,2025-08-17,280,5,275,38,180,supp_001,2025-08-07,778.42
snap_007062,prod_1059,wh_001,2025-08-30,375,17,358,63,164,supp_001,2025-09-14,884.31
snap_007063,prod_1984,wh_004,2025-09-10,342,36,306,54,67,supp_001,2025-08-14,955.46
snap_007064,prod_9409,wh_003,2025-08-23,330,34,296,36,86,supp_002,2025-08-21,18.74
snap_007065,prod_5284,wh_004,2025-08-31,142,15,127,68,163,supp_001,2025-09-13,855.05
snap_007066,prod_5042,wh_004,2025-09-07,236,16,220,31,156,supp_005,2025-07-31,785.53
snap_007067,prod_2307,wh_001,2025-09-01,415,19,396,30,168,supp_003,2025-08-25,543.39
snap_007068,prod_9077,wh_003,2025-08-22,307,46,261,66,157,supp_001,2025-08-16,129.27
snap_007069,prod_2395,wh_001,2025-09-05,103,15,88,65,156,supp_005,2025-07-21,217.4
snap_007070,prod_6751,wh_001,2025-08-18,153,42,111,50,77,supp_004,2025-08-22,610.01
snap_007071,prod_2729,wh_002,2025-08-29,74,22,52,59,86,supp_002,2025-08-16,819.5
snap_007072,prod_2552,wh_004,2025-08-25,129,14,115,44,165,supp_004,2025-08-27,355.7
snap_007073,prod_6354,wh_004,2025-09-02,325,11,314,42,108,supp_002,2025-08-07,6.26
snap_007074,prod_4531,wh_004,2025-08-27,482,43,439,50,107,supp_001,2025-07-26,88.48
snap_007075,prod_4343,wh_005,2025-08-22,98,46,52,87,199,supp_005,2025-08-02,6.76
snap_007076,prod_4162,wh_002,2025-08-25,44,9,35,40,115,supp_003,2025-09-07,892.47
snap_007077,prod_8754,wh_001,2025-09-08,89,36,53,99,154,supp_003,2025-07-22,915.65
snap_007078,prod_9152,wh_003,2025-08-29,321,5,316,15,121,supp_002,2025-09-04,192.35
snap_007079,prod_5112,wh_005,2025-09-14,70,37,33,50,164,supp_002,2025-09-06,574.78
snap_007080,prod_8666,wh_001,2025-08-18,123,14,109,98,85,supp_005,2025-08-23,935.7
snap_007081,prod_7000,wh_002,2025-08-29,381,7,374,77,109,supp_003,2025-08-31,624.29
snap_007082,prod_1248,wh_004,2025-08-29,386,2,384,16,171,supp_001,2025-09-12,12.15
snap_007083,prod_3697,wh_005,2025-08-21,55,15,40,49,154,supp_001,2025-08-26,988.05
snap_007084,prod_7448,wh_005,2025-08-31,428,15,413,84,102,supp_002,2025-08-03,81.3
snap_007085,prod_3275,wh_005,2025-09-12,104,44,60,82,129,supp_001,2025-07-18,164.55
snap_007086,prod_1243,wh_002,2025-09-12,44,16,28,37,153,supp_002,2025-09-07,711.72
snap_007087,prod_3207,wh_001,2025-09-04,361,3,358,86,82,supp_005,2025-07-29,131.69
snap_007088,prod_9140,wh_004,2025-09-06,197,42,155,11,140,supp_002,2025-07-27,85.2
snap_007089,prod_1907,wh_002,2025-08-22,481,7,474,15,200,supp_003,2025-08-25,920.54
snap_007090,prod_9019,wh_002,2025-08-23,496,11,485,36,157,supp_003,2025-07-26,994.72
snap_007091,prod_3746,wh_005,2025-08-28,348,44,304,88,164,supp_002,2025-08-04,709.91
snap_007092,prod_5853,wh_001,2025-09-06,129,38,91,78,53,supp_002,2025-07-31,683.92
snap_007093,prod_7543,wh_001,2025-08-17,209,20,189,66,192,supp_005,2025-08-14,798.78
snap_007094,prod_8342,wh_001,2025-08-18,492,31,461,42,65,supp_002,2025-08-26,564.14
snap_007095,prod_3177,wh_004,2025-09-06,272,33,239,78,78,supp_004,2025-08-04,797.26
snap_007096,prod_9867,wh_005,2025-09-11,499,25,474,75,132,supp_003,2025-07-29,229.92
snap_007097,prod_5653,wh_002,2025-09-14,425,20,405,90,136,supp_005,2025-08-25,487.57
snap_007098,prod_3342,wh_004,2025-09-02,360,22,338,35,110,supp_003,2025-08-10,883.88
snap_007099,prod_8342,wh_005,2025-08-30,79,46,33,30,142,supp_003,2025-08-14,750.17
snap_007100,prod_8731,wh_001,2025-08-19,392,37,355,51,94,supp_002,2025-07-21,81.89
snap_007101,prod_1252,wh_004,2025-08-19,46,8,38,93,132,supp_003,2025-08-29,357.83
snap_007102,prod_3155,wh_005,2025-09-01,200,13,187,86,51,supp_004,2025-07-24,743.35
snap_007103,prod_4872,wh_003,2025-08-24,434,14,420,67,161,supp_001,2025-09-11,285.62
snap_007104,prod_8759,wh_004,2025-09-13,130,35,95,82,144,supp_001,2025-09-05,318.02
snap_007105,prod_2757,wh_001,2025-08-31,315,39,276,35,169,supp_004,2025-09-07,861.18
snap_007106,prod_3273,wh_004,2025-08-18,259,45,214,28,103,supp_001,2025-09-08,568.2
snap_007107,prod_2589,wh_004,2025-08-22,183,37,146,55,149,supp_004,2025-09-14,562.6
snap_007108,prod_2198,wh_001,2025-08-20,417,0,417,45,138,supp_004,2025-08-10,919.91
snap_007109,prod_1992,wh_001,2025-09-04,308,26,282,19,101,supp_005,2025-09-11,597.87
snap_007110,prod_7769,wh_004,2025-08-19,393,4,389,43,56,supp_004,2025-09-06,527.03
snap_007111,prod_7140,wh_002,2025-09-09,229,49,180,20,196,supp_003,2025-08-31,985.71
snap_007112,prod_4337,wh_003,2025-08-21,14,46,0,58,74,supp_003,2025-08-17,931.25
snap_007113,prod_5604,wh_001,2025-08-30,494,38,456,13,128,supp_005,2025-07-31,862.7
snap_007114,prod_2206,wh_002,2025-08-31,458,15,443,20,133,supp_003,2025-09-07,573.16
snap_007115,prod_1846,wh_005,2025-08-22,272,18,254,80,164,supp_005,2025-08-15,942.23
snap_007116,prod_4898,wh_004,2025-09-04,234,35,199,19,50,supp_001,2025-08-15,422.95
snap_007117,prod_5262,wh_002,2025-08-30,167,1,166,67,74,supp_003,2025-08-03,517.43
snap_007118,prod_3288,wh_005,2025-09-14,106,28,78,78,84,supp_001,2025-08-17,315.92
snap_007119,prod_1172,wh_003,2025-09-05,453,1,452,93,109,supp_004,2025-08-18,459.84
snap_007120,prod_8975,wh_005,2025-09-13,239,47,192,33,94,supp_001,2025-08-25,999.35
snap_007121,prod_5431,wh_002,2025-09-09,446,18,428,55,193,supp_001,2025-09-07,139.18
snap_007122,prod_8452,wh_001,2025-08-25,417,45,372,54,141,supp_004,2025-09-08,955.37
snap_007123,prod_3886,wh_001,2025-09-07,317,29,288,46,110,supp_004,2025-08-19,435.66
snap_007124,prod_8762,wh_004,2025-09-01,143,4,139,51,93,supp_003,2025-09-02,794.96
snap_007125,prod_7676,wh_002,2025-08-29,489,27,462,93,196,supp_003,2025-08-05,349.75
snap_007126,prod_3606,wh_003,2025-09-02,280,20,260,40,110,supp_003,2025-08-12,274.14
snap_007127,prod_8525,wh_001,2025-08-21,92,48,44,82,198,supp_004,2025-08-08,361.08
snap_007128,prod_8749,wh_002,2025-09-15,442,40,402,86,149,supp_005,2025-09-01,535.23
snap_007129,prod_5497,wh_003,2025-09-15,87,12,75,36,56,supp_003,2025-08-03,137.62
snap_007130,prod_5697,wh_005,2025-09-12,457,46,411,64,113,supp_004,2025-08-10,977.89
snap_007131,prod_2465,wh_004,2025-08-26,248,17,231,96,109,supp_004,2025-09-08,267.31
snap_007132,prod_7536,wh_004,2025-09-06,326,17,309,83,79,supp_004,2025-08-21,757.12
snap_007133,prod_8374,wh_002,2025-09-10,52,36,16,76,195,supp_004,2025-08-08,645.81
snap_007134,prod_2879,wh_005,2025-09-11,146,9,137,91,95,supp_005,2025-08-27,272.76
snap_007135,prod_4681,wh_005,2025-09-10,382,4,378,13,81,supp_002,2025-08-20,286.18
snap_007136,prod_1478,wh_004,2025-08-31,94,35,59,70,160,supp_004,2025-07-28,910.11
snap_007137,prod_3104,wh_001,2025-08-28,162,17,145,77,73,supp_001,2025-09-03,279.27
snap_007138,prod_6895,wh_002,2025-09-06,441,15,426,83,200,supp_005,2025-09-04,339.84
snap_007139,prod_9079,wh_001,2025-09-10,342,45,297,96,70,supp_004,2025-09-06,338.42
snap_007140,prod_4681,wh_005,2025-09-01,42,43,0,30,156,supp_002,2025-08-01,962.76
snap_007141,prod_4574,wh_003,2025-09-07,330,39,291,30,100,supp_005,2025-07-24,311.43
snap_007142,prod_9252,wh_003,2025-08-18,61,4,57,91,93,supp_002,2025-08-24,449.51
snap_007143,prod_8980,wh_003,2025-09-11,272,10,262,53,134,supp_005,2025-08-16,580.17
snap_007144,prod_3357,wh_001,2025-09-06,247,45,202,58,165,supp_003,2025-07-21,662.61
snap_007145,prod_3754,wh_003,2025-08-27,48,43,5,90,95,supp_003,2025-09-02,489.34
snap_007146,prod_4357,wh_002,2025-08-24,307,34,273,33,142,supp_005,2025-09-07,552.58
snap_007147,prod_1352,wh_005,2025-08-30,335,3,332,83,97,supp_004,2025-08-21,616.9
snap_007148,prod_2345,wh_002,2025-08-31,38,6,32,88,135,supp_005,2025-08-13,986.21
snap_007149,prod_4824,wh_002,2025-09-12,500,38,462,36,120,supp_001,2025-09-10,632.12
snap_007150,prod_7783,wh_001,2025-09-01,408,23,385,30,136,supp_004,2025-08-10,775.63
snap_007151,prod_3886,wh_005,2025-09-13,343,37,306,46,61,supp_002,2025-08-15,776.22
snap_007152,prod_7389,wh_003,2025-08-17,55,8,47,54,153,supp_004,2025-09-11,892.17
snap_007153,prod_2076,wh_001,2025-09-10,364,44,320,58,149,supp_002,2025-09-10,130.28
snap_007154,prod_8349,wh_003,2025-08-28,63,24,39,27,101,supp_002,2025-08-11,903.02
snap_007155,prod_6982,wh_001,2025-09-05,351,38,313,100,136,supp_003,2025-08-16,337.17
snap_007156,prod_4835,wh_002,2025-08-31,189,47,142,37,173,supp_005,2025-07-20,997.99
snap_007157,prod_6210,wh_001,2025-08-25,434,42,392,67,78,supp_004,2025-08-29,83.61
snap_007158,prod_1365,wh_004,2025-09-07,247,19,228,96,56,supp_005,2025-08-25,872.52
snap_007159,prod_1103,wh_005,2025-08-29,149,5,144,18,190,supp_002,2025-09-07,298.83
snap_007160,prod_9831,wh_003,2025-08-31,132,42,90,44,117,supp_002,2025-08-23,261.36
snap_007161,prod_9343,wh_001,2025-08-29,158,0,158,54,186,supp_002,2025-08-30,245.66
snap_007162,prod_4941,wh_005,2025-09-14,374,49,325,45,130,supp_003,2025-07-28,339.12
snap_007163,prod_4410,wh_002,2025-08-19,47,11,36,75,73,supp_001,2025-07-31,366.74
snap_007164,prod_5889,wh_003,2025-09-01,144,13,131,74,183,supp_002,2025-08-07,755.21
snap_007165,prod_7707,wh_005,2025-08-24,178,11,167,46,69,supp_001,2025-08-26,108.65
snap_007166,prod_9033,wh_005,2025-08-24,145,34,111,90,184,supp_002,2025-07-22,412.29
snap_007167,prod_3493,wh_003,2025-08-22,199,3,196,89,84,supp_003,2025-08-30,633.74
snap_007168,prod_5896,wh_001,2025-09-07,88,9,79,14,178,supp_003,2025-09-10,778.17
snap_007169,prod_5376,wh_005,2025-08-29,73,47,26,95,134,supp_004,2025-09-08,529.65
snap_007170,prod_9097,wh_004,2025-09-13,147,6,141,34,73,supp_004,2025-08-27,5.69
snap_007171,prod_4750,wh_004,2025-09-14,256,31,225,34,111,supp_002,2025-08-21,486.27
snap_007172,prod_8233,wh_004,2025-08-21,182,4,178,77,94,supp_004,2025-07-18,984.64
snap_007173,prod_9105,wh_004,2025-08-29,46,50,0,41,158,supp_005,2025-07-20,541.3
snap_007174,prod_7892,wh_003,2025-09-03,63,20,43,14,77,supp_001,2025-08-29,929.31
snap_007175,prod_9375,wh_004,2025-09-08,278,26,252,68,169,supp_002,2025-08-02,35.72
snap_007176,prod_2163,wh_005,2025-09-08,388,29,359,75,137,supp_002,2025-08-15,76.8
snap_007177,prod_6928,wh_003,2025-08-17,486,23,463,41,132,supp_004,2025-08-20,932.69
snap_007178,prod_9468,wh_004,2025-09-08,260,33,227,23,65,supp_001,2025-07-27,70.02
snap_007179,prod_1699,wh_005,2025-09-12,250,8,242,42,128,supp_002,2025-08-23,72.27
snap_007180,prod_8138,wh_003,2025-09-14,458,27,431,92,117,supp_001,2025-08-09,243.85
snap_007181,prod_5506,wh_001,2025-09-04,118,46,72,100,155,supp_003,2025-08-21,143.65
snap_007182,prod_9515,wh_003,2025-09-10,412,35,377,49,146,supp_003,2025-09-10,924.79
snap_007183,prod_2371,wh_003,2025-09-05,394,43,351,14,198,supp_005,2025-08-28,811.96
snap_007184,prod_3406,wh_003,2025-09-11,309,47,262,34,83,supp_003,2025-08-25,934.47
snap_007185,prod_7576,wh_003,2025-09-14,221,8,213,42,52,supp_005,2025-08-10,44.44
snap_007186,prod_8828,wh_003,2025-08-22,20,5,15,16,172,supp_001,2025-07-25,227.58
snap_007187,prod_8021,wh_005,2025-09-02,293,48,245,81,149,supp_005,2025-08-02,727.09
snap_007188,prod_5133,wh_002,2025-08-25,91,13,78,38,151,supp_003,2025-09-07,7.66
snap_007189,prod_9786,wh_002,2025-09-09,96,19,77,100,91,supp_005,2025-09-10,563.03
snap_007190,prod_6715,wh_001,2025-09-13,467,33,434,55,68,supp_001,2025-07-20,757.4
snap_007191,prod_4661,wh_005,2025-08-27,113,12,101,56,143,supp_002,2025-08-19,930.79
snap_007192,prod_1473,wh_001,2025-09-14,180,5,175,16,115,supp_001,2025-09-10,394.87
snap_007193,prod_9734,wh_005,2025-09-13,145,35,110,100,109,supp_004,2025-09-06,117.83
snap_007194,prod_3585,wh_002,2025-09-12,45,20,25,76,159,supp_002,2025-07-18,150.82
snap_007195,prod_3729,wh_005,2025-09-04,297,20,277,54,51,supp_005,2025-08-16,136.69
snap_007196,prod_2333,wh_004,2025-09-12,468,17,451,45,64,supp_001,2025-09-03,868.72
snap_007197,prod_2525,wh_004,2025-09-14,477,16,461,54,78,supp_001,2025-08-26,162.77
snap_007198,prod_5822,wh_003,2025-09-14,356,2,354,26,195,supp_001,2025-09-05,500.39
snap_007199,prod_4573,wh_005,2025-08-17,334,1,333,23,188,supp_002,2025-09-11,30.41
snap_007200,prod_8085,wh_004,2025-09-04,161,38,123,28,62,supp_005,2025-09-05,134.39
snap_007201,prod_7308,wh_005,2025-08-25,479,27,452,16,153,supp_004,2025-08-12,512.18
snap_007202,prod_3716,wh_005,2025-08-30,90,21,69,42,95,supp_003,2025-09-05,723.74
snap_007203,prod_1675,wh_002,2025-09-14,422,37,385,58,122,supp_004,2025-08-29,636.39
snap_007204,prod_9347,wh_004,2025-09-14,265,19,246,65,181,supp_002,2025-07-20,11.05
snap_007205,prod_2153,wh_004,2025-08-25,67,43,24,57,121,supp_001,2025-09-10,67.49
snap_007206,prod_4902,wh_003,2025-09-14,489,6,483,14,197,supp_005,2025-08-24,172.57
snap_007207,prod_6159,wh_002,2025-08-31,405,4,401,68,84,supp_001,2025-09-10,91.96
snap_007208,prod_3747,wh_005,2025-08-26,400,14,386,20,79,supp_001,2025-08-15,8.63
snap_007209,prod_3293,wh_005,2025-08-21,204,43,161,27,160,supp_001,2025-09-03,29.83
snap_007210,prod_3497,wh_002,2025-09-15,480,5,475,37,57,supp_002,2025-08-29,552.79
snap_007211,prod_8796,wh_005,2025-08-31,352,11,341,93,169,supp_003,2025-09-13,206.03
snap_007212,prod_6094,wh_005,2025-09-14,161,30,131,11,96,supp_001,2025-09-09,288.31
snap_007213,prod_8170,wh_005,2025-08-23,473,31,442,47,171,supp_005,2025-08-12,916.49
snap_007214,prod_1130,wh_003,2025-08-30,121,11,110,70,138,supp_002,2025-07-30,38.06
snap_007215,prod_8559,wh_001,2025-08-30,236,43,193,26,140,supp_004,2025-07-20,107.49
snap_007216,prod_3426,wh_004,2025-09-11,206,2,204,64,185,supp_001,2025-07-19,30.15
snap_007217,prod_8841,wh_004,2025-08-26,21,21,0,67,173,supp_002,2025-09-14,170.76
snap_007218,prod_9346,wh_002,2025-08-19,173,40,133,23,156,supp_003,2025-08-21,395.45
snap_007219,prod_8786,wh_005,2025-09-12,128,4,124,17,81,supp_005,2025-08-16,780.09
snap_007220,prod_3718,wh_004,2025-08-25,305,1,304,100,63,supp_004,2025-08-09,519.64
snap_007221,prod_7641,wh_005,2025-08-28,215,19,196,70,164,supp_003,2025-09-01,410.53
snap_007222,prod_1672,wh_004,2025-09-14,124,18,106,41,104,supp_004,2025-08-09,838.85
snap_007223,prod_1778,wh_001,2025-09-08,55,8,47,61,174,supp_003,2025-08-03,813.25
snap_007224,prod_1262,wh_003,2025-09-06,96,22,74,68,155,supp_003,2025-08-26,361.5
snap_007225,prod_7079,wh_005,2025-08-20,258,9,249,34,61,supp_004,2025-08-16,378.06
snap_007226,prod_6526,wh_001,2025-08-27,80,37,43,27,73,supp_002,2025-08-27,320.14
snap_007227,prod_1749,wh_002,2025-09-15,34,6,28,93,138,supp_003,2025-08-14,990.69
snap_007228,prod_5099,wh_003,2025-08-18,52,42,10,90,88,supp_003,2025-09-03,888.57
snap_007229,prod_6805,wh_005,2025-09-12,340,15,325,29,180,supp_005,2025-08-11,403.25
snap_007230,prod_4724,wh_002,2025-08-24,322,27,295,18,52,supp_004,2025-08-05,943.34
snap_007231,prod_6678,wh_001,2025-08-24,123,30,93,91,196,supp_002,2025-09-09,260.26
snap_007232,prod_1017,wh_004,2025-08-30,337,40,297,72,69,supp_004,2025-09-07,974.68
snap_007233,prod_9146,wh_001,2025-08-26,269,19,250,97,132,supp_005,2025-07-29,97.58
snap_007234,prod_7456,wh_004,2025-08-24,397,23,374,21,90,supp_005,2025-09-03,613.34
snap_007235,prod_3689,wh_004,2025-08-31,45,34,11,33,194,supp_001,2025-09-05,104.7
snap_007236,prod_1363,wh_002,2025-08-21,42,47,0,44,178,supp_001,2025-08-07,882.31
snap_007237,prod_5822,wh_004,2025-09-10,110,13,97,24,100,supp_002,2025-07-19,24.56
snap_007238,prod_2639,wh_005,2025-09-14,58,16,42,21,113,supp_003,2025-09-02,164.27
snap_007239,prod_6968,wh_002,2025-08-22,468,48,420,41,129,supp_002,2025-09-09,88.68
snap_007240,prod_1022,wh_004,2025-09-15,449,11,438,58,88,supp_003,2025-09-01,829.02
snap_007241,prod_3168,wh_002,2025-08-28,255,15,240,66,55,supp_004,2025-08-29,810.17
snap_007242,prod_4128,wh_004,2025-08-22,376,33,343,52,97,supp_005,2025-07-26,293.56
snap_007243,prod_2310,wh_004,2025-08-28,407,25,382,80,107,supp_001,2025-07-30,82.78
snap_007244,prod_7997,wh_003,2025-09-13,308,12,296,79,78,supp_003,2025-08-25,825.78
snap_007245,prod_5483,wh_002,2025-08-21,482,40,442,56,143,supp_005,2025-09-08,350.85
snap_007246,prod_5610,wh_002,2025-08-24,48,49,0,52,167,supp_005,2025-08-30,775.96
snap_007247,prod_1288,wh_004,2025-09-08,174,49,125,31,155,supp_002,2025-08-12,369.74
snap_007248,prod_5190,wh_001,2025-08-24,494,30,464,80,135,supp_004,2025-07-23,669.08
snap_007249,prod_4332,wh_003,2025-09-03,376,43,333,67,96,supp_003,2025-09-08,556.83
snap_007250,prod_4954,wh_002,2025-09-07,301,35,266,45,155,supp_004,2025-07-30,479.6
snap_007251,prod_4098,wh_004,2025-09-15,278,4,274,75,94,supp_004,2025-08-09,104.39
snap_007252,prod_2304,wh_001,2025-09-12,186,26,160,34,154,supp_002,2025-09-06,614.87
snap_007253,prod_2815,wh_001,2025-08-30,398,49,349,92,158,supp_003,2025-08-13,137.41
snap_007254,prod_6002,wh_004,2025-08-20,194,50,144,68,188,supp_004,2025-07-20,266.92
snap_007255,prod_2605,wh_003,2025-08-31,452,18,434,49,56,supp_002,2025-08-23,130.21
snap_007256,prod_6538,wh_003,2025-09-11,370,35,335,95,133,supp_004,2025-07-18,970.04
snap_007257,prod_7929,wh_005,2025-09-12,271,33,238,97,179,supp_002,2025-08-21,305.13
snap_007258,prod_7357,wh_004,2025-09-10,124,40,84,95,81,supp_001,2025-07-24,25.75
snap_007259,prod_6428,wh_001,2025-08-25,392,35,357,95,160,supp_003,2025-09-14,792.22
snap_007260,prod_1057,wh_002,2025-08-18,178,16,162,79,133,supp_003,2025-07-22,992.9
snap_007261,prod_1623,wh_005,2025-08-22,194,17,177,81,93,supp_002,2025-07-31,47.52
snap_007262,prod_1081,wh_003,2025-09-04,446,13,433,18,89,supp_004,2025-08-13,632.2
snap_007263,prod_1020,wh_004,2025-08-27,317,24,293,51,60,supp_001,2025-08-22,923.71
snap_007264,prod_4775,wh_004,2025-08-28,101,49,52,51,192,supp_001,2025-08-03,614.93
snap_007265,prod_3435,wh_004,2025-08-27,197,18,179,79,162,supp_003,2025-09-07,329.04
snap_007266,prod_8540,wh_004,2025-08-19,56,21,35,15,84,supp_002,2025-07-31,677.67
snap_007267,prod_8802,wh_003,2025-09-09,432,5,427,61,197,supp_003,2025-08-29,883.37
snap_007268,prod_3571,wh_004,2025-08-25,126,32,94,72,163,supp_001,2025-07-23,597.69
snap_007269,prod_5760,wh_001,2025-08-28,411,49,362,95,87,supp_005,2025-07-28,46.69
snap_007270,prod_1430,wh_002,2025-09-01,161,27,134,95,162,supp_002,2025-07-28,332.09
snap_007271,prod_9087,wh_004,2025-09-07,276,5,271,34,171,supp_002,2025-09-02,125.31
snap_007272,prod_9395,wh_003,2025-09-13,469,2,467,27,168,supp_002,2025-07-27,440.16
snap_007273,prod_7589,wh_001,2025-08-31,196,40,156,80,147,supp_003,2025-08-12,881.95
snap_007274,prod_4682,wh_002,2025-08-20,135,20,115,43,198,supp_001,2025-08-21,506.97
snap_007275,prod_6492,wh_002,2025-08-23,432,29,403,98,145,supp_004,2025-08-08,170.96
snap_007276,prod_8721,wh_001,2025-08-30,162,12,150,27,54,supp_003,2025-09-13,493.42
snap_007277,prod_6318,wh_005,2025-08-30,237,10,227,24,92,supp_005,2025-08-10,772.09
snap_007278,prod_3753,wh_002,2025-09-06,419,43,376,62,194,supp_005,2025-09-15,782.86
snap_007279,prod_6504,wh_004,2025-08-24,157,10,147,71,147,supp_002,2025-08-01,419.79
snap_007280,prod_1554,wh_004,2025-08-21,104,48,56,45,185,supp_005,2025-08-06,559.22
snap_007281,prod_3500,wh_003,2025-08-24,25,17,8,65,87,supp_001,2025-07-29,263.51
snap_007282,prod_1484,wh_005,2025-08-22,441,46,395,89,176,supp_005,2025-07-25,737.52
snap_007283,prod_9650,wh_001,2025-08-18,384,7,377,26,150,supp_003,2025-08-29,853.52
snap_007284,prod_7106,wh_002,2025-09-09,16,30,0,25,82,supp_005,2025-08-28,753.86
snap_007285,prod_8955,wh_005,2025-09-15,8,38,0,62,140,supp_001,2025-07-31,959.05
snap_007286,prod_7681,wh_003,2025-09-02,142,30,112,24,97,supp_004,2025-08-23,776.37
snap_007287,prod_8433,wh_004,2025-09-06,458,1,457,76,156,supp_002,2025-08-23,598.7
snap_007288,prod_5604,wh_002,2025-09-15,441,9,432,95,63,supp_004,2025-07-28,600.25
snap_007289,prod_8887,wh_004,2025-08-28,290,49,241,13,51,supp_001,2025-07-28,437.58
snap_007290,prod_9889,wh_002,2025-09-12,131,19,112,58,63,supp_004,2025-08-01,731.64
snap_007291,prod_8579,wh_005,2025-08-26,149,21,128,70,164,supp_001,2025-08-05,857.45
snap_007292,prod_8996,wh_005,2025-09-04,321,21,300,48,83,supp_005,2025-09-06,957.87
snap_007293,prod_8890,wh_004,2025-09-11,176,47,129,19,198,supp_002,2025-09-10,348.69
snap_007294,prod_9708,wh_005,2025-08-28,385,37,348,28,93,supp_003,2025-09-05,711.42
snap_007295,prod_9325,wh_001,2025-09-02,281,50,231,93,124,supp_005,2025-09-04,11.93
snap_007296,prod_7665,wh_004,2025-08-31,274,17,257,92,178,supp_002,2025-08-28,642.17
snap_007297,prod_6190,wh_004,2025-08-18,334,2,332,43,178,supp_001,2025-07-29,836.9
snap_007298,prod_4628,wh_002,2025-09-06,473,36,437,25,85,supp_002,2025-09-02,521.14
snap_007299,prod_5002,wh_004,2025-09-04,200,23,177,32,130,supp_004,2025-07-29,134.36
snap_007300,prod_7546,wh_004,2025-09-15,118,30,88,26,178,supp_001,2025-09-15,353.05
snap_007301,prod_8405,wh_003,2025-09-03,160,1,159,16,92,supp_005,2025-07-21,302.53
snap_007302,prod_8085,wh_005,2025-08-21,8,25,0,78,71,supp_003,2025-09-12,924.26
snap_007303,prod_4644,wh_002,2025-08-20,196,1,195,31,195,supp_003,2025-09-09,456.73
snap_007304,prod_5301,wh_002,2025-08-23,384,30,354,45,197,supp_003,2025-08-14,504.3
snap_007305,prod_4624,wh_004,2025-09-04,25,42,0,63,109,supp_001,2025-09-03,38.59
snap_007306,prod_2420,wh_003,2025-08-28,171,8,163,64,131,supp_002,2025-08-10,603.3
snap_007307,prod_6618,wh_004,2025-09-13,4,19,0,31,84,supp_001,2025-08-10,362.77
snap_007308,prod_9862,wh_004,2025-09-04,225,7,218,63,56,supp_001,2025-07-29,75.52
snap_007309,prod_6882,wh_002,2025-09-08,117,15,102,39,64,supp_004,2025-08-29,220.31
snap_007310,prod_1439,wh_005,2025-08-17,484,11,473,51,80,supp_004,2025-09-03,815.58
snap_007311,prod_2307,wh_002,2025-09-11,135,40,95,88,158,supp_001,2025-07-25,72.55
snap_007312,prod_5811,wh_001,2025-09-15,140,21,119,54,90,supp_004,2025-09-04,646.05
snap_007313,prod_6100,wh_002,2025-09-04,223,32,191,19,163,supp_004,2025-08-10,358.75
snap_007314,prod_8013,wh_005,2025-08-30,437,10,427,37,93,supp_004,2025-08-22,81.61
snap_007315,prod_3297,wh_003,2025-09-11,174,46,128,40,176,supp_001,2025-09-01,871.76
snap_007316,prod_6319,wh_003,2025-08-30,401,35,366,20,160,supp_002,2025-08-08,796.64
snap_007317,prod_5001,wh_002,2025-08-18,41,33,8,71,82,supp_002,2025-09-14,777.35
snap_007318,prod_8760,wh_001,2025-09-15,231,30,201,95,63,supp_005,2025-08-24,885.38
snap_007319,prod_8187,wh_001,2025-09-13,398,38,360,65,99,supp_005,2025-07-22,608.17
snap_007320,prod_7120,wh_004,2025-09-13,388,16,372,97,108,supp_002,2025-09-12,845.65
snap_007321,prod_8171,wh_001,2025-09-12,304,39,265,48,112,supp_004,2025-08-17,309.86
snap_007322,prod_5487,wh_003,2025-09-02,413,13,400,38,133,supp_005,2025-08-31,101.36
snap_007323,prod_4862,wh_004,2025-09-05,303,39,264,29,192,supp_001,2025-08-25,693.53
snap_007324,prod_2401,wh_003,2025-09-08,334,28,306,91,172,supp_001,2025-09-10,505.86
snap_007325,prod_4664,wh_004,2025-09-05,456,32,424,38,182,supp_004,2025-07-26,30.85
snap_007326,prod_5125,wh_005,2025-08-26,221,13,208,45,52,supp_005,2025-08-02,184.73
snap_007327,prod_1635,wh_002,2025-08-30,243,9,234,96,109,supp_003,2025-08-23,38.38
snap_007328,prod_5967,wh_004,2025-08-24,136,10,126,35,107,supp_004,2025-08-30,197.86
snap_007329,prod_8775,wh_003,2025-08-22,462,27,435,72,198,supp_003,2025-09-15,193.56
snap_007330,prod_9425,wh_005,2025-09-04,4,24,0,78,173,supp_004,2025-08-18,444.5
snap_007331,prod_8484,wh_003,2025-09-10,87,40,47,55,54,supp_003,2025-08-11,505.38
snap_007332,prod_7787,wh_001,2025-08-29,402,43,359,22,99,supp_005,2025-08-05,794.4
snap_007333,prod_2945,wh_001,2025-08-20,283,9,274,62,88,supp_002,2025-08-05,412.2
snap_007334,prod_4797,wh_005,2025-08-28,309,41,268,92,171,supp_002,2025-07-29,391.78
snap_007335,prod_7441,wh_005,2025-08-27,346,49,297,32,97,supp_005,2025-09-08,662.54
snap_007336,prod_5095,wh_003,2025-08-22,42,13,29,75,107,supp_004,2025-07-30,606.1
snap_007337,prod_6879,wh_004,2025-09-10,298,25,273,61,176,supp_005,2025-08-25,560.91
snap_007338,prod_4126,wh_003,2025-08-23,185,9,176,43,60,supp_003,2025-08-03,811.05
snap_007339,prod_4051,wh_004,2025-09-06,387,34,353,71,149,supp_003,2025-09-13,705.23
snap_007340,prod_3846,wh_003,2025-09-09,124,3,121,53,134,supp_003,2025-09-14,124.55
snap_007341,prod_5811,wh_004,2025-08-23,265,9,256,59,136,supp_001,2025-08-28,527.59
snap_007342,prod_1059,wh_001,2025-08-29,146,8,138,75,192,supp_002,2025-07-27,89.06
snap_007343,prod_3890,wh_004,2025-09-08,438,26,412,44,155,supp_003,2025-08-27,932.7
snap_007344,prod_4538,wh_003,2025-08-24,345,46,299,100,104,supp_001,2025-07-26,769.2
snap_007345,prod_1363,wh_005,2025-09-02,287,36,251,80,85,supp_002,2025-07-23,60.26
snap_007346,prod_7091,wh_004,2025-08-26,479,0,479,48,199,supp_002,2025-08-11,838.04
snap_007347,prod_2827,wh_005,2025-09-12,51,27,24,25,141,supp_001,2025-09-14,35.31
snap_007348,prod_5729,wh_005,2025-09-14,40,37,3,12,160,supp_001,2025-08-11,821.56
snap_007349,prod_6185,wh_002,2025-09-02,184,49,135,99,128,supp_004,2025-08-07,894.75
snap_007350,prod_5422,wh_004,2025-08-30,401,6,395,92,151,supp_003,2025-08-05,590.82
snap_007351,prod_9465,wh_002,2025-09-12,217,8,209,90,193,supp_002,2025-07-29,202.78
snap_007352,prod_5221,wh_002,2025-09-07,496,9,487,35,152,supp_005,2025-08-03,410.01
snap_007353,prod_6085,wh_004,2025-08-23,472,27,445,89,98,supp_002,2025-08-11,911.57
snap_007354,prod_4051,wh_004,2025-08-24,475,17,458,61,154,supp_002,2025-07-22,884.54
snap_007355,prod_3449,wh_002,2025-08-28,349,48,301,93,88,supp_003,2025-08-27,140.47
snap_007356,prod_6170,wh_004,2025-08-25,284,22,262,13,91,supp_004,2025-08-31,666.68
snap_007357,prod_4569,wh_003,2025-09-08,311,22,289,66,63,supp_003,2025-09-01,437.36
snap_007358,prod_1449,wh_001,2025-08-30,152,46,106,18,172,supp_002,2025-08-25,559.48
snap_007359,prod_2296,wh_003,2025-08-31,428,12,416,63,198,supp_003,2025-08-27,780.77
snap_007360,prod_6070,wh_001,2025-08-18,77,9,68,17,197,supp_001,2025-08-25,119.3
snap_007361,prod_3340,wh_001,2025-09-06,119,12,107,88,140,supp_003,2025-08-27,704.64
snap_007362,prod_6219,wh_002,2025-08-25,192,48,144,69,97,supp_004,2025-08-03,719.75
snap_007363,prod_2919,wh_004,2025-08-17,426,43,383,50,110,supp_002,2025-07-26,880.22
snap_007364,prod_8531,wh_003,2025-09-08,471,34,437,98,181,supp_005,2025-07-29,123.9
snap_007365,prod_6117,wh_002,2025-09-15,314,44,270,39,189,supp_005,2025-07-30,184.04
snap_007366,prod_9442,wh_003,2025-09-13,23,14,9,70,74,supp_002,2025-07-25,269.44
snap_007367,prod_8752,wh_004,2025-09-09,485,45,440,54,103,supp_005,2025-09-14,406.67
snap_007368,prod_2257,wh_003,2025-08-22,406,45,361,14,70,supp_001,2025-08-15,660.7
snap_007369,prod_8687,wh_004,2025-08-26,351,47,304,90,196,supp_002,2025-09-03,955.57
snap_007370,prod_6289,wh_005,2025-09-06,33,41,0,77,174,supp_003,2025-08-14,570.47
snap_007371,prod_7563,wh_004,2025-09-10,19,42,0,82,194,supp_001,2025-08-21,514.68
snap_007372,prod_9208,wh_002,2025-09-05,221,15,206,72,142,supp_003,2025-07-24,201.64
snap_007373,prod_9093,wh_005,2025-08-17,255,3,252,35,75,supp_004,2025-08-07,498.09
snap_007374,prod_6165,wh_001,2025-08-24,214,21,193,15,147,supp_003,2025-08-03,857.94
snap_007375,prod_9840,wh_005,2025-09-15,70,30,40,99,163,supp_004,2025-07-31,179.8
snap_007376,prod_4732,wh_002,2025-09-12,153,41,112,67,90,supp_004,2025-08-16,124.44
snap_007377,prod_4510,wh_003,2025-09-04,138,31,107,82,56,supp_001,2025-08-22,605.39
snap_007378,prod_8600,wh_003,2025-09-12,42,46,0,15,111,supp_003,2025-08-31,596.4
snap_007379,prod_9182,wh_004,2025-08-20,111,49,62,10,94,supp_002,2025-09-13,345.62
snap_007380,prod_1231,wh_001,2025-08-28,302,41,261,80,195,supp_002,2025-09-08,696.24
snap_007381,prod_8677,wh_005,2025-08-27,371,20,351,27,81,supp_004,2025-09-02,642.69
snap_007382,prod_8604,wh_001,2025-09-12,260,47,213,59,83,supp_001,2025-08-07,755.75
snap_007383,prod_2161,wh_002,2025-08-26,147,42,105,22,136,supp_003,2025-07-19,225.23
snap_007384,prod_5942,wh_003,2025-08-28,121,3,118,25,127,supp_003,2025-09-07,310.11
snap_007385,prod_5993,wh_001,2025-09-06,400,30,370,46,130,supp_002,2025-09-05,671.53
snap_007386,prod_9807,wh_005,2025-09-08,485,27,458,40,100,supp_004,2025-07-22,359.56
snap_007387,prod_5931,wh_002,2025-08-18,108,25,83,93,113,supp_002,2025-09-05,457.41
snap_007388,prod_3748,wh_004,2025-09-15,138,48,90,48,62,supp_005,2025-08-17,933.18
snap_007389,prod_5187,wh_001,2025-09-08,386,39,347,41,189,supp_001,2025-09-08,892.81
snap_007390,prod_5709,wh_001,2025-09-15,139,6,133,52,169,supp_002,2025-07-26,583.81
snap_007391,prod_5171,wh_004,2025-08-29,390,8,382,25,83,supp_003,2025-08-13,333.5
snap_007392,prod_6052,wh_001,2025-09-14,457,33,424,79,99,supp_002,2025-08-30,145.09
snap_007393,prod_1984,wh_003,2025-08-22,414,5,409,64,111,supp_005,2025-07-18,73.36
snap_007394,prod_5412,wh_003,2025-08-24,93,47,46,54,106,supp_003,2025-08-03,397.9
snap_007395,prod_6031,wh_002,2025-08-26,365,11,354,45,167,supp_002,2025-08-11,630.32
snap_007396,prod_3645,wh_001,2025-08-23,104,38,66,27,102,supp_004,2025-09-07,853.2
snap_007397,prod_3738,wh_004,2025-08-28,276,2,274,35,52,supp_003,2025-08-09,433.98
snap_007398,prod_6274,wh_004,2025-09-03,340,27,313,80,109,supp_004,2025-08-28,305.98
snap_007399,prod_5171,wh_005,2025-09-06,28,20,8,39,70,supp_005,2025-08-25,345.2
snap_007400,prod_4681,wh_003,2025-09-11,189,15,174,69,200,supp_001,2025-08-16,520.26
snap_007401,prod_4829,wh_001,2025-09-09,298,34,264,50,87,supp_004,2025-09-11,282.92
snap_007402,prod_9326,wh_003,2025-08-24,360,16,344,78,60,supp_001,2025-08-20,142.26
snap_007403,prod_8084,wh_001,2025-08-20,265,33,232,17,185,supp_002,2025-08-13,388.17
snap_007404,prod_5334,wh_005,2025-09-06,197,0,197,26,150,supp_004,2025-09-05,950.13
snap_007405,prod_6512,wh_001,2025-08-25,454,48,406,22,183,supp_004,2025-08-04,425.33
snap_007406,prod_8190,wh_002,2025-09-06,405,34,371,40,110,supp_001,2025-08-23,869.32
snap_007407,prod_1089,wh_002,2025-09-03,299,28,271,67,122,supp_004,2025-08-31,442.29
snap_007408,prod_2642,wh_005,2025-09-10,278,2,276,63,68,supp_002,2025-07-26,674.46
snap_007409,prod_2014,wh_004,2025-09-15,326,25,301,90,192,supp_005,2025-08-27,992.43
snap_007410,prod_1049,wh_004,2025-09-01,108,1,107,79,99,supp_003,2025-07-31,920.75
snap_007411,prod_8989,wh_005,2025-08-27,217,39,178,35,133,supp_002,2025-08-18,233.36
snap_007412,prod_2400,wh_002,2025-09-12,371,17,354,59,115,supp_003,2025-08-30,824.26
snap_007413,prod_9417,wh_001,2025-09-15,468,7,461,22,124,supp_005,2025-08-20,823.78
snap_007414,prod_6439,wh_004,2025-08-25,235,2,233,28,62,supp_001,2025-09-08,607.19
snap_007415,prod_2731,wh_005,2025-09-14,145,17,128,16,190,supp_002,2025-08-26,701.99
snap_007416,prod_6615,wh_005,2025-08-20,224,40,184,86,65,supp_002,2025-09-12,873.94
snap_007417,prod_9231,wh_002,2025-09-08,57,20,37,28,92,supp_003,2025-08-11,543.77
snap_007418,prod_3741,wh_005,2025-08-27,462,38,424,25,167,supp_003,2025-07-28,115.35
snap_007419,prod_6930,wh_005,2025-08-18,137,30,107,60,200,supp_005,2025-08-14,894.21
snap_007420,prod_8070,wh_002,2025-09-14,342,39,303,69,172,supp_002,2025-08-16,352.79
snap_007421,prod_6917,wh_003,2025-09-01,115,0,115,87,149,supp_004,2025-08-01,263.54
snap_007422,prod_9103,wh_004,2025-09-02,225,31,194,17,170,supp_004,2025-09-10,587.89
snap_007423,prod_9749,wh_004,2025-09-02,293,1,292,15,141,supp_003,2025-09-15,751.21
snap_007424,prod_1680,wh_005,2025-09-15,62,37,25,35,68,supp_005,2025-08-26,22.58
snap_007425,prod_8573,wh_004,2025-09-09,213,18,195,24,82,supp_001,2025-07-21,669.6
snap_007426,prod_9807,wh_001,2025-09-04,214,39,175,41,80,supp_003,2025-08-19,765.89
snap_007427,prod_1024,wh_003,2025-09-13,401,42,359,61,56,supp_005,2025-08-20,398.78
snap_007428,prod_9107,wh_001,2025-08-17,489,3,486,87,54,supp_004,2025-08-04,799.07
snap_007429,prod_9496,wh_003,2025-08-30,408,34,374,36,178,supp_001,2025-08-18,698.46
snap_007430,prod_8686,wh_002,2025-08-29,465,34,431,46,144,supp_005,2025-08-16,269.35
snap_007431,prod_9241,wh_005,2025-09-10,472,14,458,44,146,supp_005,2025-09-03,994.69
snap_007432,prod_4511,wh_001,2025-08-17,14,26,0,53,112,supp_002,2025-09-10,594.91
snap_007433,prod_6773,wh_005,2025-08-28,220,9,211,10,181,supp_001,2025-09-12,233.85
snap_007434,prod_3099,wh_005,2025-08-31,231,29,202,44,111,supp_002,2025-08-13,80.96
snap_007435,prod_4780,wh_003,2025-08-31,334,30,304,50,140,supp_004,2025-09-03,216.06
snap_007436,prod_6405,wh_004,2025-09-04,83,24,59,30,181,supp_004,2025-07-23,284.21
snap_007437,prod_8399,wh_005,2025-09-09,141,11,130,70,105,supp_005,2025-08-01,750.69
snap_007438,prod_2658,wh_001,2025-09-12,83,43,40,31,54,supp_004,2025-08-28,835.29
snap_007439,prod_4244,wh_005,2025-09-05,171,48,123,17,191,supp_005,2025-08-18,661.4
snap_007440,prod_1229,wh_001,2025-08-28,129,12,117,11,132,supp_004,2025-07-26,286.63
snap_007441,prod_9231,wh_001,2025-09-03,466,0,466,23,117,supp_003,2025-07-26,964.61
snap_007442,prod_9557,wh_005,2025-08-26,418,50,368,58,171,supp_005,2025-08-19,14.33
snap_007443,prod_6435,wh_005,2025-09-08,377,15,362,51,181,supp_001,2025-09-05,604.3
snap_007444,prod_7995,wh_003,2025-09-10,130,23,107,52,140,supp_004,2025-08-03,874.34
snap_007445,prod_2822,wh_003,2025-08-20,69,15,54,19,169,supp_001,2025-08-05,101.39
snap_007446,prod_7728,wh_004,2025-08-24,439,35,404,14,76,supp_001,2025-07-23,934.85
snap_007447,prod_3854,wh_003,2025-08-20,263,48,215,54,110,supp_001,2025-07-28,829.36
snap_007448,prod_7378,wh_002,2025-09-15,269,5,264,58,163,supp_002,2025-08-26,954.1
snap_007449,prod_5403,wh_003,2025-09-02,42,27,15,16,150,supp_003,2025-08-24,248.87
snap_007450,prod_1628,wh_002,2025-08-26,39,26,13,65,77,supp_004,2025-08-26,434.55
snap_007451,prod_7465,wh_003,2025-08-18,215,2,213,99,84,supp_002,2025-07-20,612.27
snap_007452,prod_7407,wh_003,2025-08-20,87,47,40,86,63,supp_002,2025-09-15,800.78
snap_007453,prod_3205,wh_001,2025-09-08,212,39,173,77,135,supp_004,2025-08-27,215.52
snap_007454,prod_2959,wh_002,2025-09-04,82,26,56,15,134,supp_003,2025-08-02,570.72
snap_007455,prod_8257,wh_002,2025-09-01,294,34,260,29,85,supp_001,2025-08-01,505.04
snap_007456,prod_4296,wh_002,2025-09-03,194,44,150,65,182,supp_005,2025-07-30,160.05
snap_007457,prod_2334,wh_005,2025-09-14,139,11,128,93,163,supp_005,2025-09-07,813.6
snap_007458,prod_9774,wh_005,2025-08-22,473,6,467,83,53,supp_001,2025-08-26,10.47
snap_007459,prod_4652,wh_001,2025-08-19,201,38,163,29,192,supp_001,2025-09-04,565.65
snap_007460,prod_8720,wh_001,2025-08-30,119,9,110,76,118,supp_005,2025-09-03,728.24
snap_007461,prod_4914,wh_005,2025-08-21,146,8,138,65,193,supp_001,2025-08-15,153.64
snap_007462,prod_8906,wh_001,2025-08-17,52,25,27,85,52,supp_003,2025-08-12,193.05
snap_007463,prod_7965,wh_005,2025-09-08,253,46,207,24,174,supp_004,2025-07-26,543.81
snap_007464,prod_8203,wh_005,2025-09-07,386,0,386,71,195,supp_001,2025-07-24,930.95
snap_007465,prod_5920,wh_002,2025-09-03,121,43,78,63,52,supp_005,2025-09-08,794.03
snap_007466,prod_6296,wh_002,2025-08-23,407,48,359,58,116,supp_001,2025-08-08,470.73
snap_007467,prod_4944,wh_001,2025-09-10,461,43,418,67,127,supp_004,2025-08-05,692.29
snap_007468,prod_3133,wh_002,2025-09-09,449,48,401,97,93,supp_002,2025-09-14,583.3
snap_007469,prod_6346,wh_004,2025-08-23,204,16,188,23,132,supp_002,2025-09-05,31.17
snap_007470,prod_9606,wh_004,2025-09-02,287,21,266,54,55,supp_003,2025-07-25,526.81
snap_007471,prod_3988,wh_005,2025-08-22,205,39,166,58,80,supp_002,2025-08-01,240.2
snap_007472,prod_8004,wh_003,2025-08-24,430,14,416,37,116,supp_005,2025-09-07,184.07
snap_007473,prod_8308,wh_002,2025-08-17,398,29,369,65,194,supp_005,2025-07-19,348.96
snap_007474,prod_9649,wh_001,2025-09-15,58,50,8,96,110,supp_003,2025-08-12,172.52
snap_007475,prod_1139,wh_003,2025-08-25,484,46,438,55,79,supp_003,2025-08-19,288.38
snap_007476,prod_7459,wh_002,2025-09-15,307,46,261,12,157,supp_004,2025-08-05,252.17
snap_007477,prod_9115,wh_004,2025-09-14,490,34,456,76,140,supp_004,2025-08-01,121.77
snap_007478,prod_2615,wh_001,2025-09-14,70,37,33,95,164,supp_005,2025-08-14,320.12
snap_007479,prod_7909,wh_003,2025-08-30,317,50,267,56,180,supp_002,2025-08-20,565.4
snap_007480,prod_3067,wh_002,2025-08-17,251,0,251,43,191,supp_001,2025-07-30,282.14
snap_007481,prod_2493,wh_004,2025-08-22,260,26,234,97,129,supp_002,2025-09-07,762.78
snap_007482,prod_7010,wh_001,2025-09-03,107,31,76,89,150,supp_005,2025-08-29,848.94
snap_007483,prod_1269,wh_005,2025-09-10,422,47,375,90,114,supp_001,2025-07-30,679.66
snap_007484,prod_8446,wh_005,2025-08-28,6,3,3,33,98,supp_005,2025-07-22,453.83
snap_007485,prod_9525,wh_001,2025-09-02,398,14,384,99,115,supp_003,2025-09-05,337.98
snap_007486,prod_4211,wh_001,2025-08-22,66,29,37,58,173,supp_003,2025-09-09,97.28
snap_007487,prod_7279,wh_002,2025-09-13,368,6,362,42,134,supp_001,2025-08-03,616.51
snap_007488,prod_5548,wh_001,2025-08-22,262,45,217,37,93,supp_004,2025-07-26,954.37
snap_007489,prod_7943,wh_001,2025-08-20,378,17,361,61,91,supp_004,2025-07-30,337.4
snap_007490,prod_8589,wh_002,2025-08-25,163,45,118,23,124,supp_003,2025-07-25,178.63
snap_007491,prod_9524,wh_004,2025-08-18,156,47,109,78,179,supp_005,2025-07-20,322.5
snap_007492,prod_7805,wh_004,2025-08-17,31,16,15,50,159,supp_003,2025-08-04,461.6
snap_007493,prod_5570,wh_003,2025-09-12,161,25,136,97,102,supp_004,2025-07-30,508.84
snap_007494,prod_5496,wh_005,2025-08-31,486,21,465,63,109,supp_001,2025-08-06,230.14
snap_007495,prod_1599,wh_004,2025-09-10,149,40,109,23,111,supp_005,2025-08-13,820.48
snap_007496,prod_5088,wh_005,2025-08-25,137,22,115,29,52,supp_003,2025-08-12,343.27
snap_007497,prod_4956,wh_005,2025-08-30,338,8,330,10,172,supp_004,2025-08-09,408.18
snap_007498,prod_2423,wh_005,2025-09-03,436,2,434,93,95,supp_003,2025-08-09,654.14
snap_007499,prod_9332,wh_005,2025-09-07,490,30,460,34,152,supp_002,2025-08-16,236.77
snap_007500,prod_7783,wh_004,2025-08-31,484,39,445,24,189,supp_002,2025-08-07,389.04
snap_007501,prod_1244,wh_003,2025-08-31,112,42,70,62,164,supp_002,2025-07-29,43.89
snap_007502,prod_1056,wh_002,2025-09-13,170,23,147,53,183,supp_004,2025-09-08,776.84
snap_007503,prod_9918,wh_001,2025-09-14,302,23,279,48,88,supp_002,2025-08-16,437.44
snap_007504,prod_2571,wh_004,2025-08-31,451,28,423,26,145,supp_001,2025-08-30,390.61
snap_007505,prod_1759,wh_002,2025-09-02,7,17,0,52,197,supp_003,2025-08-19,911.56
snap_007506,prod_9373,wh_004,2025-09-07,444,10,434,86,73,supp_005,2025-09-07,722.77
snap_007507,prod_3510,wh_002,2025-09-07,201,31,170,67,146,supp_001,2025-08-09,989.89
snap_007508,prod_1801,wh_001,2025-08-24,184,1,183,53,64,supp_004,2025-08-27,988.66
snap_007509,prod_1998,wh_004,2025-09-10,103,29,74,32,60,supp_003,2025-09-06,565.78
snap_007510,prod_8224,wh_001,2025-08-18,438,24,414,19,189,supp_001,2025-08-15,101.03
snap_007511,prod_9269,wh_004,2025-09-12,85,18,67,41,152,supp_003,2025-09-08,483.66
snap_007512,prod_1094,wh_002,2025-09-15,313,3,310,64,117,supp_003,2025-07-18,854.12
snap_007513,prod_1057,wh_001,2025-09-12,79,30,49,50,119,supp_005,2025-08-29,460.08
snap_007514,prod_4607,wh_001,2025-08-18,101,36,65,16,186,supp_005,2025-07-25,907.44
snap_007515,prod_1481,wh_004,2025-08-28,428,23,405,95,138,supp_001,2025-08-03,494.8
snap_007516,prod_1415,wh_001,2025-08-29,220,20,200,46,105,supp_004,2025-08-08,188.53
snap_007517,prod_5884,wh_003,2025-08-28,350,21,329,27,138,supp_003,2025-08-08,999.97
snap_007518,prod_1184,wh_005,2025-09-07,395,41,354,49,89,supp_002,2025-07-25,496.46
snap_007519,prod_3681,wh_003,2025-09-01,340,38,302,36,60,supp_003,2025-08-16,708.33
snap_007520,prod_8650,wh_003,2025-08-28,79,32,47,47,138,supp_004,2025-08-25,538.72
snap_007521,prod_8767,wh_002,2025-09-13,149,49,100,36,200,supp_005,2025-07-29,460.09
snap_007522,prod_7059,wh_004,2025-09-10,247,17,230,72,185,supp_005,2025-07-20,32.62
snap_007523,prod_9001,wh_001,2025-09-01,46,47,0,34,79,supp_003,2025-08-21,244.16
snap_007524,prod_3218,wh_004,2025-09-14,323,3,320,61,100,supp_001,2025-08-06,362.96
snap_007525,prod_6690,wh_005,2025-09-01,293,1,292,81,79,supp_005,2025-08-02,372.45
snap_007526,prod_8456,wh_001,2025-09-14,473,43,430,70,81,supp_001,2025-09-01,282.48
snap_007527,prod_6487,wh_002,2025-08-24,375,9,366,65,168,supp_002,2025-07-22,582.37
snap_007528,prod_8695,wh_003,2025-09-11,95,40,55,86,91,supp_004,2025-07-19,98.85
snap_007529,prod_1826,wh_002,2025-08-25,131,16,115,65,65,supp_004,2025-08-22,324.4
snap_007530,prod_5373,wh_004,2025-08-29,330,0,330,80,92,supp_005,2025-08-08,194.69
snap_007531,prod_2319,wh_005,2025-09-04,348,22,326,79,142,supp_004,2025-07-22,888.13
snap_007532,prod_7306,wh_005,2025-08-17,360,45,315,18,158,supp_001,2025-08-22,696.25
snap_007533,prod_9165,wh_004,2025-08-26,173,4,169,11,192,supp_002,2025-08-06,335.71
snap_007534,prod_9111,wh_001,2025-08-29,55,18,37,55,132,supp_004,2025-07-31,254.63
snap_007535,prod_6824,wh_005,2025-09-05,211,18,193,19,148,supp_001,2025-07-28,528.88
snap_007536,prod_7228,wh_002,2025-08-21,69,2,67,30,156,supp_004,2025-08-20,396.81
snap_007537,prod_4689,wh_005,2025-08-31,335,20,315,74,164,supp_005,2025-07-31,830.04
snap_007538,prod_2475,wh_004,2025-09-03,13,9,4,68,112,supp_002,2025-08-01,413.07
snap_007539,prod_4076,wh_005,2025-09-02,151,37,114,85,126,supp_003,2025-07-28,247.76
snap_007540,prod_6468,wh_003,2025-08-25,45,22,23,62,187,supp_005,2025-08-02,599.53
snap_007541,prod_7708,wh_001,2025-08-19,445,41,404,79,146,supp_005,2025-08-08,969.6
snap_007542,prod_5259,wh_005,2025-09-07,69,20,49,14,96,supp_002,2025-09-09,321.78
snap_007543,prod_6197,wh_002,2025-09-13,96,26,70,86,124,supp_002,2025-08-20,516.75
snap_007544,prod_6557,wh_001,2025-08-19,303,32,271,98,168,supp_002,2025-08-29,717.99
snap_007545,prod_6987,wh_005,2025-08-30,342,29,313,65,191,supp_005,2025-09-02,158.76
snap_007546,prod_5447,wh_002,2025-08-27,181,43,138,82,112,supp_002,2025-07-29,409.56
snap_007547,prod_2704,wh_001,2025-09-07,30,9,21,38,126,supp_001,2025-07-24,910.55
snap_007548,prod_5596,wh_002,2025-08-17,252,18,234,27,184,supp_004,2025-09-11,449.38
snap_007549,prod_4271,wh_002,2025-09-14,272,36,236,63,127,supp_003,2025-07-21,296.53
snap_007550,prod_1888,wh_004,2025-09-13,497,9,488,31,52,supp_005,2025-07-30,642.78
snap_007551,prod_5713,wh_001,2025-09-14,284,40,244,44,144,supp_005,2025-09-07,311.14
snap_007552,prod_5899,wh_004,2025-09-04,398,35,363,58,141,supp_004,2025-07-31,402.1
snap_007553,prod_5821,wh_002,2025-08-18,236,43,193,13,144,supp_002,2025-09-07,77.47
snap_007554,prod_9844,wh_001,2025-08-28,189,16,173,62,85,supp_003,2025-07-25,875.94
snap_007555,prod_8274,wh_001,2025-09-09,430,7,423,26,97,supp_003,2025-09-08,343.63
snap_007556,prod_6932,wh_005,2025-09-11,191,49,142,86,193,supp_003,2025-07-24,928.84
snap_007557,prod_6313,wh_003,2025-09-14,77,4,73,79,71,supp_004,2025-08-24,456.92
snap_007558,prod_1612,wh_003,2025-09-11,372,37,335,33,199,supp_004,2025-07-25,579.91
snap_007559,prod_7091,wh_001,2025-08-27,291,14,277,53,54,supp_004,2025-09-08,982.82
snap_007560,prod_7626,wh_001,2025-08-18,254,41,213,75,110,supp_003,2025-08-23,87.81
snap_007561,prod_5546,wh_004,2025-08-27,40,29,11,73,93,supp_003,2025-08-12,665.95
snap_007562,prod_8836,wh_001,2025-09-09,366,24,342,64,161,supp_001,2025-08-25,503.46
snap_007563,prod_9955,wh_002,2025-09-11,308,50,258,16,183,supp_005,2025-08-23,722.8
snap_007564,prod_9783,wh_005,2025-08-27,435,31,404,27,140,supp_004,2025-09-09,784.19
snap_007565,prod_3893,wh_005,2025-08-26,40,20,20,15,62,supp_005,2025-09-02,711.2
snap_007566,prod_1220,wh_004,2025-08-17,497,2,495,29,136,supp_001,2025-09-03,878.04
snap_007567,prod_5193,wh_004,2025-08-19,480,6,474,47,123,supp_002,2025-07-29,504.69
snap_007568,prod_8908,wh_005,2025-08-18,464,48,416,18,76,supp_002,2025-08-19,462.64
snap_007569,prod_4140,wh_002,2025-09-07,112,24,88,43,166,supp_004,2025-07-27,863.13
snap_007570,prod_1120,wh_002,2025-09-03,88,4,84,53,112,supp_004,2025-08-08,983.5
snap_007571,prod_1133,wh_004,2025-08-23,2,31,0,17,153,supp_002,2025-08-09,850.03
snap_007572,prod_5888,wh_005,2025-08-17,241,33,208,52,105,supp_001,2025-08-14,222.0
snap_007573,prod_3110,wh_002,2025-09-13,171,25,146,60,193,supp_005,2025-07-28,260.58
snap_007574,prod_8261,wh_003,2025-09-12,238,7,231,10,50,supp_002,2025-09-13,203.23
snap_007575,prod_4005,wh_004,2025-09-08,278,3,275,49,173,supp_004,2025-08-08,847.77
snap_007576,prod_8385,wh_001,2025-08-29,259,35,224,14,51,supp_002,2025-09-07,368.0
snap_007577,prod_4203,wh_003,2025-09-01,458,2,456,93,130,supp_001,2025-07-24,664.49
snap_007578,prod_4202,wh_002,2025-08-20,324,28,296,54,139,supp_002,2025-08-10,193.9
snap_007579,prod_8103,wh_002,2025-09-09,210,22,188,95,198,supp_002,2025-07-28,679.64
snap_007580,prod_8430,wh_002,2025-09-06,85,42,43,36,97,supp_005,2025-08-27,471.36
snap_007581,prod_7609,wh_002,2025-08-30,232,36,196,67,199,supp_001,2025-08-30,873.89
snap_007582,prod_1078,wh_004,2025-09-04,154,40,114,100,52,supp_002,2025-08-03,28.41
snap_007583,prod_9319,wh_003,2025-09-07,309,31,278,99,93,supp_001,2025-08-21,633.37
snap_007584,prod_9325,wh_002,2025-08-26,53,7,46,77,156,supp_001,2025-08-04,801.64
snap_007585,prod_4694,wh_005,2025-08-24,5,46,0,68,150,supp_005,2025-08-24,825.68
snap_007586,prod_5993,wh_002,2025-08-22,103,20,83,40,53,supp_001,2025-09-12,993.7
snap_007587,prod_6066,wh_005,2025-08-23,190,38,152,15,90,supp_003,2025-08-26,926.54
snap_007588,prod_2053,wh_001,2025-08-22,146,28,118,12,100,supp_002,2025-07-29,330.03
snap_007589,prod_3649,wh_001,2025-09-14,73,49,24,68,178,supp_002,2025-08-20,173.53
snap_007590,prod_1534,wh_004,2025-09-10,495,9,486,72,108,supp_003,2025-09-14,456.17
snap_007591,prod_9717,wh_002,2025-08-27,17,29,0,49,184,supp_001,2025-08-14,217.17
snap_007592,prod_4322,wh_002,2025-08-19,41,22,19,37,181,supp_003,2025-08-28,161.12
snap_007593,prod_3753,wh_005,2025-08-26,50,37,13,91,117,supp_005,2025-08-14,66.79
snap_007594,prod_2325,wh_004,2025-09-10,67,40,27,83,186,supp_002,2025-08-13,146.26
snap_007595,prod_8846,wh_004,2025-08-30,346,30,316,13,110,supp_002,2025-07-20,30.17
snap_007596,prod_7638,wh_002,2025-08-26,83,46,37,88,136,supp_002,2025-07-20,267.43
snap_007597,prod_8445,wh_002,2025-09-14,68,17,51,83,161,supp_004,2025-08-13,453.27
snap_007598,prod_5240,wh_004,2025-09-11,222,50,172,82,113,supp_002,2025-09-11,390.91
snap_007599,prod_3280,wh_002,2025-08-25,308,18,290,54,73,supp_005,2025-09-05,800.09
snap_007600,prod_9617,wh_002,2025-09-13,0,29,0,20,98,supp_001,2025-09-10,759.77
snap_007601,prod_5080,wh_003,2025-08-26,462,43,419,89,191,supp_002,2025-09-04,559.49
snap_007602,prod_1593,wh_001,2025-08-25,45,23,22,51,135,supp_004,2025-07-29,477.18
snap_007603,prod_3826,wh_005,2025-08-25,78,5,73,93,141,supp_001,2025-09-02,515.7
snap_007604,prod_9021,wh_003,2025-09-03,463,5,458,88,127,supp_003,2025-09-13,392.16
snap_007605,prod_6810,wh_001,2025-09-01,375,16,359,42,139,supp_004,2025-07-27,106.16
snap_007606,prod_1189,wh_002,2025-08-19,78,31,47,67,196,supp_003,2025-07-21,442.3
snap_007607,prod_8489,wh_004,2025-08-20,159,18,141,82,191,supp_004,2025-08-03,12.44
snap_007608,prod_6664,wh_001,2025-08-25,172,32,140,51,120,supp_005,2025-09-07,953.67
snap_007609,prod_6594,wh_005,2025-09-01,468,45,423,59,76,supp_003,2025-08-08,570.42
snap_007610,prod_6729,wh_002,2025-08-23,174,13,161,10,172,supp_003,2025-09-10,161.11
snap_007611,prod_8578,wh_004,2025-08-18,362,12,350,79,142,supp_002,2025-09-01,379.48
snap_007612,prod_4798,wh_005,2025-09-03,299,37,262,13,97,supp_003,2025-07-26,986.49
snap_007613,prod_4474,wh_002,2025-09-12,499,0,499,99,113,supp_003,2025-08-25,468.38
snap_007614,prod_9713,wh_004,2025-09-03,296,48,248,59,178,supp_001,2025-09-05,210.36
snap_007615,prod_8695,wh_004,2025-08-28,64,7,57,19,86,supp_003,2025-08-29,381.4
snap_007616,prod_7000,wh_005,2025-08-23,274,9,265,35,66,supp_002,2025-09-03,397.99
snap_007617,prod_3861,wh_001,2025-08-31,371,31,340,67,152,supp_001,2025-08-14,790.27
snap_007618,prod_2000,wh_001,2025-09-03,146,5,141,33,51,supp_002,2025-08-01,620.54
snap_007619,prod_8617,wh_002,2025-09-10,304,30,274,84,94,supp_004,2025-08-03,62.23
snap_007620,prod_3526,wh_001,2025-09-14,145,24,121,52,61,supp_005,2025-09-06,91.56
snap_007621,prod_4893,wh_005,2025-08-17,78,37,41,87,107,supp_004,2025-08-05,995.07
snap_007622,prod_5104,wh_001,2025-08-22,203,3,200,41,199,supp_001,2025-08-31,359.5
snap_007623,prod_5521,wh_004,2025-09-04,46,13,33,60,179,supp_002,2025-09-09,606.15
snap_007624,prod_5168,wh_001,2025-09-14,205,25,180,66,151,supp_003,2025-09-04,702.71
snap_007625,prod_9883,wh_001,2025-08-29,197,38,159,53,188,supp_004,2025-09-12,729.76
snap_007626,prod_9929,wh_003,2025-08-20,91,32,59,99,147,supp_002,2025-08-26,651.0
snap_007627,prod_2758,wh_003,2025-08-22,441,28,413,21,125,supp_001,2025-09-10,131.62
snap_007628,prod_7210,wh_004,2025-08-26,185,45,140,58,200,supp_005,2025-07-18,692.82
snap_007629,prod_8600,wh_002,2025-08-22,232,31,201,88,87,supp_001,2025-07-27,824.43
snap_007630,prod_1700,wh_001,2025-08-29,17,27,0,36,102,supp_001,2025-09-12,264.95
snap_007631,prod_6138,wh_004,2025-08-19,457,33,424,98,169,supp_001,2025-08-27,558.05
snap_007632,prod_9185,wh_002,2025-09-04,105,47,58,77,136,supp_005,2025-07-22,955.58
snap_007633,prod_8891,wh_002,2025-08-24,151,23,128,47,183,supp_004,2025-08-22,618.29
snap_007634,prod_5071,wh_002,2025-09-13,498,0,498,35,50,supp_004,2025-08-17,483.17
snap_007635,prod_9752,wh_005,2025-08-20,202,21,181,50,124,supp_003,2025-09-07,541.12
snap_007636,prod_6724,wh_004,2025-09-13,409,45,364,16,107,supp_003,2025-07-26,752.35
snap_007637,prod_3798,wh_004,2025-08-19,314,23,291,12,159,supp_002,2025-08-10,265.7
snap_007638,prod_7659,wh_001,2025-09-14,97,35,62,50,195,supp_001,2025-08-16,650.52
snap_007639,prod_6003,wh_001,2025-09-12,168,15,153,64,187,supp_003,2025-08-19,46.19
snap_007640,prod_1022,wh_001,2025-08-24,101,43,58,36,50,supp_005,2025-08-16,692.75
snap_007641,prod_5844,wh_003,2025-08-29,101,33,68,100,54,supp_003,2025-08-14,732.48
snap_007642,prod_2437,wh_001,2025-08-26,318,18,300,17,53,supp_002,2025-08-07,818.21
snap_007643,prod_2920,wh_004,2025-09-11,44,35,9,38,99,supp_002,2025-09-04,25.87
snap_007644,prod_3760,wh_004,2025-08-26,472,49,423,33,91,supp_002,2025-08-11,219.41
snap_007645,prod_6455,wh_005,2025-08-29,493,50,443,72,136,supp_005,2025-08-10,472.23
snap_007646,prod_3752,wh_003,2025-08-17,454,37,417,13,124,supp_003,2025-08-07,578.12
snap_007647,prod_9212,wh_002,2025-08-18,249,17,232,83,159,supp_002,2025-08-24,602.19
snap_007648,prod_3192,wh_003,2025-08-20,103,15,88,98,137,supp_001,2025-09-05,142.91
snap_007649,prod_6363,wh_002,2025-08-23,466,18,448,75,163,supp_002,2025-08-25,577.62
snap_007650,prod_9473,wh_001,2025-09-06,444,45,399,65,63,supp_002,2025-08-31,163.89
snap_007651,prod_7511,wh_003,2025-09-03,457,11,446,57,72,supp_003,2025-08-23,594.66
snap_007652,prod_9652,wh_005,2025-09-01,500,13,487,76,115,supp_005,2025-08-31,909.22
snap_007653,prod_9426,wh_002,2025-08-29,155,4,151,38,123,supp_003,2025-07-27,149.26
snap_007654,prod_4523,wh_002,2025-09-08,248,11,237,41,124,supp_005,2025-08-01,695.7
snap_007655,prod_3418,wh_005,2025-08-18,6,47,0,57,148,supp_004,2025-07-23,831.59
snap_007656,prod_8784,wh_004,2025-08-23,218,36,182,80,90,supp_002,2025-08-25,489.24
snap_007657,prod_5994,wh_001,2025-09-10,455,28,427,65,180,supp_004,2025-09-02,574.24
snap_007658,prod_8172,wh_005,2025-08-19,395,15,380,43,122,supp_001,2025-07-19,819.5
snap_007659,prod_4170,wh_004,2025-09-05,482,28,454,49,187,supp_003,2025-09-15,922.69
snap_007660,prod_3557,wh_004,2025-09-14,157,29,128,41,120,supp_004,2025-08-06,287.73
snap_007661,prod_2454,wh_004,2025-08-27,301,42,259,84,107,supp_001,2025-08-01,162.59
snap_007662,prod_3770,wh_002,2025-09-05,391,32,359,91,90,supp_004,2025-08-24,642.7
snap_007663,prod_9381,wh_001,2025-09-11,272,47,225,71,132,supp_004,2025-08-09,161.78
snap_007664,prod_1404,wh_001,2025-08-19,301,16,285,80,125,supp_002,2025-09-01,438.48
snap_007665,prod_4722,wh_001,2025-08-26,445,21,424,46,200,supp_005,2025-09-09,362.49
snap_007666,prod_1183,wh_003,2025-08-29,433,7,426,46,152,supp_001,2025-07-26,892.38
snap_007667,prod_3644,wh_005,2025-08-18,472,19,453,77,129,supp_002,2025-09-05,460.95
snap_007668,prod_7554,wh_001,2025-08-28,376,49,327,68,81,supp_004,2025-07-24,370.16
snap_007669,prod_6176,wh_002,2025-09-07,481,41,440,86,95,supp_004,2025-09-09,137.88
snap_007670,prod_2306,wh_001,2025-09-15,338,25,313,77,73,supp_001,2025-07-30,423.72
snap_007671,prod_7322,wh_005,2025-08-21,113,17,96,54,137,supp_003,2025-07-21,451.85
snap_007672,prod_5428,wh_004,2025-09-01,427,49,378,73,95,supp_004,2025-09-13,243.26
snap_007673,prod_4781,wh_005,2025-08-20,321,49,272,55,163,supp_004,2025-08-01,607.77
snap_007674,prod_3351,wh_005,2025-09-10,489,31,458,66,100,supp_005,2025-08-24,617.71
snap_007675,prod_9617,wh_002,2025-08-29,331,36,295,88,172,supp_002,2025-09-07,555.42
snap_007676,prod_9240,wh_004,2025-09-15,299,30,269,68,149,supp_004,2025-07-19,951.61
snap_007677,prod_9003,wh_005,2025-09-14,243,32,211,16,153,supp_001,2025-08-08,381.22
snap_007678,prod_6619,wh_003,2025-09-08,118,16,102,99,129,supp_003,2025-08-05,284.29
snap_007679,prod_2412,wh_005,2025-08-30,497,2,495,98,125,supp_001,2025-08-05,536.02
snap_007680,prod_3193,wh_001,2025-09-08,446,44,402,98,87,supp_005,2025-07-28,28.5
snap_007681,prod_1156,wh_003,2025-08-20,70,3,67,27,198,supp_004,2025-09-02,659.0
snap_007682,prod_5590,wh_001,2025-08-25,460,28,432,61,163,supp_004,2025-08-25,903.68
snap_007683,prod_4948,wh_002,2025-09-05,323,1,322,55,148,supp_004,2025-08-01,88.06
snap_007684,prod_3900,wh_001,2025-09-14,132,50,82,20,115,supp_003,2025-08-23,901.0
snap_007685,prod_3390,wh_003,2025-08-28,306,10,296,16,112,supp_001,2025-08-18,65.27
snap_007686,prod_5046,wh_005,2025-09-15,484,17,467,90,69,supp_004,2025-08-31,828.53
snap_007687,prod_6189,wh_005,2025-08-22,107,46,61,89,64,supp_002,2025-08-04,147.43
snap_007688,prod_1068,wh_001,2025-08-21,210,23,187,51,105,supp_002,2025-08-01,161.93
snap_007689,prod_7044,wh_004,2025-08-18,83,9,74,24,157,supp_005,2025-08-12,942.99
snap_007690,prod_4582,wh_002,2025-08-31,68,16,52,34,100,supp_003,2025-09-05,18.7
snap_007691,prod_8670,wh_001,2025-09-15,80,33,47,49,167,supp_002,2025-08-08,578.09
snap_007692,prod_4830,wh_001,2025-08-21,66,22,44,35,141,supp_005,2025-08-04,813.49
snap_007693,prod_3004,wh_001,2025-08-28,118,8,110,22,185,supp_001,2025-07-27,272.9
snap_007694,prod_1624,wh_004,2025-09-06,292,23,269,82,84,supp_005,2025-09-15,704.15
snap_007695,prod_9753,wh_005,2025-08-21,27,21,6,58,87,supp_005,2025-08-31,179.51
snap_007696,prod_1441,wh_005,2025-08-19,218,50,168,44,190,supp_004,2025-07-29,250.47
snap_007697,prod_2548,wh_005,2025-08-27,23,2,21,46,109,supp_004,2025-09-03,881.43
snap_007698,prod_8577,wh_003,2025-09-05,307,41,266,68,186,supp_002,2025-08-23,41.88
snap_007699,prod_7700,wh_003,2025-08-17,289,38,251,39,90,supp_002,2025-07-30,426.05
snap_007700,prod_7632,wh_004,2025-08-25,208,5,203,71,55,supp_001,2025-08-31,21.79
snap_007701,prod_3643,wh_003,2025-08-29,339,12,327,26,69,supp_002,2025-09-11,332.0
snap_007702,prod_5159,wh_003,2025-09-14,39,24,15,26,72,supp_004,2025-08-07,511.14
snap_007703,prod_9058,wh_001,2025-09-12,116,47,69,76,192,supp_001,2025-09-03,171.91
snap_007704,prod_3336,wh_001,2025-09-10,88,43,45,95,88,supp_003,2025-07-29,276.79
snap_007705,prod_6977,wh_004,2025-08-30,266,6,260,56,105,supp_003,2025-09-01,350.94
snap_007706,prod_2605,wh_001,2025-09-05,92,23,69,91,133,supp_005,2025-09-05,387.13
snap_007707,prod_6312,wh_005,2025-09-08,486,47,439,74,139,supp_003,2025-09-09,310.88
snap_007708,prod_8700,wh_004,2025-08-23,87,40,47,97,63,supp_001,2025-08-23,163.34
snap_007709,prod_4869,wh_001,2025-08-25,379,8,371,71,166,supp_005,2025-08-29,89.66
snap_007710,prod_3719,wh_002,2025-09-03,154,29,125,56,62,supp_005,2025-08-12,932.0
snap_007711,prod_8738,wh_005,2025-08-27,439,5,434,26,153,supp_002,2025-08-23,249.44
snap_007712,prod_1819,wh_004,2025-08-22,290,22,268,95,177,supp_001,2025-09-11,657.18
snap_007713,prod_2899,wh_001,2025-09-09,141,4,137,13,184,supp_001,2025-09-09,900.95
snap_007714,prod_6167,wh_002,2025-09-02,180,29,151,12,71,supp_004,2025-08-01,637.36
snap_007715,prod_2285,wh_001,2025-09-04,148,15,133,11,55,supp_002,2025-09-06,710.91
snap_007716,prod_6042,wh_002,2025-08-30,267,21,246,91,126,supp_002,2025-07-30,375.33
snap_007717,prod_8741,wh_005,2025-08-30,314,42,272,73,95,supp_005,2025-09-02,373.56
snap_007718,prod_7899,wh_002,2025-08-23,337,38,299,87,196,supp_001,2025-07-31,872.58
snap_007719,prod_1824,wh_004,2025-09-08,96,4,92,35,140,supp_003,2025-07-19,150.28
snap_007720,prod_1133,wh_003,2025-09-07,306,50,256,85,180,supp_004,2025-09-09,823.22
snap_007721,prod_8312,wh_005,2025-08-19,463,12,451,77,71,supp_005,2025-08-19,17.79
snap_007722,prod_7547,wh_001,2025-08-19,440,49,391,59,144,supp_002,2025-07-22,502.56
snap_007723,prod_8727,wh_005,2025-08-29,53,31,22,99,111,supp_004,2025-07-21,15.66
snap_007724,prod_4712,wh_001,2025-09-07,4,1,3,42,95,supp_003,2025-08-17,755.52
snap_007725,prod_1708,wh_003,2025-08-30,271,35,236,10,115,supp_005,2025-09-14,180.54
snap_007726,prod_4182,wh_002,2025-09-04,138,46,92,63,61,supp_001,2025-09-09,688.22
snap_007727,prod_1850,wh_001,2025-08-20,140,0,140,62,82,supp_004,2025-07-21,589.89
snap_007728,prod_9713,wh_003,2025-09-05,315,21,294,46,195,supp_004,2025-07-28,965.51
snap_007729,prod_2451,wh_003,2025-09-01,368,9,359,35,69,supp_003,2025-09-13,686.4
snap_007730,prod_5308,wh_004,2025-09-15,148,33,115,51,158,supp_004,2025-09-01,466.18
snap_007731,prod_6814,wh_005,2025-09-15,19,33,0,52,168,supp_003,2025-08-14,134.4
snap_007732,prod_4711,wh_002,2025-08-21,234,35,199,87,188,supp_002,2025-09-07,641.96
snap_007733,prod_6348,wh_005,2025-09-01,369,50,319,23,92,supp_003,2025-07-21,591.67
snap_007734,prod_1030,wh_004,2025-08-18,300,22,278,28,141,supp_003,2025-08-15,876.65
snap_007735,prod_6222,wh_005,2025-08-17,136,17,119,43,85,supp_002,2025-07-28,122.87
snap_007736,prod_5348,wh_002,2025-09-07,150,32,118,32,185,supp_001,2025-08-26,214.38
snap_007737,prod_7700,wh_005,2025-08-26,266,39,227,79,79,supp_002,2025-07-28,984.67
snap_007738,prod_8318,wh_002,2025-09-13,166,38,128,52,105,supp_004,2025-09-04,273.83
snap_007739,prod_9814,wh_003,2025-09-13,149,28,121,65,113,supp_003,2025-08-18,674.83
snap_007740,prod_9770,wh_001,2025-08-25,303,3,300,48,79,supp_001,2025-09-12,507.11
snap_007741,prod_3637,wh_001,2025-08-25,276,10,266,79,132,supp_002,2025-09-11,148.36
snap_007742,prod_4176,wh_004,2025-09-11,43,12,31,49,116,supp_005,2025-08-12,595.22
snap_007743,prod_9198,wh_002,2025-08-27,38,2,36,71,166,supp_005,2025-07-20,935.64
snap_007744,prod_2412,wh_004,2025-09-08,433,29,404,96,128,supp_002,2025-09-13,823.46
snap_007745,prod_5780,wh_004,2025-09-15,294,26,268,93,164,supp_004,2025-08-09,462.6
snap_007746,prod_6350,wh_001,2025-09-09,475,49,426,24,86,supp_004,2025-08-10,892.62
snap_007747,prod_2792,wh_001,2025-09-11,176,15,161,13,181,supp_003,2025-07-26,489.51
snap_007748,prod_5099,wh_003,2025-08-23,197,21,176,83,69,supp_004,2025-08-06,528.57
snap_007749,prod_8617,wh_001,2025-09-09,121,32,89,84,52,supp_004,2025-08-23,699.15
snap_007750,prod_5797,wh_001,2025-09-04,266,33,233,30,118,supp_004,2025-09-10,738.93
snap_007751,prod_7943,wh_003,2025-09-09,53,1,52,12,128,supp_004,2025-08-13,591.3
snap_007752,prod_8430,wh_004,2025-08-30,454,19,435,73,187,supp_004,2025-08-05,332.85
snap_007753,prod_3057,wh_003,2025-08-31,302,17,285,65,148,supp_004,2025-08-16,930.52
snap_007754,prod_1575,wh_001,2025-08-24,441,40,401,36,64,supp_005,2025-08-14,443.05
snap_007755,prod_1011,wh_004,2025-09-07,311,34,277,21,194,supp_003,2025-07-19,657.02
snap_007756,prod_8292,wh_004,2025-08-31,18,19,0,35,109,supp_003,2025-08-31,548.6
snap_007757,prod_2041,wh_002,2025-09-09,239,29,210,49,122,supp_003,2025-08-11,51.17
snap_007758,prod_4092,wh_003,2025-08-26,309,45,264,89,160,supp_002,2025-07-21,68.63
snap_007759,prod_9635,wh_002,2025-09-09,62,31,31,74,116,supp_004,2025-08-19,975.83
snap_007760,prod_4413,wh_003,2025-09-07,74,38,36,18,165,supp_005,2025-08-29,519.05
snap_007761,prod_3214,wh_002,2025-09-06,376,0,376,53,52,supp_003,2025-09-13,232.79
snap_007762,prod_8509,wh_003,2025-08-18,39,25,14,86,153,supp_004,2025-09-10,722.04
snap_007763,prod_1228,wh_001,2025-08-23,126,25,101,38,164,supp_002,2025-07-24,732.54
snap_007764,prod_3159,wh_001,2025-08-30,122,49,73,12,179,supp_001,2025-07-28,973.49
snap_007765,prod_1228,wh_004,2025-09-01,318,41,277,59,186,supp_005,2025-07-29,700.93
snap_007766,prod_9992,wh_004,2025-09-06,491,42,449,47,151,supp_001,2025-09-05,13.83
snap_007767,prod_9197,wh_001,2025-09-13,425,38,387,19,163,supp_004,2025-08-30,274.64
snap_007768,prod_5743,wh_005,2025-09-14,172,10,162,15,152,supp_005,2025-08-21,979.7
snap_007769,prod_8782,wh_005,2025-09-07,201,8,193,79,190,supp_005,2025-07-30,135.54
snap_007770,prod_4458,wh_005,2025-09-08,266,4,262,12,75,supp_001,2025-08-28,673.93
snap_007771,prod_9455,wh_004,2025-08-31,253,43,210,88,120,supp_002,2025-07-28,975.93
snap_007772,prod_2637,wh_003,2025-09-11,236,41,195,32,113,supp_005,2025-08-15,750.62
snap_007773,prod_5828,wh_002,2025-09-02,331,42,289,59,189,supp_004,2025-09-10,38.36
snap_007774,prod_6568,wh_003,2025-09-05,496,44,452,77,71,supp_002,2025-09-12,106.18
snap_007775,prod_5043,wh_005,2025-08-17,293,20,273,94,197,supp_003,2025-09-03,937.47
snap_007776,prod_3749,wh_005,2025-08-28,245,26,219,79,127,supp_002,2025-09-06,655.69
snap_007777,prod_2191,wh_002,2025-09-08,47,15,32,44,115,supp_003,2025-08-14,360.3
snap_007778,prod_3324,wh_001,2025-08-23,102,19,83,76,56,supp_003,2025-07-23,177.0
snap_007779,prod_5962,wh_004,2025-08-19,37,6,31,25,79,supp_004,2025-08-02,847.98
snap_007780,prod_6831,wh_001,2025-09-12,219,21,198,16,115,supp_004,2025-09-11,682.63
snap_007781,prod_2341,wh_001,2025-08-20,48,11,37,60,162,supp_001,2025-08-12,676.84
snap_007782,prod_9799,wh_003,2025-09-05,92,17,75,38,133,supp_002,2025-08-30,780.74
snap_007783,prod_9236,wh_005,2025-09-06,152,13,139,100,70,supp_003,2025-09-15,79.93
snap_007784,prod_4422,wh_003,2025-08-24,356,39,317,69,83,supp_005,2025-09-10,338.68
snap_007785,prod_6930,wh_003,2025-08-31,146,8,138,34,172,supp_001,2025-08-18,742.91
snap_007786,prod_1921,wh_001,2025-09-03,444,50,394,60,94,supp_003,2025-07-20,276.36
snap_007787,prod_4565,wh_004,2025-09-07,493,20,473,25,50,supp_001,2025-09-05,698.26
snap_007788,prod_7807,wh_005,2025-09-11,171,2,169,83,150,supp_004,2025-08-26,9.07
snap_007789,prod_1605,wh_005,2025-08-26,286,39,247,28,163,supp_004,2025-07-25,731.73
snap_007790,prod_5944,wh_004,2025-08-18,92,23,69,91,198,supp_002,2025-08-21,774.41
snap_007791,prod_6126,wh_004,2025-09-14,449,37,412,94,53,supp_001,2025-08-15,417.62
snap_007792,prod_2064,wh_002,2025-09-05,325,13,312,22,173,supp_005,2025-08-22,814.83
snap_007793,prod_8723,wh_003,2025-08-20,96,27,69,69,148,supp_002,2025-09-04,888.51
snap_007794,prod_8876,wh_001,2025-09-13,279,29,250,17,87,supp_005,2025-09-03,99.83
snap_007795,prod_8706,wh_002,2025-08-25,13,26,0,41,200,supp_005,2025-08-02,204.7
snap_007796,prod_8072,wh_005,2025-08-28,151,46,105,27,100,supp_003,2025-08-10,397.02
snap_007797,prod_2475,wh_003,2025-08-26,83,47,36,93,99,supp_002,2025-07-20,987.05
snap_007798,prod_6586,wh_003,2025-09-11,441,29,412,59,87,supp_003,2025-08-12,662.21
snap_007799,prod_4360,wh_002,2025-08-26,340,38,302,42,127,supp_003,2025-09-11,113.17
snap_007800,prod_1073,wh_004,2025-09-15,457,32,425,96,64,supp_005,2025-08-28,574.69
snap_007801,prod_7163,wh_003,2025-09-04,140,18,122,91,84,supp_003,2025-07-30,813.23
snap_007802,prod_6476,wh_002,2025-08-25,106,4,102,80,125,supp_005,2025-07-19,317.34
snap_007803,prod_6267,wh_004,2025-09-13,56,31,25,99,146,supp_001,2025-08-13,568.54
snap_007804,prod_7237,wh_003,2025-08-27,157,33,124,28,88,supp_001,2025-08-10,470.62
snap_007805,prod_4958,wh_002,2025-09-04,229,1,228,18,92,supp_001,2025-08-04,931.15
snap_007806,prod_6989,wh_002,2025-09-09,452,7,445,73,194,supp_003,2025-09-07,836.11
snap_007807,prod_2159,wh_001,2025-09-12,154,16,138,85,192,supp_002,2025-09-04,499.28
snap_007808,prod_8600,wh_001,2025-08-26,78,35,43,93,114,supp_005,2025-09-11,675.79
snap_007809,prod_3799,wh_005,2025-09-04,377,27,350,91,89,supp_005,2025-07-20,535.11
snap_007810,prod_2440,wh_005,2025-09-13,279,25,254,96,164,supp_002,2025-09-02,816.83
snap_007811,prod_5141,wh_004,2025-08-29,459,0,459,90,166,supp_002,2025-08-28,840.18
snap_007812,prod_2115,wh_005,2025-08-20,191,41,150,95,126,supp_005,2025-07-18,984.3
snap_007813,prod_7668,wh_001,2025-09-15,139,24,115,23,65,supp_003,2025-08-20,680.06
snap_007814,prod_5965,wh_003,2025-08-28,314,24,290,54,197,supp_001,2025-08-28,46.46
snap_007815,prod_7287,wh_003,2025-08-22,450,19,431,35,66,supp_001,2025-09-09,382.98
snap_007816,prod_6147,wh_002,2025-09-09,84,41,43,89,87,supp_001,2025-08-27,973.64
snap_007817,prod_2198,wh_005,2025-09-05,387,31,356,48,133,supp_004,2025-07-21,645.66
snap_007818,prod_6933,wh_002,2025-08-25,386,16,370,51,104,supp_002,2025-09-12,728.1
snap_007819,prod_8179,wh_002,2025-09-09,280,25,255,38,84,supp_002,2025-08-04,410.39
snap_007820,prod_2605,wh_005,2025-09-08,195,25,170,48,150,supp_004,2025-09-13,534.6
snap_007821,prod_3850,wh_003,2025-09-04,34,45,0,100,174,supp_003,2025-09-06,492.69
snap_007822,prod_9820,wh_003,2025-09-14,63,18,45,71,67,supp_002,2025-08-25,763.65
snap_007823,prod_5350,wh_005,2025-09-01,249,11,238,76,93,supp_004,2025-08-19,671.69
snap_007824,prod_2737,wh_004,2025-08-22,478,26,452,48,176,supp_004,2025-08-20,960.83
snap_007825,prod_4524,wh_004,2025-09-14,418,24,394,86,107,supp_001,2025-08-04,840.99
snap_007826,prod_8045,wh_003,2025-08-30,214,36,178,93,176,supp_004,2025-07-24,663.81
snap_007827,prod_2694,wh_004,2025-08-23,203,38,165,22,66,supp_005,2025-07-20,838.82
snap_007828,prod_5712,wh_002,2025-09-01,180,27,153,23,95,supp_002,2025-08-01,804.2
snap_007829,prod_9146,wh_001,2025-08-23,443,12,431,82,78,supp_004,2025-07-27,947.12
snap_007830,prod_2757,wh_003,2025-09-11,425,5,420,74,60,supp_004,2025-07-19,431.22
snap_007831,prod_9093,wh_005,2025-08-26,74,23,51,96,113,supp_005,2025-08-15,270.32
snap_007832,prod_5545,wh_004,2025-08-29,82,22,60,17,131,supp_002,2025-08-20,256.02
snap_007833,prod_3974,wh_001,2025-08-26,449,30,419,89,112,supp_005,2025-08-16,285.8
snap_007834,prod_6582,wh_002,2025-09-06,226,5,221,64,70,supp_005,2025-07-26,459.49
snap_007835,prod_6547,wh_001,2025-08-22,60,9,51,93,172,supp_004,2025-09-12,565.41
snap_007836,prod_5662,wh_004,2025-09-15,121,36,85,21,170,supp_002,2025-07-27,251.94
snap_007837,prod_9718,wh_004,2025-08-29,10,33,0,32,121,supp_004,2025-07-21,752.73
snap_007838,prod_6583,wh_001,2025-08-22,256,3,253,10,146,supp_001,2025-08-15,752.35
snap_007839,prod_8343,wh_005,2025-09-15,338,35,303,86,161,supp_004,2025-09-09,221.86
snap_007840,prod_6650,wh_004,2025-08-30,215,38,177,16,129,supp_002,2025-07-20,873.56
snap_007841,prod_6890,wh_002,2025-08-31,280,8,272,39,112,supp_002,2025-07-24,776.7
snap_007842,prod_2735,wh_002,2025-09-03,64,20,44,67,51,supp_005,2025-08-13,772.99
snap_007843,prod_6335,wh_004,2025-08-29,42,24,18,85,127,supp_005,2025-09-03,666.4
snap_007844,prod_5850,wh_003,2025-08-31,139,40,99,54,94,supp_005,2025-09-09,868.96
snap_007845,prod_2099,wh_003,2025-08-29,240,13,227,91,72,supp_005,2025-08-28,330.21
snap_007846,prod_8924,wh_005,2025-08-19,312,48,264,31,114,supp_004,2025-08-20,819.21
snap_007847,prod_2075,wh_002,2025-09-01,5,33,0,82,176,supp_005,2025-07-26,186.52
snap_007848,prod_5002,wh_004,2025-09-08,344,46,298,69,111,supp_001,2025-08-29,890.76
snap_007849,prod_6463,wh_002,2025-08-22,182,29,153,12,109,supp_004,2025-07-20,618.35
snap_007850,prod_7575,wh_004,2025-08-23,313,2,311,44,137,supp_001,2025-07-23,454.65
snap_007851,prod_3106,wh_004,2025-08-19,486,7,479,65,107,supp_004,2025-08-28,133.93
snap_007852,prod_1284,wh_003,2025-08-28,12,21,0,26,71,supp_002,2025-08-25,972.22
snap_007853,prod_6825,wh_002,2025-09-07,261,7,254,56,115,supp_005,2025-07-20,978.28
snap_007854,prod_3663,wh_001,2025-08-24,380,37,343,39,116,supp_002,2025-08-31,401.69
snap_007855,prod_5278,wh_001,2025-09-14,159,9,150,99,108,supp_001,2025-08-09,914.75
snap_007856,prod_5964,wh_001,2025-09-14,64,48,16,13,152,supp_003,2025-08-12,561.99
snap_007857,prod_8087,wh_002,2025-09-02,158,50,108,82,118,supp_004,2025-09-12,127.49
snap_007858,prod_8458,wh_002,2025-09-06,462,44,418,46,75,supp_003,2025-07-25,742.94
snap_007859,prod_7066,wh_003,2025-08-17,399,23,376,24,51,supp_005,2025-08-31,642.15
snap_007860,prod_8161,wh_003,2025-08-19,410,15,395,47,101,supp_003,2025-09-14,573.56
snap_007861,prod_1820,wh_001,2025-09-08,391,22,369,52,164,supp_003,2025-07-21,320.42
snap_007862,prod_5324,wh_002,2025-08-17,380,39,341,94,90,supp_002,2025-08-08,622.67
snap_007863,prod_4393,wh_002,2025-08-21,55,26,29,17,129,supp_001,2025-09-14,604.51
snap_007864,prod_9429,wh_002,2025-08-17,6,38,0,37,141,supp_005,2025-08-06,31.22
snap_007865,prod_6143,wh_005,2025-09-14,194,28,166,71,119,supp_005,2025-08-09,840.56
snap_007866,prod_2921,wh_004,2025-09-08,110,0,110,22,135,supp_001,2025-07-22,781.68
snap_007867,prod_9382,wh_003,2025-09-07,390,46,344,27,183,supp_005,2025-07-27,243.69
snap_007868,prod_9984,wh_003,2025-09-10,124,5,119,12,156,supp_001,2025-09-13,9.13
snap_007869,prod_6351,wh_001,2025-09-12,185,2,183,22,126,supp_002,2025-08-06,185.05
snap_007870,prod_5544,wh_005,2025-08-28,271,44,227,49,113,supp_004,2025-08-09,228.1
snap_007871,prod_2747,wh_001,2025-09-09,16,42,0,50,123,supp_001,2025-09-04,638.89
snap_007872,prod_1844,wh_002,2025-09-03,297,24,273,75,162,supp_001,2025-07-28,45.55
snap_007873,prod_3293,wh_004,2025-08-26,259,32,227,95,166,supp_005,2025-08-10,365.32
snap_007874,prod_6842,wh_002,2025-08-24,215,41,174,21,127,supp_005,2025-09-15,37.67
snap_007875,prod_2649,wh_003,2025-08-17,95,37,58,72,57,supp_004,2025-08-10,797.7
snap_007876,prod_9690,wh_003,2025-08-18,144,40,104,51,183,supp_001,2025-08-23,443.43
snap_007877,prod_6648,wh_004,2025-08-18,19,47,0,58,97,supp_004,2025-07-21,807.65
snap_007878,prod_3366,wh_002,2025-09-05,263,12,251,33,149,supp_003,2025-08-23,121.43
snap_007879,prod_1764,wh_001,2025-09-11,302,10,292,45,55,supp_005,2025-08-31,970.53
snap_007880,prod_9288,wh_002,2025-09-15,31,6,25,27,184,supp_005,2025-09-11,574.34
snap_007881,prod_5911,wh_003,2025-09-11,285,36,249,29,131,supp_004,2025-08-26,216.82
snap_007882,prod_5531,wh_001,2025-08-21,82,39,43,34,64,supp_003,2025-08-25,651.07
snap_007883,prod_4377,wh_003,2025-08-22,148,37,111,91,195,supp_004,2025-07-22,107.11
snap_007884,prod_3735,wh_005,2025-08-31,338,15,323,40,53,supp_001,2025-07-20,328.18
snap_007885,prod_8688,wh_005,2025-08-20,148,2,146,69,196,supp_002,2025-07-26,319.01
snap_007886,prod_5046,wh_003,2025-09-14,216,2,214,42,124,supp_004,2025-09-11,654.07
snap_007887,prod_6491,wh_004,2025-09-08,496,49,447,68,189,supp_005,2025-08-17,602.77
snap_007888,prod_2859,wh_001,2025-09-15,335,15,320,70,74,supp_001,2025-08-22,351.67
snap_007889,prod_3808,wh_005,2025-08-28,488,37,451,24,167,supp_005,2025-07-23,32.53
snap_007890,prod_5363,wh_005,2025-09-12,291,35,256,94,183,supp_004,2025-08-19,412.62
snap_007891,prod_3151,wh_005,2025-09-02,325,48,277,66,168,supp_004,2025-09-03,801.06
snap_007892,prod_1545,wh_003,2025-09-03,330,23,307,18,84,supp_003,2025-09-03,378.48
snap_007893,prod_3228,wh_005,2025-08-28,197,18,179,74,102,supp_003,2025-08-10,75.09
snap_007894,prod_9788,wh_001,2025-09-08,465,38,427,62,105,supp_005,2025-08-04,465.53
snap_007895,prod_9010,wh_004,2025-08-24,114,49,65,42,120,supp_002,2025-09-08,357.17
snap_007896,prod_3970,wh_002,2025-08-17,56,38,18,13,73,supp_001,2025-07-23,164.99
snap_007897,prod_1316,wh_004,2025-09-04,445,40,405,88,178,supp_003,2025-08-02,723.81
snap_007898,prod_3707,wh_002,2025-08-25,8,35,0,20,146,supp_001,2025-09-14,648.47
snap_007899,prod_9303,wh_004,2025-09-10,176,35,141,15,78,supp_003,2025-08-13,866.33
snap_007900,prod_5670,wh_003,2025-08-19,490,28,462,74,147,supp_003,2025-08-28,509.08
snap_007901,prod_1368,wh_003,2025-09-13,352,7,345,90,70,supp_005,2025-08-20,168.51
snap_007902,prod_6505,wh_002,2025-08-18,141,12,129,51,149,supp_001,2025-08-25,171.23
snap_007903,prod_2396,wh_003,2025-08-27,265,24,241,16,56,supp_002,2025-08-22,23.62
snap_007904,prod_5975,wh_003,2025-09-02,52,31,21,22,155,supp_005,2025-08-09,857.94
snap_007905,prod_5404,wh_004,2025-09-15,186,44,142,38,196,supp_002,2025-08-18,907.2
snap_007906,prod_5510,wh_005,2025-08-20,37,41,0,77,184,supp_001,2025-09-03,536.22
snap_007907,prod_3414,wh_003,2025-09-07,238,32,206,55,153,supp_001,2025-09-15,638.1
snap_007908,prod_9922,wh_005,2025-08-21,153,4,149,96,156,supp_004,2025-08-12,116.84
snap_007909,prod_9886,wh_002,2025-09-12,183,24,159,55,51,supp_002,2025-07-21,560.41
snap_007910,prod_6681,wh_004,2025-08-21,106,30,76,60,62,supp_002,2025-09-15,718.58
snap_007911,prod_4067,wh_002,2025-09-15,440,16,424,38,151,supp_005,2025-08-26,590.85
snap_007912,prod_7281,wh_002,2025-08-29,354,41,313,45,192,supp_003,2025-09-06,284.63
snap_007913,prod_3587,wh_003,2025-09-13,373,21,352,73,111,supp_003,2025-08-10,786.83
snap_007914,prod_8008,wh_002,2025-09-02,313,6,307,74,153,supp_002,2025-08-16,902.41
snap_007915,prod_7310,wh_003,2025-08-20,21,21,0,26,115,supp_004,2025-08-25,697.36
snap_007916,prod_1971,wh_003,2025-09-13,449,21,428,14,195,supp_003,2025-07-30,440.6
snap_007917,prod_1539,wh_004,2025-09-07,64,21,43,92,50,supp_003,2025-09-04,529.27
snap_007918,prod_5153,wh_005,2025-09-08,393,28,365,38,111,supp_004,2025-09-06,433.56
snap_007919,prod_5394,wh_002,2025-09-12,82,5,77,64,130,supp_001,2025-07-24,274.85
snap_007920,prod_6510,wh_005,2025-09-04,138,30,108,95,158,supp_001,2025-07-25,961.85
snap_007921,prod_3675,wh_001,2025-09-06,113,4,109,11,197,supp_005,2025-08-28,798.87
snap_007922,prod_8441,wh_002,2025-09-02,486,47,439,48,149,supp_003,2025-08-13,363.92
snap_007923,prod_7759,wh_002,2025-08-17,350,34,316,55,81,supp_005,2025-08-26,850.13
snap_007924,prod_5805,wh_005,2025-09-10,370,40,330,14,190,supp_004,2025-07-27,418.26
snap_007925,prod_3712,wh_005,2025-09-01,389,12,377,73,158,supp_001,2025-08-02,964.48
snap_007926,prod_1979,wh_002,2025-08-28,485,38,447,20,98,supp_001,2025-07-19,992.42
snap_007927,prod_4682,wh_001,2025-09-01,423,10,413,96,59,supp_003,2025-07-26,943.38
snap_007928,prod_1272,wh_004,2025-08-26,164,48,116,71,59,supp_001,2025-09-04,330.7
snap_007929,prod_9377,wh_002,2025-08-24,347,38,309,75,198,supp_004,2025-09-01,682.05
snap_007930,prod_2534,wh_001,2025-09-09,38,6,32,24,96,supp_004,2025-07-27,26.58
snap_007931,prod_2677,wh_005,2025-09-01,20,37,0,79,51,supp_004,2025-09-09,867.96
snap_007932,prod_2731,wh_003,2025-09-14,103,13,90,41,69,supp_005,2025-08-15,10.99
snap_007933,prod_1175,wh_001,2025-08-30,431,0,431,30,94,supp_003,2025-08-02,910.24
snap_007934,prod_1162,wh_002,2025-09-09,270,28,242,74,158,supp_003,2025-07-24,626.39
snap_007935,prod_4977,wh_003,2025-09-15,141,10,131,14,180,supp_005,2025-08-26,171.45
snap_007936,prod_5088,wh_003,2025-09-11,145,15,130,69,152,supp_004,2025-07-26,574.79
snap_007937,prod_7970,wh_005,2025-09-15,311,32,279,15,86,supp_005,2025-09-10,884.57
snap_007938,prod_5111,wh_004,2025-08-22,118,31,87,30,105,supp_001,2025-09-14,650.69
snap_007939,prod_9236,wh_002,2025-08-21,115,48,67,10,195,supp_004,2025-08-30,537.91
snap_007940,prod_6456,wh_002,2025-08-28,335,12,323,41,196,supp_003,2025-08-20,480.25
snap_007941,prod_5902,wh_001,2025-09-05,390,6,384,72,105,supp_002,2025-07-30,81.82
snap_007942,prod_8868,wh_003,2025-09-13,287,35,252,63,58,supp_001,2025-08-07,149.63
snap_007943,prod_9108,wh_003,2025-08-27,88,3,85,30,67,supp_002,2025-08-11,377.43
snap_007944,prod_1309,wh_003,2025-09-03,71,1,70,64,195,supp_004,2025-09-07,111.8
snap_007945,prod_2658,wh_002,2025-08-31,443,44,399,20,88,supp_002,2025-09-06,143.43
snap_007946,prod_7567,wh_001,2025-08-24,114,22,92,97,137,supp_004,2025-08-16,217.05
snap_007947,prod_8231,wh_002,2025-09-07,192,21,171,89,101,supp_001,2025-08-05,253.7
snap_007948,prod_8141,wh_005,2025-08-26,52,40,12,73,168,supp_001,2025-08-06,678.86
snap_007949,prod_5584,wh_003,2025-09-15,235,18,217,38,162,supp_004,2025-08-03,686.92
snap_007950,prod_3612,wh_003,2025-09-05,63,50,13,22,91,supp_003,2025-07-27,474.66
snap_007951,prod_4345,wh_001,2025-08-22,489,40,449,19,60,supp_002,2025-08-15,228.21
snap_007952,prod_3478,wh_001,2025-08-30,160,37,123,47,115,supp_002,2025-09-12,976.08
snap_007953,prod_6439,wh_001,2025-08-26,183,50,133,84,113,supp_002,2025-08-02,986.89
snap_007954,prod_7557,wh_004,2025-08-28,64,47,17,61,173,supp_001,2025-08-07,728.32
snap_007955,prod_1252,wh_004,2025-09-02,273,21,252,60,51,supp_005,2025-07-30,592.98
snap_007956,prod_8563,wh_004,2025-09-09,264,16,248,71,92,supp_005,2025-08-12,96.78
snap_007957,prod_6884,wh_005,2025-08-19,177,23,154,64,100,supp_004,2025-08-12,377.41
snap_007958,prod_3929,wh_004,2025-09-15,40,32,8,36,160,supp_002,2025-08-17,41.32
snap_007959,prod_7801,wh_001,2025-09-11,447,32,415,49,78,supp_005,2025-08-18,571.07
snap_007960,prod_8493,wh_004,2025-09-05,311,21,290,99,50,supp_003,2025-08-27,715.86
snap_007961,prod_7494,wh_002,2025-09-03,489,32,457,43,164,supp_003,2025-08-10,403.39
snap_007962,prod_5064,wh_003,2025-08-23,169,36,133,39,116,supp_002,2025-08-18,146.81
snap_007963,prod_8935,wh_005,2025-08-28,145,6,139,10,123,supp_004,2025-08-22,713.35
snap_007964,prod_1669,wh_001,2025-08-22,99,40,59,86,151,supp_005,2025-08-12,254.27
snap_007965,prod_1714,wh_004,2025-08-24,396,15,381,44,141,supp_001,2025-09-08,265.01
snap_007966,prod_4701,wh_004,2025-09-09,424,39,385,66,190,supp_004,2025-08-29,791.87
snap_007967,prod_1687,wh_005,2025-09-05,452,31,421,19,59,supp_001,2025-07-21,256.25
snap_007968,prod_3051,wh_001,2025-09-01,275,48,227,23,68,supp_003,2025-08-28,281.19
snap_007969,prod_9335,wh_002,2025-09-10,352,16,336,27,53,supp_002,2025-08-24,884.1
snap_007970,prod_6196,wh_005,2025-09-04,118,14,104,11,119,supp_004,2025-08-23,737.19
snap_007971,prod_2489,wh_004,2025-08-19,366,18,348,22,63,supp_002,2025-08-02,898.76
snap_007972,prod_8124,wh_004,2025-08-23,254,7,247,39,83,supp_002,2025-08-06,233.82
snap_007973,prod_3284,wh_005,2025-08-28,230,7,223,45,84,supp_003,2025-08-13,270.23
snap_007974,prod_7393,wh_003,2025-08-25,233,23,210,77,86,supp_003,2025-08-14,497.83
snap_007975,prod_5525,wh_003,2025-09-14,241,8,233,14,80,supp_001,2025-07-24,27.82
snap_007976,prod_6947,wh_001,2025-08-27,68,38,30,65,106,supp_004,2025-08-30,108.79
snap_007977,prod_7181,wh_001,2025-08-17,383,32,351,74,106,supp_005,2025-08-27,21.3
snap_007978,prod_4676,wh_005,2025-09-13,494,9,485,75,175,supp_001,2025-09-05,499.78
snap_007979,prod_3358,wh_005,2025-09-13,431,26,405,72,144,supp_004,2025-09-14,486.3
snap_007980,prod_6324,wh_003,2025-08-29,286,29,257,91,162,supp_005,2025-08-12,848.46
snap_007981,prod_8517,wh_004,2025-08-17,31,18,13,56,150,supp_003,2025-09-04,610.61
snap_007982,prod_6882,wh_004,2025-08-29,464,19,445,37,176,supp_004,2025-07-25,110.48
snap_007983,prod_2081,wh_001,2025-09-15,340,45,295,62,94,supp_002,2025-07-26,502.29
snap_007984,prod_8376,wh_001,2025-09-11,421,44,377,75,118,supp_002,2025-08-21,139.14
snap_007985,prod_7875,wh_003,2025-08-24,187,48,139,84,71,supp_004,2025-08-16,693.78
snap_007986,prod_3765,wh_001,2025-08-31,329,37,292,57,199,supp_005,2025-07-20,617.98
snap_007987,prod_7443,wh_002,2025-09-15,388,22,366,25,84,supp_005,2025-09-15,743.01
snap_007988,prod_8443,wh_002,2025-08-30,122,5,117,71,197,supp_003,2025-09-03,629.3
snap_007989,prod_6811,wh_001,2025-08-28,372,17,355,47,64,supp_004,2025-08-21,815.79
snap_007990,prod_6943,wh_002,2025-08-22,63,17,46,45,179,supp_001,2025-08-13,553.24
snap_007991,prod_4788,wh_005,2025-08-24,291,15,276,92,196,supp_001,2025-07-25,283.7
snap_007992,prod_2094,wh_004,2025-08-25,430,28,402,87,182,supp_003,2025-07-23,603.05
snap_007993,prod_1579,wh_002,2025-09-03,407,40,367,89,111,supp_005,2025-08-22,990.31
snap_007994,prod_7019,wh_004,2025-08-29,144,1,143,22,75,supp_002,2025-09-05,89.93
snap_007995,prod_8466,wh_004,2025-08-28,441,49,392,87,65,supp_003,2025-08-23,994.28
snap_007996,prod_6340,wh_002,2025-09-12,381,3,378,14,195,supp_001,2025-08-03,856.88
snap_007997,prod_7913,wh_002,2025-09-12,411,2,409,40,71,supp_001,2025-07-22,683.29
snap_007998,prod_3656,wh_003,2025-08-30,216,25,191,84,99,supp_001,2025-09-08,357.16
snap_007999,prod_3526,wh_004,2025-08-19,483,24,459,96,80,supp_003,2025-09-05,530.01
snap_008000,prod_9174,wh_005,2025-09-14,12,34,0,73,79,supp_002,2025-08-29,945.0
snap_008001,prod_2352,wh_001,2025-08-23,20,9,11,57,125,supp_001,2025-08-03,902.35
snap_008002,prod_8127,wh_001,2025-09-11,129,37,92,93,98,supp_005,2025-09-03,805.18
snap_008003,prod_5788,wh_001,2025-09-05,194,26,168,16,196,supp_005,2025-08-09,457.22
snap_008004,prod_3918,wh_002,2025-08-29,161,48,113,77,134,supp_002,2025-08-05,446.34
snap_008005,prod_3978,wh_005,2025-09-01,462,35,427,46,188,supp_003,2025-08-11,275.86
snap_008006,prod_8615,wh_003,2025-08-23,41,15,26,20,186,supp_003,2025-07-22,899.28
snap_008007,prod_7034,wh_003,2025-09-15,96,32,64,86,138,supp_001,2025-09-03,263.16
snap_008008,prod_7145,wh_003,2025-08-22,57,49,8,50,85,supp_005,2025-08-24,547.32
snap_008009,prod_2934,wh_004,2025-08-24,87,50,37,76,130,supp_001,2025-07-29,917.2
snap_008010,prod_1765,wh_002,2025-09-09,457,32,425,63,149,supp_003,2025-08-26,804.42
snap_008011,prod_7950,wh_004,2025-08-18,489,25,464,23,163,supp_001,2025-09-03,288.42
snap_008012,prod_8351,wh_003,2025-09-03,91,46,45,92,114,supp_005,2025-08-21,798.79
snap_008013,prod_9077,wh_002,2025-09-13,394,37,357,62,117,supp_005,2025-09-15,443.57
snap_008014,prod_3336,wh_002,2025-08-21,230,23,207,69,72,supp_005,2025-07-30,121.84
snap_008015,prod_4436,wh_002,2025-09-02,28,40,0,36,190,supp_005,2025-07-31,21.1
snap_008016,prod_3707,wh_004,2025-08-25,109,2,107,15,65,supp_001,2025-08-21,551.37
snap_008017,prod_7470,wh_004,2025-08-24,100,46,54,49,131,supp_005,2025-08-24,768.1
snap_008018,prod_6849,wh_002,2025-09-06,269,23,246,56,160,supp_003,2025-08-25,836.81
snap_008019,prod_2147,wh_003,2025-09-05,29,45,0,97,108,supp_005,2025-08-03,754.64
snap_008020,prod_8372,wh_002,2025-09-01,487,30,457,72,169,supp_002,2025-08-10,697.17
snap_008021,prod_7807,wh_003,2025-08-27,381,9,372,38,166,supp_005,2025-08-04,257.86
snap_008022,prod_7134,wh_002,2025-09-10,9,48,0,84,125,supp_003,2025-08-03,837.07
snap_008023,prod_7330,wh_004,2025-09-10,475,30,445,15,197,supp_005,2025-07-29,929.72
snap_008024,prod_2751,wh_002,2025-09-12,264,37,227,11,77,supp_005,2025-09-07,897.52
snap_008025,prod_6658,wh_003,2025-09-05,433,26,407,45,57,supp_002,2025-09-03,505.63
snap_008026,prod_3469,wh_002,2025-09-02,261,50,211,37,100,supp_004,2025-08-06,43.98
snap_008027,prod_2073,wh_005,2025-08-25,94,39,55,75,146,supp_002,2025-09-05,276.72
snap_008028,prod_3592,wh_001,2025-08-30,111,42,69,28,157,supp_002,2025-07-26,336.98
snap_008029,prod_9534,wh_005,2025-09-11,425,6,419,13,156,supp_002,2025-07-18,856.05
snap_008030,prod_1680,wh_004,2025-08-24,395,8,387,21,130,supp_004,2025-08-19,692.9
snap_008031,prod_6460,wh_004,2025-08-28,107,42,65,98,51,supp_005,2025-07-28,384.01
snap_008032,prod_1598,wh_002,2025-09-09,71,23,48,24,69,supp_002,2025-08-08,999.98
snap_008033,prod_6936,wh_003,2025-09-11,125,0,125,66,166,supp_002,2025-07-30,898.15
snap_008034,prod_5067,wh_004,2025-09-03,107,22,85,58,138,supp_004,2025-09-02,377.11
snap_008035,prod_2861,wh_005,2025-08-22,206,27,179,15,111,supp_005,2025-08-09,185.29
snap_008036,prod_5771,wh_001,2025-08-20,140,39,101,63,101,supp_004,2025-07-24,474.06
snap_008037,prod_9307,wh_001,2025-08-19,168,27,141,25,131,supp_003,2025-07-27,192.18
snap_008038,prod_7882,wh_005,2025-09-03,327,31,296,90,191,supp_004,2025-08-17,403.78
snap_008039,prod_8222,wh_002,2025-09-05,326,36,290,28,90,supp_002,2025-08-07,766.81
snap_008040,prod_6520,wh_005,2025-08-18,104,25,79,73,110,supp_005,2025-09-03,614.93
snap_008041,prod_4542,wh_004,2025-08-29,3,11,0,16,192,supp_001,2025-09-03,979.14
snap_008042,prod_3834,wh_002,2025-08-30,347,23,324,20,172,supp_001,2025-07-30,554.1
snap_008043,prod_1908,wh_003,2025-08-21,354,34,320,42,124,supp_002,2025-08-11,905.92
snap_008044,prod_8308,wh_004,2025-08-29,192,17,175,64,165,supp_004,2025-08-27,873.84
snap_008045,prod_1923,wh_005,2025-08-22,303,16,287,82,185,supp_005,2025-08-24,988.98
snap_008046,prod_4012,wh_002,2025-08-23,171,37,134,63,68,supp_004,2025-08-23,584.6
snap_008047,prod_7718,wh_002,2025-09-14,412,6,406,47,165,supp_001,2025-08-10,67.36
snap_008048,prod_1736,wh_001,2025-08-17,419,46,373,82,57,supp_004,2025-08-15,244.59
snap_008049,prod_3208,wh_001,2025-09-12,102,43,59,58,165,supp_003,2025-08-08,660.92
snap_008050,prod_7846,wh_005,2025-08-27,394,47,347,15,188,supp_004,2025-07-31,422.19
snap_008051,prod_7496,wh_004,2025-08-18,34,25,9,24,64,supp_004,2025-09-09,682.71
snap_008052,prod_9978,wh_003,2025-09-09,61,46,15,21,115,supp_001,2025-08-08,365.42
snap_008053,prod_7056,wh_001,2025-08-18,411,28,383,85,149,supp_003,2025-07-20,501.45
snap_008054,prod_8343,wh_001,2025-09-11,41,19,22,54,123,supp_005,2025-09-14,302.0
snap_008055,prod_4997,wh_005,2025-09-03,289,47,242,63,104,supp_001,2025-08-14,690.28
snap_008056,prod_3335,wh_002,2025-08-30,328,7,321,28,58,supp_001,2025-07-19,177.83
snap_008057,prod_6336,wh_005,2025-08-25,187,1,186,87,120,supp_005,2025-08-26,228.36
snap_008058,prod_2526,wh_002,2025-08-20,263,47,216,34,88,supp_002,2025-09-04,873.97
snap_008059,prod_1493,wh_003,2025-08-20,390,26,364,80,83,supp_005,2025-07-26,355.23
snap_008060,prod_8390,wh_003,2025-08-24,252,45,207,18,111,supp_002,2025-09-13,369.18
snap_008061,prod_9225,wh_003,2025-08-26,382,14,368,76,162,supp_003,2025-08-17,526.32
snap_008062,prod_2237,wh_002,2025-08-26,484,2,482,14,188,supp_005,2025-07-23,500.41
snap_008063,prod_9607,wh_004,2025-09-08,44,21,23,91,144,supp_003,2025-08-19,310.94
snap_008064,prod_1706,wh_004,2025-09-10,10,32,0,55,199,supp_004,2025-08-27,635.27
snap_008065,prod_1294,wh_005,2025-09-15,47,20,27,38,140,supp_005,2025-09-14,49.24
snap_008066,prod_3902,wh_004,2025-08-30,221,42,179,20,117,supp_005,2025-08-17,912.1
snap_008067,prod_3053,wh_002,2025-08-21,324,48,276,82,66,supp_005,2025-09-01,7.86
snap_008068,prod_1002,wh_003,2025-09-09,236,25,211,63,168,supp_002,2025-08-07,898.19
snap_008069,prod_5236,wh_003,2025-08-28,97,17,80,26,127,supp_004,2025-07-29,130.96
snap_008070,prod_7026,wh_003,2025-08-27,157,28,129,77,65,supp_003,2025-08-30,157.2
snap_008071,prod_4657,wh_004,2025-08-21,162,44,118,11,175,supp_002,2025-09-14,585.31
snap_008072,prod_8464,wh_003,2025-09-06,491,15,476,43,191,supp_003,2025-07-30,722.56
snap_008073,prod_1898,wh_003,2025-09-08,52,4,48,62,119,supp_004,2025-08-02,220.3
snap_008074,prod_9259,wh_001,2025-08-21,66,6,60,71,176,supp_001,2025-07-31,354.86
snap_008075,prod_3241,wh_001,2025-08-23,89,35,54,20,68,supp_004,2025-08-07,941.65
snap_008076,prod_3001,wh_004,2025-08-30,253,39,214,82,95,supp_001,2025-08-01,709.0
snap_008077,prod_4785,wh_005,2025-09-09,256,24,232,19,73,supp_003,2025-07-25,266.89
snap_008078,prod_2973,wh_002,2025-08-31,210,10,200,27,131,supp_001,2025-08-31,22.13
snap_008079,prod_5089,wh_001,2025-09-02,201,19,182,100,119,supp_001,2025-07-20,279.77
snap_008080,prod_5852,wh_005,2025-08-20,208,42,166,39,113,supp_004,2025-08-23,249.97
snap_008081,prod_8060,wh_003,2025-08-31,196,27,169,91,78,supp_003,2025-07-26,991.97
snap_008082,prod_1106,wh_003,2025-09-11,430,13,417,13,140,supp_001,2025-08-02,170.57
snap_008083,prod_6797,wh_004,2025-08-20,345,15,330,57,195,supp_002,2025-07-21,146.73
snap_008084,prod_6977,wh_001,2025-09-11,240,21,219,46,77,supp_005,2025-08-28,31.85
snap_008085,prod_7818,wh_004,2025-08-26,246,35,211,76,113,supp_002,2025-08-08,980.18
snap_008086,prod_5314,wh_005,2025-08-23,316,12,304,73,98,supp_003,2025-07-31,110.1
snap_008087,prod_7350,wh_003,2025-09-13,353,0,353,66,58,supp_002,2025-08-22,459.69
snap_008088,prod_8403,wh_002,2025-08-19,20,26,0,62,193,supp_003,2025-08-12,208.59
snap_008089,prod_9847,wh_002,2025-08-25,316,28,288,76,113,supp_002,2025-09-15,411.35
snap_008090,prod_7502,wh_005,2025-09-09,474,18,456,59,112,supp_005,2025-07-20,375.44
snap_008091,prod_9701,wh_004,2025-08-27,101,38,63,39,168,supp_001,2025-08-10,29.58
snap_008092,prod_1899,wh_005,2025-09-14,214,33,181,18,77,supp_003,2025-08-19,581.78
snap_008093,prod_8758,wh_001,2025-08-29,334,11,323,72,68,supp_003,2025-09-07,808.75
snap_008094,prod_3294,wh_003,2025-08-21,405,4,401,22,58,supp_002,2025-08-25,415.29
snap_008095,prod_3880,wh_004,2025-08-25,12,3,9,91,77,supp_001,2025-08-30,208.19
snap_008096,prod_4608,wh_001,2025-09-06,481,17,464,49,171,supp_002,2025-08-23,763.73
snap_008097,prod_2103,wh_002,2025-09-13,112,22,90,28,139,supp_003,2025-09-11,948.21
snap_008098,prod_7992,wh_002,2025-09-14,250,1,249,74,187,supp_002,2025-08-29,142.53
snap_008099,prod_2470,wh_001,2025-09-13,51,37,14,88,129,supp_002,2025-08-25,814.7
snap_008100,prod_1278,wh_004,2025-09-04,373,31,342,56,99,supp_001,2025-07-22,171.34
snap_008101,prod_9486,wh_002,2025-08-28,451,12,439,58,185,supp_004,2025-08-30,591.02
snap_008102,prod_9883,wh_001,2025-08-27,454,31,423,92,162,supp_001,2025-08-09,871.63
snap_008103,prod_1328,wh_003,2025-09-15,479,8,471,10,53,supp_002,2025-07-29,597.21
snap_008104,prod_8196,wh_002,2025-09-08,344,2,342,64,142,supp_003,2025-07-18,927.71
snap_008105,prod_8938,wh_002,2025-09-03,131,5,126,87,135,supp_002,2025-09-07,590.42
snap_008106,prod_1222,wh_005,2025-08-19,56,25,31,51,183,supp_001,2025-09-13,67.15
snap_008107,prod_3163,wh_004,2025-09-05,140,22,118,68,192,supp_003,2025-09-01,744.06
snap_008108,prod_8580,wh_005,2025-09-11,385,29,356,45,81,supp_004,2025-08-06,849.46
snap_008109,prod_2198,wh_001,2025-08-31,0,47,0,60,192,supp_001,2025-09-13,676.36
snap_008110,prod_4681,wh_001,2025-09-01,135,32,103,67,98,supp_001,2025-07-28,953.25
snap_008111,prod_9031,wh_003,2025-09-09,39,49,0,29,111,supp_004,2025-08-19,137.75
snap_008112,prod_9683,wh_005,2025-09-13,367,39,328,32,97,supp_005,2025-08-03,655.67
snap_008113,prod_7210,wh_003,2025-09-03,441,47,394,31,51,supp_005,2025-09-01,685.17
snap_008114,prod_7271,wh_001,2025-08-25,217,23,194,63,139,supp_003,2025-08-19,878.35
snap_008115,prod_4762,wh_004,2025-08-22,465,32,433,16,157,supp_004,2025-08-09,61.11
snap_008116,prod_1522,wh_002,2025-09-02,180,34,146,53,196,supp_004,2025-08-10,459.86
snap_008117,prod_7336,wh_003,2025-09-13,393,41,352,77,82,supp_002,2025-08-16,292.62
snap_008118,prod_9175,wh_004,2025-08-17,2,27,0,48,199,supp_005,2025-08-06,333.43
snap_008119,prod_4902,wh_002,2025-09-01,97,33,64,37,161,supp_001,2025-08-16,665.59
snap_008120,prod_2715,wh_005,2025-09-15,141,7,134,69,91,supp_005,2025-09-14,284.33
snap_008121,prod_6762,wh_004,2025-08-28,157,32,125,17,158,supp_003,2025-08-12,430.11
snap_008122,prod_9403,wh_002,2025-09-08,168,22,146,38,111,supp_005,2025-07-27,429.72
snap_008123,prod_9585,wh_003,2025-08-19,294,4,290,81,66,supp_001,2025-08-23,123.76
snap_008124,prod_5018,wh_004,2025-09-05,495,24,471,71,143,supp_003,2025-07-18,868.13
snap_008125,prod_5497,wh_003,2025-08-22,8,34,0,93,178,supp_003,2025-09-02,93.86
snap_008126,prod_3103,wh_002,2025-09-02,182,30,152,92,174,supp_004,2025-08-31,250.98
snap_008127,prod_6218,wh_002,2025-08-30,77,16,61,31,173,supp_002,2025-08-31,836.73
snap_008128,prod_5474,wh_002,2025-08-30,345,42,303,94,191,supp_004,2025-08-10,786.41
snap_008129,prod_8332,wh_001,2025-09-07,195,41,154,70,162,supp_003,2025-08-01,841.6
snap_008130,prod_4986,wh_004,2025-08-28,289,32,257,85,162,supp_005,2025-08-09,993.91
snap_008131,prod_4515,wh_002,2025-08-22,91,34,57,26,117,supp_001,2025-08-09,73.23
snap_008132,prod_3148,wh_005,2025-08-27,289,45,244,63,50,supp_002,2025-09-09,29.36
snap_008133,prod_5372,wh_002,2025-08-21,173,19,154,37,127,supp_004,2025-08-27,214.12
snap_008134,prod_5894,wh_003,2025-09-10,78,7,71,31,166,supp_003,2025-09-07,537.96
snap_008135,prod_6280,wh_003,2025-08-25,107,47,60,15,137,supp_003,2025-09-12,766.24
snap_008136,prod_6739,wh_004,2025-08-26,82,21,61,46,135,supp_005,2025-07-30,113.11
snap_008137,prod_4933,wh_005,2025-09-06,186,0,186,20,69,supp_003,2025-08-26,662.52
snap_008138,prod_4646,wh_003,2025-08-27,207,10,197,23,64,supp_001,2025-08-20,52.29
snap_008139,prod_6942,wh_003,2025-08-21,76,2,74,89,52,supp_001,2025-08-20,442.87
snap_008140,prod_5362,wh_004,2025-09-09,485,37,448,16,91,supp_005,2025-07-26,24.87
snap_008141,prod_6149,wh_001,2025-09-01,255,0,255,12,186,supp_003,2025-09-05,852.28
snap_008142,prod_7567,wh_005,2025-08-17,323,9,314,23,109,supp_004,2025-08-20,473.29
snap_008143,prod_1437,wh_005,2025-09-05,102,19,83,87,74,supp_002,2025-07-22,376.36
snap_008144,prod_8414,wh_005,2025-08-21,115,48,67,54,153,supp_004,2025-08-22,28.29
snap_008145,prod_6091,wh_002,2025-09-05,15,50,0,53,147,supp_001,2025-08-16,560.15
snap_008146,prod_2813,wh_004,2025-09-04,292,17,275,91,88,supp_005,2025-08-04,871.18
snap_008147,prod_6642,wh_002,2025-09-15,289,10,279,63,157,supp_002,2025-09-11,252.35
snap_008148,prod_3831,wh_004,2025-09-01,78,7,71,41,191,supp_005,2025-08-27,903.38
snap_008149,prod_2729,wh_002,2025-08-17,121,3,118,58,65,supp_002,2025-07-28,658.82
snap_008150,prod_5137,wh_002,2025-08-29,7,28,0,45,55,supp_005,2025-08-08,973.53
snap_008151,prod_4529,wh_004,2025-08-24,241,38,203,23,144,supp_001,2025-09-01,66.72
snap_008152,prod_3140,wh_002,2025-08-21,320,16,304,49,109,supp_002,2025-08-11,740.25
snap_008153,prod_6714,wh_003,2025-09-07,489,45,444,96,90,supp_002,2025-08-05,720.67
snap_008154,prod_1646,wh_003,2025-09-09,231,28,203,46,75,supp_002,2025-09-03,113.11
snap_008155,prod_4869,wh_003,2025-09-10,98,34,64,92,110,supp_001,2025-09-10,759.49
snap_008156,prod_6284,wh_005,2025-08-19,220,3,217,60,168,supp_002,2025-08-23,223.66
snap_008157,prod_9287,wh_001,2025-08-18,271,4,267,45,127,supp_004,2025-08-10,642.87
snap_008158,prod_5731,wh_002,2025-09-09,64,37,27,52,139,supp_001,2025-09-11,169.81
snap_008159,prod_6013,wh_003,2025-09-06,164,3,161,19,92,supp_003,2025-09-12,159.3
snap_008160,prod_8144,wh_005,2025-08-30,100,9,91,82,98,supp_003,2025-09-07,375.18
snap_008161,prod_6862,wh_003,2025-09-07,208,28,180,52,155,supp_005,2025-08-18,441.83
snap_008162,prod_4789,wh_004,2025-08-17,32,1,31,13,147,supp_004,2025-08-18,907.85
snap_008163,prod_9181,wh_005,2025-08-20,298,2,296,84,50,supp_002,2025-07-27,589.06
snap_008164,prod_9396,wh_001,2025-08-19,160,44,116,90,83,supp_002,2025-08-06,822.58
snap_008165,prod_9513,wh_002,2025-09-13,389,8,381,15,186,supp_002,2025-09-09,498.29
snap_008166,prod_7094,wh_003,2025-08-25,476,4,472,62,177,supp_005,2025-09-09,834.84
snap_008167,prod_2696,wh_005,2025-09-12,133,20,113,47,145,supp_005,2025-08-14,306.83
snap_008168,prod_5183,wh_002,2025-08-30,319,16,303,58,110,supp_003,2025-08-11,325.58
snap_008169,prod_2191,wh_003,2025-09-04,304,19,285,29,88,supp_003,2025-07-30,53.52
snap_008170,prod_2943,wh_002,2025-08-17,11,35,0,41,178,supp_002,2025-08-26,558.8
snap_008171,prod_8618,wh_001,2025-09-05,340,19,321,30,87,supp_003,2025-08-06,226.77
snap_008172,prod_5616,wh_004,2025-08-17,9,3,6,56,162,supp_005,2025-09-15,840.52
snap_008173,prod_8075,wh_005,2025-09-01,213,2,211,33,137,supp_004,2025-08-04,113.99
snap_008174,prod_9904,wh_003,2025-08-24,448,6,442,70,51,supp_003,2025-08-12,553.71
snap_008175,prod_2256,wh_001,2025-09-15,440,27,413,27,54,supp_001,2025-07-27,157.8
snap_008176,prod_9826,wh_005,2025-09-13,394,22,372,20,119,supp_005,2025-09-01,935.89
snap_008177,prod_4769,wh_002,2025-08-21,440,47,393,100,97,supp_002,2025-09-07,803.85
snap_008178,prod_9461,wh_001,2025-09-12,200,38,162,86,170,supp_005,2025-08-30,304.36
snap_008179,prod_7759,wh_005,2025-08-24,484,32,452,74,113,supp_003,2025-08-13,102.49
snap_008180,prod_8338,wh_003,2025-08-29,53,42,11,85,126,supp_002,2025-08-25,352.45
snap_008181,prod_8152,wh_001,2025-08-17,41,48,0,13,106,supp_004,2025-08-06,601.33
snap_008182,prod_2512,wh_001,2025-08-19,366,17,349,23,178,supp_004,2025-09-08,649.77
snap_008183,prod_5654,wh_001,2025-08-24,425,23,402,60,86,supp_003,2025-08-10,950.91
snap_008184,prod_4533,wh_001,2025-09-13,119,25,94,25,152,supp_001,2025-07-22,300.22
snap_008185,prod_7829,wh_001,2025-09-02,29,33,0,24,75,supp_004,2025-07-26,187.77
snap_008186,prod_6249,wh_004,2025-09-13,477,21,456,84,67,supp_003,2025-09-06,490.44
snap_008187,prod_1660,wh_004,2025-08-22,0,29,0,73,156,supp_002,2025-08-05,50.14
snap_008188,prod_6815,wh_003,2025-08-18,383,21,362,64,162,supp_001,2025-09-04,245.28
snap_008189,prod_6108,wh_005,2025-08-20,160,4,156,37,72,supp_001,2025-08-01,95.8
snap_008190,prod_1226,wh_004,2025-08-29,247,12,235,79,116,supp_001,2025-08-30,51.54
snap_008191,prod_7613,wh_001,2025-09-13,7,15,0,12,76,supp_002,2025-09-12,619.75
snap_008192,prod_6844,wh_005,2025-08-21,22,4,18,32,149,supp_001,2025-07-23,76.15
snap_008193,prod_7495,wh_001,2025-08-17,357,0,357,86,70,supp_001,2025-07-22,711.16
snap_008194,prod_5263,wh_005,2025-08-25,62,5,57,31,173,supp_002,2025-07-26,524.48
snap_008195,prod_7287,wh_005,2025-08-20,108,44,64,47,150,supp_001,2025-09-03,359.59
snap_008196,prod_1018,wh_001,2025-09-08,276,48,228,37,141,supp_003,2025-08-27,638.04
snap_008197,prod_8698,wh_002,2025-08-17,74,13,61,81,54,supp_003,2025-08-24,70.48
snap_008198,prod_7326,wh_004,2025-08-28,429,40,389,75,193,supp_005,2025-07-18,662.61
snap_008199,prod_2482,wh_005,2025-08-23,345,42,303,32,200,supp_002,2025-08-08,231.11
snap_008200,prod_4622,wh_005,2025-09-11,418,0,418,49,59,supp_005,2025-08-21,538.32
snap_008201,prod_4279,wh_002,2025-08-31,6,36,0,53,63,supp_002,2025-08-23,365.48
snap_008202,prod_2710,wh_001,2025-09-04,300,36,264,98,163,supp_001,2025-09-10,398.35
snap_008203,prod_8886,wh_003,2025-08-23,179,42,137,27,60,supp_004,2025-08-26,535.1
snap_008204,prod_2722,wh_002,2025-09-13,375,13,362,75,194,supp_005,2025-09-02,66.32
snap_008205,prod_6706,wh_005,2025-08-19,91,0,91,71,136,supp_004,2025-09-15,525.42
snap_008206,prod_1380,wh_001,2025-09-03,243,13,230,98,146,supp_004,2025-08-04,315.91
snap_008207,prod_3727,wh_003,2025-09-02,455,40,415,31,189,supp_005,2025-09-08,344.75
snap_008208,prod_2695,wh_003,2025-08-26,385,38,347,22,143,supp_001,2025-08-19,799.27
snap_008209,prod_8228,wh_001,2025-09-10,420,10,410,16,175,supp_005,2025-08-03,269.55
snap_008210,prod_4931,wh_002,2025-09-12,305,13,292,94,127,supp_001,2025-08-15,995.02
snap_008211,prod_8144,wh_001,2025-09-04,161,11,150,84,101,supp_005,2025-07-21,111.57
snap_008212,prod_5622,wh_002,2025-09-03,241,7,234,93,96,supp_004,2025-09-06,389.02
snap_008213,prod_3523,wh_002,2025-08-31,370,26,344,81,116,supp_001,2025-08-10,174.61
snap_008214,prod_4785,wh_002,2025-09-15,26,50,0,18,151,supp_001,2025-09-09,925.01
snap_008215,prod_2515,wh_005,2025-08-20,247,41,206,89,151,supp_002,2025-07-19,151.68
snap_008216,prod_3818,wh_001,2025-09-14,365,24,341,68,90,supp_004,2025-08-17,834.63
snap_008217,prod_2435,wh_004,2025-08-19,293,13,280,38,165,supp_005,2025-08-25,200.44
snap_008218,prod_8824,wh_001,2025-09-11,296,25,271,29,138,supp_003,2025-08-28,219.75
snap_008219,prod_5778,wh_005,2025-08-17,315,8,307,60,107,supp_003,2025-07-20,404.97
snap_008220,prod_3169,wh_004,2025-08-25,29,32,0,87,127,supp_003,2025-08-20,497.48
snap_008221,prod_2300,wh_003,2025-08-22,495,4,491,68,52,supp_001,2025-09-05,591.39
snap_008222,prod_2648,wh_002,2025-09-15,311,1,310,55,168,supp_002,2025-08-31,468.78
snap_008223,prod_6891,wh_001,2025-08-23,141,50,91,89,64,supp_005,2025-08-18,932.29
snap_008224,prod_2709,wh_004,2025-08-21,217,26,191,98,53,supp_002,2025-09-13,293.7
snap_008225,prod_7311,wh_003,2025-09-13,497,12,485,72,152,supp_003,2025-07-31,475.15
snap_008226,prod_7986,wh_005,2025-09-10,146,40,106,46,134,supp_001,2025-08-23,390.15
snap_008227,prod_1891,wh_003,2025-08-22,51,35,16,39,119,supp_002,2025-08-11,123.26
snap_008228,prod_5762,wh_002,2025-09-08,66,15,51,41,190,supp_005,2025-08-26,989.9
snap_008229,prod_9838,wh_001,2025-08-19,54,34,20,43,175,supp_001,2025-09-01,865.49
snap_008230,prod_8468,wh_005,2025-08-24,212,46,166,32,105,supp_003,2025-08-30,403.28
snap_008231,prod_9788,wh_001,2025-08-27,27,18,9,59,195,supp_001,2025-07-28,337.76
snap_008232,prod_4209,wh_002,2025-09-09,144,23,121,52,153,supp_003,2025-08-30,89.13
snap_008233,prod_8763,wh_004,2025-08-22,406,21,385,71,90,supp_005,2025-08-05,160.43
snap_008234,prod_7780,wh_004,2025-09-01,231,0,231,77,132,supp_003,2025-08-17,305.22
snap_008235,prod_5158,wh_004,2025-09-04,432,40,392,72,106,supp_004,2025-08-15,408.9
snap_008236,prod_7486,wh_004,2025-09-10,393,10,383,50,136,supp_005,2025-09-05,484.67
snap_008237,prod_2757,wh_003,2025-08-28,264,43,221,14,134,supp_002,2025-08-09,555.14
snap_008238,prod_3580,wh_002,2025-08-22,495,44,451,50,186,supp_003,2025-07-23,755.37
snap_008239,prod_1251,wh_003,2025-08-31,476,13,463,47,127,supp_003,2025-09-07,748.68
snap_008240,prod_3300,wh_002,2025-09-03,26,42,0,63,75,supp_001,2025-07-21,931.85
snap_008241,prod_2599,wh_004,2025-09-01,47,41,6,76,125,supp_003,2025-08-25,274.9
snap_008242,prod_5912,wh_001,2025-09-04,420,47,373,24,92,supp_005,2025-07-24,39.59
snap_008243,prod_3237,wh_005,2025-09-10,1,3,0,30,55,supp_004,2025-08-13,380.27
snap_008244,prod_3035,wh_005,2025-09-01,56,0,56,48,123,supp_005,2025-07-27,926.09
snap_008245,prod_8781,wh_005,2025-08-23,1,26,0,75,139,supp_004,2025-07-18,461.22
snap_008246,prod_9819,wh_001,2025-09-06,174,40,134,89,186,supp_001,2025-08-15,742.26
snap_008247,prod_8665,wh_003,2025-08-25,410,36,374,80,129,supp_002,2025-08-09,829.3
snap_008248,prod_6135,wh_002,2025-08-28,299,2,297,33,123,supp_003,2025-08-03,636.43
snap_008249,prod_3254,wh_005,2025-09-12,104,46,58,17,70,supp_001,2025-08-25,919.44
snap_008250,prod_5441,wh_002,2025-09-10,239,32,207,66,111,supp_004,2025-08-04,670.37
snap_008251,prod_1496,wh_002,2025-09-15,369,38,331,10,146,supp_004,2025-07-31,114.18
snap_008252,prod_8585,wh_002,2025-09-07,50,18,32,75,116,supp_001,2025-09-02,290.98
snap_008253,prod_6855,wh_005,2025-08-24,415,31,384,76,143,supp_002,2025-08-29,168.37
snap_008254,prod_7571,wh_005,2025-09-05,420,28,392,64,157,supp_005,2025-08-02,966.44
snap_008255,prod_3431,wh_003,2025-09-14,260,11,249,60,195,supp_003,2025-08-07,196.62
snap_008256,prod_4488,wh_002,2025-09-10,217,49,168,59,97,supp_002,2025-08-03,446.32
snap_008257,prod_4480,wh_003,2025-08-30,37,49,0,40,156,supp_001,2025-09-03,865.01
snap_008258,prod_2201,wh_001,2025-08-28,400,33,367,20,104,supp_002,2025-09-09,539.18
snap_008259,prod_9375,wh_001,2025-08-23,33,18,15,72,87,supp_001,2025-07-30,320.04
snap_008260,prod_2131,wh_001,2025-08-23,116,10,106,42,59,supp_005,2025-08-11,205.42
snap_008261,prod_1826,wh_003,2025-09-14,404,44,360,40,112,supp_005,2025-08-10,937.8
snap_008262,prod_5718,wh_001,2025-08-17,158,36,122,100,196,supp_004,2025-08-13,15.66
snap_008263,prod_7707,wh_002,2025-09-14,169,30,139,43,169,supp_001,2025-08-12,365.02
snap_008264,prod_3904,wh_002,2025-09-08,489,29,460,45,171,supp_002,2025-08-03,56.82
snap_008265,prod_3820,wh_005,2025-08-18,25,29,0,69,56,supp_005,2025-08-15,497.95
snap_008266,prod_6670,wh_003,2025-09-15,375,10,365,68,168,supp_001,2025-07-18,338.37
snap_008267,prod_9661,wh_004,2025-08-29,31,9,22,23,181,supp_001,2025-08-01,558.29
snap_008268,prod_2278,wh_003,2025-08-17,485,17,468,68,186,supp_003,2025-07-21,634.12
snap_008269,prod_7738,wh_004,2025-08-29,244,5,239,84,79,supp_003,2025-08-04,347.44
snap_008270,prod_8478,wh_003,2025-09-04,480,14,466,59,136,supp_005,2025-09-04,865.37
snap_008271,prod_5811,wh_001,2025-09-04,110,31,79,96,96,supp_003,2025-08-14,380.52
snap_008272,prod_9888,wh_003,2025-09-09,50,5,45,48,91,supp_005,2025-08-20,727.31
snap_008273,prod_3399,wh_004,2025-09-12,274,16,258,34,121,supp_004,2025-07-27,868.82
snap_008274,prod_3686,wh_001,2025-08-19,329,17,312,95,125,supp_002,2025-07-23,211.83
snap_008275,prod_4836,wh_002,2025-08-18,378,17,361,65,182,supp_003,2025-09-10,912.62
snap_008276,prod_2313,wh_004,2025-09-03,467,20,447,24,124,supp_002,2025-07-30,985.39
snap_008277,prod_8017,wh_005,2025-08-27,399,48,351,76,172,supp_002,2025-09-08,817.88
snap_008278,prod_5778,wh_001,2025-08-25,95,31,64,64,82,supp_005,2025-09-15,647.94
snap_008279,prod_8517,wh_005,2025-09-06,327,24,303,95,71,supp_004,2025-09-01,252.0
snap_008280,prod_7380,wh_001,2025-09-14,25,15,10,33,187,supp_002,2025-09-09,669.99
snap_008281,prod_6022,wh_004,2025-09-09,390,7,383,49,191,supp_002,2025-07-29,101.22
snap_008282,prod_5909,wh_002,2025-08-18,307,38,269,44,200,supp_004,2025-08-20,599.12
snap_008283,prod_4371,wh_004,2025-09-14,302,26,276,71,110,supp_003,2025-09-11,917.67
snap_008284,prod_6960,wh_001,2025-08-30,289,39,250,71,116,supp_002,2025-07-29,107.49
snap_008285,prod_4073,wh_003,2025-09-04,386,40,346,42,118,supp_005,2025-08-11,897.27
snap_008286,prod_2570,wh_004,2025-08-25,245,50,195,61,55,supp_002,2025-08-07,593.81
snap_008287,prod_9954,wh_002,2025-09-02,362,13,349,22,96,supp_001,2025-08-10,966.17
snap_008288,prod_4986,wh_003,2025-08-23,187,45,142,69,79,supp_003,2025-07-30,726.53
snap_008289,prod_8118,wh_003,2025-08-24,482,1,481,66,94,supp_003,2025-08-21,933.61
snap_008290,prod_4255,wh_005,2025-09-11,69,17,52,77,90,supp_005,2025-09-03,952.54
snap_008291,prod_8536,wh_004,2025-08-23,87,36,51,61,73,supp_002,2025-08-25,174.76
snap_008292,prod_3908,wh_004,2025-09-15,445,43,402,63,163,supp_003,2025-09-02,38.27
snap_008293,prod_6613,wh_005,2025-08-17,414,50,364,84,72,supp_004,2025-09-12,747.57
snap_008294,prod_9867,wh_005,2025-09-06,268,42,226,99,158,supp_005,2025-08-16,212.56
snap_008295,prod_4654,wh_004,2025-09-11,351,18,333,72,100,supp_005,2025-08-18,559.68
snap_008296,prod_4655,wh_003,2025-08-22,1,29,0,78,97,supp_004,2025-07-29,711.35
snap_008297,prod_2249,wh_005,2025-08-22,19,5,14,17,125,supp_003,2025-08-17,393.01
snap_008298,prod_9304,wh_001,2025-09-05,477,29,448,43,154,supp_005,2025-08-31,902.51
snap_008299,prod_6571,wh_004,2025-09-05,467,27,440,44,119,supp_005,2025-08-21,640.83
snap_008300,prod_2101,wh_004,2025-08-30,166,30,136,15,107,supp_005,2025-07-26,259.33
snap_008301,prod_9985,wh_005,2025-08-28,470,5,465,79,71,supp_003,2025-09-03,804.95
snap_008302,prod_3564,wh_005,2025-08-27,151,45,106,25,195,supp_001,2025-08-18,482.72
snap_008303,prod_8907,wh_001,2025-08-20,32,37,0,33,135,supp_005,2025-09-03,970.39
snap_008304,prod_8130,wh_004,2025-09-01,456,48,408,48,131,supp_001,2025-09-08,533.73
snap_008305,prod_3713,wh_002,2025-08-24,375,12,363,60,194,supp_001,2025-08-13,433.89
snap_008306,prod_3303,wh_005,2025-09-12,10,9,1,86,52,supp_001,2025-09-09,250.86
snap_008307,prod_2019,wh_004,2025-09-07,94,41,53,26,153,supp_003,2025-08-25,279.13
snap_008308,prod_5396,wh_005,2025-09-09,229,10,219,29,144,supp_001,2025-08-20,773.65
snap_008309,prod_7540,wh_005,2025-09-03,323,33,290,51,113,supp_003,2025-07-28,251.26
snap_008310,prod_5298,wh_002,2025-08-18,309,45,264,37,134,supp_003,2025-08-05,586.65
snap_008311,prod_1213,wh_003,2025-09-14,245,33,212,73,147,supp_003,2025-09-09,544.7
snap_008312,prod_4186,wh_002,2025-08-30,332,23,309,58,91,supp_003,2025-08-10,984.12
snap_008313,prod_5397,wh_001,2025-09-07,365,10,355,38,191,supp_002,2025-09-07,176.64
snap_008314,prod_1702,wh_003,2025-09-11,91,11,80,51,199,supp_004,2025-09-06,681.67
snap_008315,prod_3720,wh_001,2025-09-07,118,20,98,12,62,supp_004,2025-09-12,458.77
snap_008316,prod_7380,wh_005,2025-09-14,373,4,369,17,122,supp_005,2025-08-19,742.43
snap_008317,prod_9204,wh_001,2025-08-28,358,12,346,41,196,supp_003,2025-09-10,333.07
snap_008318,prod_8284,wh_001,2025-08-28,415,31,384,90,112,supp_003,2025-08-27,117.12
snap_008319,prod_6421,wh_002,2025-09-14,455,30,425,18,97,supp_003,2025-09-15,857.62
snap_008320,prod_8837,wh_004,2025-09-08,355,49,306,57,108,supp_001,2025-09-05,711.05
snap_008321,prod_7309,wh_001,2025-09-06,167,48,119,67,128,supp_004,2025-08-11,315.47
snap_008322,prod_8050,wh_003,2025-08-24,484,20,464,18,85,supp_001,2025-07-24,505.03
snap_008323,prod_6268,wh_002,2025-08-21,16,29,0,38,89,supp_005,2025-07-29,982.29
snap_008324,prod_5277,wh_003,2025-09-11,154,35,119,25,133,supp_002,2025-08-04,373.82
snap_008325,prod_5294,wh_004,2025-08-19,450,24,426,80,112,supp_001,2025-08-21,145.49
snap_008326,prod_6682,wh_001,2025-09-06,210,36,174,76,190,supp_005,2025-07-31,560.68
snap_008327,prod_5024,wh_003,2025-09-01,31,2,29,78,96,supp_004,2025-07-29,678.61
snap_008328,prod_7946,wh_004,2025-08-29,434,25,409,89,155,supp_004,2025-09-11,871.49
snap_008329,prod_3611,wh_003,2025-09-02,189,21,168,44,112,supp_001,2025-08-05,532.85
snap_008330,prod_9403,wh_002,2025-09-14,465,23,442,13,60,supp_004,2025-07-28,909.19
snap_008331,prod_4298,wh_005,2025-08-20,445,22,423,88,86,supp_003,2025-07-27,628.46
snap_008332,prod_7578,wh_001,2025-08-21,483,3,480,10,118,supp_002,2025-07-23,669.81
snap_008333,prod_9836,wh_002,2025-09-02,2,40,0,83,111,supp_001,2025-09-03,548.75
snap_008334,prod_4729,wh_005,2025-09-15,422,0,422,12,122,supp_001,2025-07-25,535.44
snap_008335,prod_9334,wh_001,2025-08-19,244,26,218,30,154,supp_001,2025-09-07,615.36
snap_008336,prod_1446,wh_002,2025-09-02,32,3,29,59,129,supp_003,2025-07-27,267.02
snap_008337,prod_4573,wh_002,2025-09-15,407,48,359,85,140,supp_002,2025-07-24,727.0
snap_008338,prod_1340,wh_002,2025-09-13,369,24,345,40,144,supp_005,2025-09-14,603.45
snap_008339,prod_8967,wh_005,2025-09-12,61,3,58,90,95,supp_005,2025-08-29,554.15
snap_008340,prod_4861,wh_003,2025-09-11,286,15,271,15,200,supp_004,2025-08-21,295.79
snap_008341,prod_3259,wh_003,2025-08-18,41,36,5,54,171,supp_003,2025-07-29,874.19
snap_008342,prod_8334,wh_002,2025-08-29,430,45,385,73,168,supp_001,2025-08-04,859.95
snap_008343,prod_3987,wh_003,2025-09-03,162,44,118,29,179,supp_002,2025-07-29,130.98
snap_008344,prod_2303,wh_002,2025-08-24,117,45,72,68,149,supp_002,2025-09-14,808.92
snap_008345,prod_4999,wh_004,2025-09-05,473,11,462,91,126,supp_002,2025-09-03,842.77
snap_008346,prod_8901,wh_002,2025-08-19,438,28,410,59,90,supp_003,2025-08-22,699.75
snap_008347,prod_4052,wh_001,2025-08-18,445,46,399,36,191,supp_002,2025-09-11,197.5
snap_008348,prod_8911,wh_001,2025-09-12,263,22,241,46,165,supp_001,2025-08-17,178.77
snap_008349,prod_5709,wh_005,2025-09-07,353,42,311,59,141,supp_001,2025-08-27,876.5
snap_008350,prod_8214,wh_001,2025-09-10,352,33,319,48,186,supp_005,2025-07-27,393.24
snap_008351,prod_2447,wh_003,2025-09-13,429,46,383,55,164,supp_005,2025-07-26,671.89
snap_008352,prod_5719,wh_003,2025-09-11,317,27,290,100,83,supp_002,2025-08-25,155.79
snap_008353,prod_6413,wh_002,2025-09-11,159,45,114,68,56,supp_002,2025-08-05,751.71
snap_008354,prod_9998,wh_003,2025-09-03,167,39,128,52,163,supp_005,2025-09-06,936.14
snap_008355,prod_6205,wh_005,2025-09-03,444,21,423,19,199,supp_001,2025-08-28,595.76
snap_008356,prod_6054,wh_003,2025-08-17,437,31,406,60,183,supp_002,2025-08-01,349.19
snap_008357,prod_7029,wh_001,2025-08-20,94,41,53,64,182,supp_003,2025-09-09,963.59
snap_008358,prod_5179,wh_005,2025-08-17,434,8,426,84,56,supp_005,2025-09-14,895.61
snap_008359,prod_8488,wh_002,2025-09-01,417,11,406,38,146,supp_002,2025-09-10,129.84
snap_008360,prod_5166,wh_003,2025-08-20,189,24,165,15,150,supp_002,2025-08-23,600.48
snap_008361,prod_8778,wh_005,2025-08-21,243,5,238,99,92,supp_001,2025-08-12,101.23
snap_008362,prod_2972,wh_002,2025-08-17,188,35,153,69,141,supp_004,2025-09-12,188.73
snap_008363,prod_2160,wh_001,2025-08-18,302,23,279,93,167,supp_005,2025-09-02,551.32
snap_008364,prod_5084,wh_003,2025-09-02,360,35,325,54,172,supp_003,2025-09-02,535.96
snap_008365,prod_1517,wh_001,2025-08-31,121,5,116,36,89,supp_004,2025-09-13,917.62
snap_008366,prod_6988,wh_004,2025-09-11,284,46,238,27,98,supp_004,2025-08-21,971.46
snap_008367,prod_6345,wh_001,2025-08-26,209,14,195,77,73,supp_001,2025-08-14,520.96
snap_008368,prod_2949,wh_002,2025-09-02,357,15,342,74,91,supp_002,2025-08-10,486.92
snap_008369,prod_1011,wh_004,2025-08-22,441,32,409,45,121,supp_001,2025-08-12,988.79
snap_008370,prod_4238,wh_003,2025-08-25,8,19,0,99,175,supp_005,2025-08-08,650.56
snap_008371,prod_9848,wh_001,2025-09-11,217,16,201,67,162,supp_002,2025-08-14,223.31
snap_008372,prod_3243,wh_005,2025-08-27,63,2,61,80,120,supp_003,2025-08-04,134.63
snap_008373,prod_1447,wh_004,2025-09-13,258,45,213,12,133,supp_003,2025-08-11,366.8
snap_008374,prod_8589,wh_005,2025-09-10,162,8,154,55,114,supp_004,2025-08-21,276.55
snap_008375,prod_9722,wh_004,2025-09-10,385,21,364,10,81,supp_003,2025-09-07,360.28
snap_008376,prod_2841,wh_004,2025-09-04,276,26,250,87,101,supp_005,2025-07-31,772.66
snap_008377,prod_8558,wh_002,2025-09-11,454,10,444,23,94,supp_002,2025-07-18,52.38
snap_008378,prod_4605,wh_005,2025-08-31,369,1,368,56,140,supp_003,2025-09-14,844.66
snap_008379,prod_3325,wh_004,2025-08-20,102,44,58,44,135,supp_002,2025-09-08,555.29
snap_008380,prod_3331,wh_005,2025-09-01,48,21,27,34,85,supp_004,2025-09-02,553.42
snap_008381,prod_7610,wh_002,2025-09-08,155,19,136,91,139,supp_005,2025-08-19,815.81
snap_008382,prod_6844,wh_005,2025-09-07,445,12,433,13,89,supp_004,2025-07-22,340.71
snap_008383,prod_3862,wh_001,2025-09-15,183,35,148,11,177,supp_005,2025-08-18,228.79
snap_008384,prod_5987,wh_001,2025-09-01,210,50,160,59,82,supp_001,2025-09-11,504.64
snap_008385,prod_7821,wh_001,2025-09-06,363,0,363,26,187,supp_005,2025-08-28,801.52
snap_008386,prod_1474,wh_003,2025-08-27,178,12,166,24,145,supp_004,2025-09-08,358.98
snap_008387,prod_8738,wh_005,2025-09-09,456,29,427,10,144,supp_002,2025-08-22,30.04
snap_008388,prod_1933,wh_003,2025-09-10,411,20,391,41,50,supp_003,2025-09-09,953.08
snap_008389,prod_8134,wh_005,2025-08-23,84,30,54,55,142,supp_004,2025-08-26,227.97
snap_008390,prod_6487,wh_002,2025-09-06,465,49,416,28,109,supp_003,2025-07-22,738.8
snap_008391,prod_6557,wh_003,2025-09-07,497,22,475,52,151,supp_001,2025-08-06,696.81
snap_008392,prod_6867,wh_005,2025-08-26,80,34,46,69,143,supp_005,2025-09-11,357.3
snap_008393,prod_7363,wh_004,2025-08-30,305,38,267,65,129,supp_004,2025-09-10,611.93
snap_008394,prod_5045,wh_002,2025-08-21,102,21,81,50,123,supp_003,2025-08-24,747.99
snap_008395,prod_3205,wh_003,2025-09-10,246,33,213,41,126,supp_004,2025-08-13,147.2
snap_008396,prod_6346,wh_001,2025-08-19,401,36,365,11,173,supp_005,2025-09-01,220.52
snap_008397,prod_7967,wh_005,2025-09-02,95,49,46,62,80,supp_002,2025-09-02,113.01
snap_008398,prod_6023,wh_002,2025-08-27,327,17,310,79,146,supp_002,2025-08-21,120.17
snap_008399,prod_3419,wh_001,2025-09-02,247,6,241,81,86,supp_004,2025-08-11,766.93
snap_008400,prod_1497,wh_001,2025-09-13,494,49,445,47,171,supp_005,2025-09-13,618.56
snap_008401,prod_3754,wh_001,2025-09-01,112,11,101,53,83,supp_002,2025-08-09,335.49
snap_008402,prod_1309,wh_005,2025-09-12,464,22,442,83,67,supp_004,2025-07-28,481.26
snap_008403,prod_7479,wh_003,2025-08-29,223,26,197,73,57,supp_003,2025-07-31,844.21
snap_008404,prod_6823,wh_004,2025-09-07,284,13,271,94,80,supp_005,2025-09-15,184.52
snap_008405,prod_9993,wh_001,2025-09-02,156,22,134,72,169,supp_002,2025-09-01,553.81
snap_008406,prod_8369,wh_005,2025-09-12,455,37,418,59,169,supp_003,2025-09-10,429.31
snap_008407,prod_4328,wh_003,2025-08-25,123,44,79,77,94,supp_002,2025-07-21,509.24
snap_008408,prod_2313,wh_001,2025-09-04,52,39,13,40,160,supp_004,2025-08-07,196.95
snap_008409,prod_2008,wh_001,2025-09-02,60,14,46,33,149,supp_001,2025-07-30,195.79
snap_008410,prod_8428,wh_003,2025-09-10,234,9,225,99,138,supp_005,2025-08-09,844.33
snap_008411,prod_9773,wh_003,2025-08-24,213,34,179,81,140,supp_001,2025-07-26,616.81
snap_008412,prod_9590,wh_003,2025-08-28,416,29,387,16,82,supp_003,2025-08-23,788.88
snap_008413,prod_5954,wh_001,2025-08-27,2,39,0,20,114,supp_005,2025-08-13,495.91
snap_008414,prod_9818,wh_002,2025-08-27,272,24,248,33,81,supp_001,2025-09-01,189.94
snap_008415,prod_6478,wh_004,2025-08-20,109,21,88,92,180,supp_003,2025-07-24,283.56
snap_008416,prod_4014,wh_003,2025-08-24,257,16,241,97,179,supp_001,2025-08-26,459.83
snap_008417,prod_2076,wh_005,2025-08-24,0,3,0,59,104,supp_004,2025-08-22,457.12
snap_008418,prod_8404,wh_003,2025-08-23,386,8,378,63,166,supp_001,2025-07-20,506.04
snap_008419,prod_9470,wh_005,2025-09-09,307,12,295,59,70,supp_005,2025-08-07,372.75
snap_008420,prod_3884,wh_001,2025-09-13,219,10,209,44,113,supp_003,2025-08-29,369.98
snap_008421,prod_7454,wh_001,2025-09-11,177,15,162,93,156,supp_004,2025-09-09,401.0
snap_008422,prod_1455,wh_002,2025-09-10,453,7,446,20,73,supp_003,2025-09-02,136.69
snap_008423,prod_2786,wh_004,2025-09-03,245,2,243,43,114,supp_003,2025-07-31,290.31
snap_008424,prod_5943,wh_003,2025-08-30,403,34,369,22,194,supp_002,2025-08-12,673.42
snap_008425,prod_8494,wh_002,2025-09-05,323,12,311,49,166,supp_001,2025-09-08,904.62
snap_008426,prod_8344,wh_005,2025-08-31,180,50,130,92,72,supp_001,2025-09-13,220.52
snap_008427,prod_5323,wh_005,2025-08-17,55,28,27,65,151,supp_005,2025-08-04,112.21
snap_008428,prod_6872,wh_003,2025-08-25,348,28,320,59,190,supp_004,2025-07-21,325.77
snap_008429,prod_3666,wh_005,2025-08-27,132,50,82,56,82,supp_002,2025-08-26,479.34
snap_008430,prod_6897,wh_002,2025-09-14,207,45,162,25,86,supp_005,2025-07-24,722.41
snap_008431,prod_9720,wh_003,2025-09-10,220,8,212,64,145,supp_003,2025-07-27,737.4
snap_008432,prod_2307,wh_005,2025-09-11,91,1,90,38,62,supp_004,2025-07-24,727.08
snap_008433,prod_6996,wh_005,2025-08-21,23,16,7,17,161,supp_002,2025-09-11,249.33
snap_008434,prod_7235,wh_001,2025-09-08,330,8,322,88,154,supp_004,2025-08-05,268.3
snap_008435,prod_5096,wh_003,2025-09-14,276,49,227,69,168,supp_003,2025-08-01,197.12
snap_008436,prod_6776,wh_005,2025-08-22,67,50,17,76,133,supp_004,2025-08-22,472.59
snap_008437,prod_9179,wh_003,2025-09-08,296,2,294,59,110,supp_005,2025-09-13,357.02
snap_008438,prod_1485,wh_001,2025-08-17,270,21,249,87,167,supp_001,2025-08-14,83.97
snap_008439,prod_3508,wh_001,2025-08-23,332,23,309,85,63,supp_002,2025-08-31,420.94
snap_008440,prod_8609,wh_003,2025-09-11,449,32,417,92,165,supp_005,2025-09-04,651.4
snap_008441,prod_9787,wh_001,2025-09-14,178,29,149,29,159,supp_002,2025-07-28,24.5
snap_008442,prod_2526,wh_003,2025-08-25,172,3,169,63,61,supp_002,2025-09-03,971.25
snap_008443,prod_9519,wh_003,2025-08-17,342,14,328,79,119,supp_001,2025-08-29,105.66
snap_008444,prod_7455,wh_002,2025-08-25,333,18,315,14,118,supp_003,2025-08-20,106.4
snap_008445,prod_4868,wh_003,2025-08-30,201,14,187,11,90,supp_001,2025-08-07,412.97
snap_008446,prod_3723,wh_001,2025-08-26,341,47,294,58,96,supp_005,2025-07-31,847.71
snap_008447,prod_6286,wh_004,2025-09-05,239,3,236,16,188,supp_003,2025-08-10,969.1
snap_008448,prod_6281,wh_004,2025-08-18,43,21,22,74,139,supp_002,2025-07-24,323.56
snap_008449,prod_6533,wh_004,2025-08-28,0,20,0,20,70,supp_004,2025-07-21,647.07
snap_008450,prod_1584,wh_003,2025-08-23,456,26,430,83,163,supp_004,2025-09-03,229.93
snap_008451,prod_4204,wh_005,2025-08-23,131,12,119,53,176,supp_004,2025-08-02,122.94
snap_008452,prod_5682,wh_003,2025-08-21,61,45,16,53,189,supp_004,2025-08-22,696.68
snap_008453,prod_8657,wh_002,2025-09-03,284,42,242,81,132,supp_003,2025-08-16,415.84
snap_008454,prod_3400,wh_003,2025-09-11,59,25,34,15,125,supp_003,2025-07-20,538.86
snap_008455,prod_4068,wh_001,2025-08-26,235,26,209,22,163,supp_001,2025-07-18,761.23
snap_008456,prod_8447,wh_001,2025-09-04,274,34,240,20,118,supp_004,2025-08-13,851.61
snap_008457,prod_5777,wh_005,2025-08-20,474,37,437,75,141,supp_001,2025-08-14,346.29
snap_008458,prod_7897,wh_004,2025-08-19,70,1,69,28,62,supp_003,2025-08-23,479.97
snap_008459,prod_1006,wh_001,2025-08-25,377,40,337,20,144,supp_002,2025-08-20,506.68
snap_008460,prod_7698,wh_005,2025-09-07,31,13,18,29,131,supp_001,2025-08-14,687.8
snap_008461,prod_7306,wh_002,2025-08-26,67,20,47,43,183,supp_005,2025-07-29,528.69
snap_008462,prod_3069,wh_003,2025-09-12,406,11,395,10,144,supp_002,2025-07-23,678.6
snap_008463,prod_8404,wh_004,2025-09-07,322,46,276,81,163,supp_003,2025-08-17,410.48
snap_008464,prod_8950,wh_004,2025-08-20,455,5,450,70,106,supp_001,2025-09-09,47.61
snap_008465,prod_8423,wh_003,2025-09-07,47,7,40,39,126,supp_002,2025-07-22,191.16
snap_008466,prod_7249,wh_003,2025-09-02,261,43,218,10,187,supp_003,2025-08-30,843.5
snap_008467,prod_2586,wh_002,2025-08-17,104,24,80,27,198,supp_003,2025-08-22,616.59
snap_008468,prod_7326,wh_005,2025-09-07,190,38,152,82,89,supp_001,2025-07-24,48.98
snap_008469,prod_6442,wh_001,2025-08-18,373,47,326,75,112,supp_004,2025-09-12,451.85
snap_008470,prod_8104,wh_002,2025-09-14,124,35,89,68,94,supp_003,2025-09-11,99.25
snap_008471,prod_3892,wh_001,2025-09-04,438,10,428,12,79,supp_002,2025-07-24,373.91
snap_008472,prod_7076,wh_001,2025-08-18,40,48,0,14,157,supp_003,2025-07-21,70.98
snap_008473,prod_8375,wh_001,2025-08-22,436,0,436,65,60,supp_001,2025-08-28,550.87
snap_008474,prod_2935,wh_005,2025-09-07,193,17,176,11,147,supp_005,2025-08-19,633.49
snap_008475,prod_1348,wh_001,2025-08-18,369,21,348,65,67,supp_002,2025-08-17,274.46
snap_008476,prod_7586,wh_003,2025-08-17,71,19,52,64,170,supp_002,2025-09-07,674.4
snap_008477,prod_9564,wh_002,2025-09-05,317,1,316,88,114,supp_005,2025-08-26,325.79
snap_008478,prod_2968,wh_005,2025-09-15,303,26,277,78,126,supp_001,2025-08-10,51.86
snap_008479,prod_6140,wh_001,2025-08-20,195,10,185,48,104,supp_005,2025-09-13,651.38
snap_008480,prod_9704,wh_005,2025-08-28,183,20,163,34,190,supp_001,2025-08-01,337.37
snap_008481,prod_8471,wh_001,2025-09-14,152,30,122,98,87,supp_004,2025-08-17,496.43
snap_008482,prod_6199,wh_004,2025-08-21,220,39,181,40,185,supp_003,2025-08-23,684.1
snap_008483,prod_6633,wh_001,2025-09-07,204,5,199,50,72,supp_005,2025-08-16,781.27
snap_008484,prod_7199,wh_002,2025-08-19,69,21,48,44,175,supp_003,2025-09-07,627.96
snap_008485,prod_6027,wh_001,2025-09-14,310,45,265,16,180,supp_004,2025-09-05,752.79
snap_008486,prod_8813,wh_004,2025-09-14,217,28,189,11,77,supp_002,2025-07-19,292.18
snap_008487,prod_3401,wh_003,2025-08-20,174,11,163,89,61,supp_005,2025-08-19,865.44
snap_008488,prod_1391,wh_004,2025-08-20,145,35,110,32,139,supp_004,2025-09-07,812.6
snap_008489,prod_5732,wh_001,2025-08-24,222,35,187,15,125,supp_002,2025-08-25,393.94
snap_008490,prod_7374,wh_002,2025-09-08,82,30,52,88,160,supp_005,2025-08-04,435.9
snap_008491,prod_5228,wh_001,2025-09-12,41,44,0,19,200,supp_005,2025-08-18,928.57
snap_008492,prod_9359,wh_004,2025-09-05,277,45,232,60,186,supp_003,2025-09-13,737.02
snap_008493,prod_3037,wh_003,2025-08-29,230,5,225,21,60,supp_004,2025-09-11,370.05
snap_008494,prod_3017,wh_005,2025-09-10,342,0,342,41,168,supp_002,2025-09-04,967.13
snap_008495,prod_4900,wh_004,2025-09-12,32,11,21,58,133,supp_005,2025-09-03,527.44
snap_008496,prod_1980,wh_001,2025-09-11,260,40,220,29,89,supp_001,2025-09-08,852.62
snap_008497,prod_9149,wh_002,2025-08-25,458,38,420,56,130,supp_005,2025-09-12,241.9
snap_008498,prod_7913,wh_002,2025-09-14,69,34,35,97,54,supp_001,2025-07-27,932.83
snap_008499,prod_2438,wh_003,2025-09-01,280,18,262,54,92,supp_002,2025-08-09,843.32
snap_008500,prod_7789,wh_005,2025-08-24,252,28,224,64,150,supp_002,2025-08-11,686.77
snap_008501,prod_4160,wh_001,2025-09-01,237,3,234,23,104,supp_005,2025-07-18,285.64
snap_008502,prod_4361,wh_002,2025-09-12,164,0,164,94,66,supp_002,2025-08-30,421.84
snap_008503,prod_2566,wh_003,2025-08-25,47,18,29,84,166,supp_005,2025-09-03,220.88
snap_008504,prod_7982,wh_004,2025-09-01,278,42,236,53,129,supp_001,2025-09-14,527.24
snap_008505,prod_7864,wh_004,2025-09-12,26,40,0,12,55,supp_003,2025-07-28,491.31
snap_008506,prod_3260,wh_004,2025-09-10,354,21,333,58,110,supp_002,2025-07-23,946.66
snap_008507,prod_3151,wh_001,2025-09-15,408,8,400,68,65,supp_005,2025-09-03,348.4
snap_008508,prod_3815,wh_001,2025-08-18,496,30,466,67,150,supp_004,2025-08-16,35.35
snap_008509,prod_2713,wh_002,2025-08-27,448,29,419,70,179,supp_002,2025-08-15,162.08
snap_008510,prod_7638,wh_002,2025-08-18,337,21,316,21,119,supp_004,2025-09-13,626.16
snap_008511,prod_4458,wh_002,2025-08-17,500,16,484,36,88,supp_005,2025-09-11,12.77
snap_008512,prod_5362,wh_003,2025-08-22,338,19,319,24,161,supp_001,2025-08-31,871.54
snap_008513,prod_5821,wh_002,2025-08-27,346,2,344,74,158,supp_001,2025-07-20,484.41
snap_008514,prod_1949,wh_003,2025-08-28,321,35,286,11,63,supp_003,2025-08-23,779.27
snap_008515,prod_9618,wh_001,2025-08-20,36,20,16,55,114,supp_002,2025-08-23,871.53
snap_008516,prod_4061,wh_005,2025-09-10,260,15,245,31,76,supp_005,2025-09-08,234.92
snap_008517,prod_8845,wh_004,2025-08-18,367,43,324,30,127,supp_005,2025-08-04,437.38
snap_008518,prod_3028,wh_004,2025-09-03,62,4,58,59,175,supp_002,2025-09-03,757.18
snap_008519,prod_4667,wh_002,2025-09-10,327,2,325,27,75,supp_002,2025-08-14,124.81
snap_008520,prod_3392,wh_002,2025-08-29,258,22,236,84,183,supp_002,2025-09-05,591.7
snap_008521,prod_9736,wh_001,2025-09-03,276,35,241,28,84,supp_001,2025-08-25,40.89
snap_008522,prod_5236,wh_003,2025-08-23,230,15,215,21,97,supp_003,2025-07-31,947.43
snap_008523,prod_7456,wh_003,2025-08-26,55,43,12,36,136,supp_004,2025-07-27,860.17
snap_008524,prod_3904,wh_003,2025-09-03,479,34,445,23,125,supp_005,2025-07-19,686.96
snap_008525,prod_1482,wh_004,2025-09-08,356,4,352,77,160,supp_002,2025-08-12,905.51
snap_008526,prod_1982,wh_005,2025-08-30,12,27,0,63,171,supp_001,2025-09-05,823.16
snap_008527,prod_5626,wh_001,2025-09-05,236,6,230,57,80,supp_002,2025-09-15,601.47
snap_008528,prod_9426,wh_005,2025-08-20,185,6,179,24,68,supp_004,2025-08-11,293.97
snap_008529,prod_4793,wh_005,2025-08-31,419,28,391,65,176,supp_003,2025-09-02,529.85
snap_008530,prod_2537,wh_003,2025-08-20,233,20,213,10,188,supp_002,2025-08-18,316.18
snap_008531,prod_9252,wh_001,2025-09-08,397,12,385,19,107,supp_001,2025-08-11,136.31
snap_008532,prod_1658,wh_003,2025-09-01,34,19,15,61,65,supp_001,2025-09-14,460.97
snap_008533,prod_1258,wh_003,2025-08-28,109,32,77,85,165,supp_005,2025-08-07,5.0
snap_008534,prod_3034,wh_005,2025-09-07,40,40,0,77,104,supp_003,2025-09-09,311.33
snap_008535,prod_8758,wh_005,2025-08-28,321,23,298,76,114,supp_004,2025-07-19,135.81
snap_008536,prod_2628,wh_003,2025-09-03,6,7,0,45,62,supp_005,2025-08-09,54.41
snap_008537,prod_1496,wh_003,2025-08-20,117,5,112,96,78,supp_002,2025-09-12,864.81
snap_008538,prod_8540,wh_005,2025-09-13,100,36,64,70,80,supp_004,2025-08-01,776.0
snap_008539,prod_1222,wh_003,2025-08-19,214,34,180,79,180,supp_002,2025-09-13,263.28
snap_008540,prod_5378,wh_005,2025-09-07,195,14,181,46,107,supp_005,2025-09-14,51.72
snap_008541,prod_4702,wh_005,2025-09-02,54,37,17,59,152,supp_005,2025-07-20,361.49
snap_008542,prod_4255,wh_005,2025-08-29,159,42,117,20,151,supp_005,2025-07-21,446.09
snap_008543,prod_2395,wh_005,2025-08-31,205,14,191,22,95,supp_004,2025-07-28,596.24
snap_008544,prod_3443,wh_005,2025-09-12,361,11,350,96,193,supp_004,2025-08-04,829.05
snap_008545,prod_5476,wh_005,2025-09-03,184,10,174,25,78,supp_004,2025-08-13,765.22
snap_008546,prod_1040,wh_005,2025-08-26,46,13,33,65,56,supp_004,2025-08-28,871.25
snap_008547,prod_7759,wh_004,2025-09-15,165,25,140,74,108,supp_002,2025-08-13,422.02
snap_008548,prod_2924,wh_002,2025-08-31,338,18,320,14,182,supp_005,2025-08-29,7.23
snap_008549,prod_4648,wh_005,2025-08-17,156,14,142,24,148,supp_004,2025-08-29,862.09
snap_008550,prod_8609,wh_005,2025-09-04,3,17,0,13,115,supp_005,2025-09-11,622.4
snap_008551,prod_5762,wh_001,2025-09-11,331,32,299,65,145,supp_005,2025-09-09,474.19
snap_008552,prod_7469,wh_002,2025-09-01,79,43,36,41,153,supp_003,2025-08-16,890.57
snap_008553,prod_9914,wh_003,2025-08-24,218,27,191,33,195,supp_004,2025-08-19,127.81
snap_008554,prod_7833,wh_001,2025-09-14,497,31,466,35,125,supp_002,2025-08-18,404.0
snap_008555,prod_6931,wh_003,2025-08-25,392,1,391,23,93,supp_005,2025-08-20,968.67
snap_008556,prod_3616,wh_005,2025-09-05,476,44,432,14,155,supp_005,2025-07-23,255.89
snap_008557,prod_2235,wh_005,2025-08-27,478,28,450,84,56,supp_004,2025-09-10,814.69
snap_008558,prod_8159,wh_002,2025-08-23,399,10,389,53,177,supp_005,2025-07-31,892.47
snap_008559,prod_3859,wh_005,2025-08-31,42,22,20,80,90,supp_003,2025-07-26,580.51
snap_008560,prod_5789,wh_003,2025-08-25,348,32,316,56,188,supp_002,2025-08-09,391.91
snap_008561,prod_4787,wh_002,2025-08-18,50,43,7,65,73,supp_004,2025-08-29,602.67
snap_008562,prod_3887,wh_005,2025-08-28,213,5,208,87,157,supp_002,2025-08-18,390.58
snap_008563,prod_2821,wh_004,2025-08-19,148,28,120,88,191,supp_005,2025-07-21,496.5
snap_008564,prod_4535,wh_002,2025-08-19,474,2,472,57,50,supp_001,2025-07-28,201.01
snap_008565,prod_2693,wh_004,2025-09-01,340,7,333,94,85,supp_005,2025-09-04,219.91
snap_008566,prod_4804,wh_002,2025-09-10,483,47,436,25,142,supp_004,2025-07-29,916.94
snap_008567,prod_8621,wh_002,2025-09-01,102,15,87,58,193,supp_005,2025-07-22,716.21
snap_008568,prod_6838,wh_004,2025-09-05,125,12,113,92,74,supp_005,2025-08-02,510.37
snap_008569,prod_3497,wh_005,2025-09-06,316,11,305,50,80,supp_004,2025-08-15,722.54
snap_008570,prod_1427,wh_002,2025-09-01,472,35,437,31,149,supp_004,2025-09-01,314.31
snap_008571,prod_3490,wh_005,2025-08-26,231,46,185,31,72,supp_003,2025-08-29,161.43
snap_008572,prod_3678,wh_001,2025-09-11,231,45,186,44,155,supp_005,2025-08-22,458.34
snap_008573,prod_9361,wh_002,2025-09-06,181,23,158,32,145,supp_003,2025-08-07,926.76
snap_008574,prod_4899,wh_003,2025-08-22,93,48,45,100,93,supp_002,2025-07-31,509.64
snap_008575,prod_8330,wh_002,2025-09-11,8,21,0,74,131,supp_003,2025-08-25,295.89
snap_008576,prod_1825,wh_001,2025-08-20,302,7,295,34,130,supp_004,2025-08-01,948.21
snap_008577,prod_4424,wh_005,2025-08-21,6,17,0,26,125,supp_004,2025-08-22,490.92
snap_008578,prod_3483,wh_001,2025-09-07,368,26,342,71,181,supp_001,2025-08-19,317.05
snap_008579,prod_7987,wh_003,2025-08-31,445,38,407,92,142,supp_002,2025-08-13,113.66
snap_008580,prod_8622,wh_005,2025-09-05,229,3,226,16,164,supp_001,2025-08-19,712.93
snap_008581,prod_5644,wh_003,2025-08-31,98,42,56,19,132,supp_001,2025-08-12,952.33
snap_008582,prod_8073,wh_001,2025-08-28,332,33,299,54,175,supp_003,2025-08-29,432.19
snap_008583,prod_8598,wh_003,2025-08-25,336,43,293,73,128,supp_002,2025-08-13,70.3
snap_008584,prod_7090,wh_001,2025-08-23,201,47,154,86,183,supp_002,2025-08-29,357.76
snap_008585,prod_7045,wh_002,2025-08-18,154,10,144,36,73,supp_004,2025-07-21,556.8
snap_008586,prod_7785,wh_001,2025-09-11,346,48,298,58,152,supp_005,2025-08-30,561.07
snap_008587,prod_4560,wh_005,2025-09-06,299,1,298,71,99,supp_003,2025-09-11,945.73
snap_008588,prod_2502,wh_003,2025-09-02,28,35,0,86,180,supp_002,2025-07-30,229.22
snap_008589,prod_2089,wh_005,2025-09-15,265,14,251,65,140,supp_005,2025-08-19,724.12
snap_008590,prod_9669,wh_002,2025-09-02,260,27,233,37,109,supp_001,2025-09-09,696.59
snap_008591,prod_6954,wh_002,2025-08-28,310,33,277,78,83,supp_005,2025-09-08,312.72
snap_008592,prod_4462,wh_001,2025-08-24,455,33,422,35,53,supp_002,2025-08-18,190.96
snap_008593,prod_6144,wh_005,2025-09-13,121,20,101,43,106,supp_002,2025-08-08,339.34
snap_008594,prod_2280,wh_002,2025-09-15,276,41,235,71,192,supp_004,2025-09-04,228.43
snap_008595,prod_2792,wh_003,2025-09-13,266,34,232,73,143,supp_003,2025-08-14,535.24
snap_008596,prod_3535,wh_002,2025-09-01,250,50,200,10,52,supp_002,2025-08-31,828.42
snap_008597,prod_6410,wh_001,2025-09-10,223,10,213,29,59,supp_002,2025-08-18,564.42
snap_008598,prod_7124,wh_002,2025-08-21,479,20,459,24,190,supp_004,2025-07-23,522.2
snap_008599,prod_2905,wh_001,2025-09-12,450,6,444,61,102,supp_002,2025-07-28,508.85
snap_008600,prod_3121,wh_004,2025-08-20,346,45,301,32,157,supp_002,2025-09-09,966.7
snap_008601,prod_8701,wh_004,2025-08-22,184,5,179,23,140,supp_004,2025-09-01,461.29
snap_008602,prod_2492,wh_003,2025-08-22,102,33,69,18,186,supp_004,2025-09-10,969.36
snap_008603,prod_7953,wh_004,2025-08-25,327,41,286,41,50,supp_005,2025-08-13,491.36
snap_008604,prod_1222,wh_004,2025-08-20,465,30,435,65,175,supp_004,2025-07-27,847.24
snap_008605,prod_8068,wh_005,2025-09-07,418,7,411,16,161,supp_004,2025-08-01,314.18
snap_008606,prod_6978,wh_004,2025-08-24,306,15,291,55,189,supp_003,2025-08-27,526.26
snap_008607,prod_5375,wh_001,2025-08-23,293,42,251,13,85,supp_003,2025-07-24,528.42
snap_008608,prod_2005,wh_005,2025-08-19,499,17,482,98,106,supp_003,2025-07-25,700.08
snap_008609,prod_4068,wh_001,2025-09-02,231,39,192,60,154,supp_001,2025-08-14,915.85
snap_008610,prod_6244,wh_001,2025-09-10,88,11,77,85,99,supp_005,2025-08-26,734.12
snap_008611,prod_1523,wh_001,2025-09-01,203,40,163,69,173,supp_004,2025-07-28,868.36
snap_008612,prod_8091,wh_004,2025-08-29,479,19,460,34,67,supp_002,2025-09-12,967.77
snap_008613,prod_6498,wh_003,2025-09-01,498,29,469,16,59,supp_002,2025-09-07,700.75
snap_008614,prod_9654,wh_003,2025-08-22,272,26,246,31,135,supp_004,2025-08-31,106.33
snap_008615,prod_1139,wh_001,2025-09-12,194,45,149,36,125,supp_003,2025-08-18,627.8
snap_008616,prod_4732,wh_002,2025-09-03,390,2,388,60,178,supp_004,2025-07-21,330.3
snap_008617,prod_5848,wh_003,2025-08-31,152,44,108,71,84,supp_003,2025-09-02,27.08
snap_008618,prod_3089,wh_003,2025-08-30,34,6,28,74,157,supp_004,2025-07-18,486.11
snap_008619,prod_7275,wh_002,2025-08-22,322,14,308,86,91,supp_001,2025-07-29,649.06
snap_008620,prod_6214,wh_005,2025-08-28,53,5,48,20,57,supp_001,2025-08-16,108.98
snap_008621,prod_9785,wh_004,2025-09-09,389,29,360,84,128,supp_005,2025-08-19,974.09
snap_008622,prod_3073,wh_005,2025-08-31,289,35,254,22,134,supp_002,2025-07-18,308.44
snap_008623,prod_4416,wh_001,2025-09-03,181,33,148,33,126,supp_001,2025-09-14,47.69
snap_008624,prod_7206,wh_001,2025-09-04,195,8,187,36,80,supp_005,2025-09-09,889.38
snap_008625,prod_7513,wh_005,2025-09-04,283,15,268,15,199,supp_002,2025-08-08,647.57
snap_008626,prod_9312,wh_005,2025-09-10,135,15,120,52,55,supp_004,2025-08-12,318.62
snap_008627,prod_8035,wh_004,2025-08-31,85,40,45,39,111,supp_004,2025-08-28,696.38
snap_008628,prod_7245,wh_001,2025-08-27,366,42,324,94,137,supp_001,2025-08-22,436.64
snap_008629,prod_5975,wh_001,2025-09-13,27,50,0,99,155,supp_003,2025-08-22,734.38
snap_008630,prod_3883,wh_002,2025-08-22,280,32,248,69,152,supp_005,2025-08-10,974.7
snap_008631,prod_2327,wh_002,2025-08-27,152,27,125,21,107,supp_005,2025-08-22,774.75
snap_008632,prod_1295,wh_001,2025-08-25,242,17,225,56,56,supp_001,2025-08-18,798.67
snap_008633,prod_7226,wh_005,2025-08-22,54,31,23,98,73,supp_002,2025-08-27,921.97
snap_008634,prod_6777,wh_001,2025-08-26,430,11,419,13,171,supp_005,2025-08-10,508.81
snap_008635,prod_4987,wh_003,2025-08-18,499,41,458,39,70,supp_003,2025-08-26,865.79
snap_008636,prod_9471,wh_002,2025-09-14,57,37,20,14,58,supp_005,2025-09-02,304.19
snap_008637,prod_8418,wh_002,2025-09-13,388,40,348,33,116,supp_002,2025-07-22,398.14
snap_008638,prod_2146,wh_003,2025-08-22,236,24,212,40,133,supp_001,2025-08-14,956.66
snap_008639,prod_6557,wh_005,2025-08-24,48,2,46,23,151,supp_001,2025-08-05,252.43
snap_008640,prod_2248,wh_002,2025-09-05,142,37,105,35,85,supp_005,2025-08-01,299.52
snap_008641,prod_7308,wh_005,2025-08-17,192,28,164,82,91,supp_001,2025-08-06,252.18
snap_008642,prod_8623,wh_005,2025-08-24,348,9,339,20,195,supp_002,2025-07-20,556.49
snap_008643,prod_7331,wh_005,2025-09-03,478,29,449,48,190,supp_001,2025-07-20,406.59
snap_008644,prod_8450,wh_001,2025-08-28,342,39,303,35,52,supp_001,2025-08-04,342.62
snap_008645,prod_2715,wh_005,2025-09-01,61,13,48,80,146,supp_001,2025-08-01,894.37
snap_008646,prod_3951,wh_001,2025-09-05,106,38,68,38,200,supp_001,2025-09-15,986.62
snap_008647,prod_4548,wh_004,2025-09-03,311,12,299,86,101,supp_002,2025-09-05,862.52
snap_008648,prod_1243,wh_001,2025-09-12,200,47,153,91,56,supp_001,2025-08-04,721.17
snap_008649,prod_3554,wh_001,2025-09-15,355,19,336,74,62,supp_004,2025-07-25,159.35
snap_008650,prod_6594,wh_001,2025-08-19,414,48,366,41,70,supp_005,2025-09-11,84.45
snap_008651,prod_9123,wh_002,2025-09-07,239,10,229,10,107,supp_001,2025-08-23,973.85
snap_008652,prod_3038,wh_003,2025-09-07,115,6,109,18,83,supp_001,2025-08-25,157.01
snap_008653,prod_9229,wh_004,2025-08-20,109,48,61,75,162,supp_003,2025-08-18,968.56
snap_008654,prod_5953,wh_005,2025-08-22,432,46,386,74,187,supp_001,2025-08-23,219.93
snap_008655,prod_7165,wh_005,2025-08-29,351,5,346,23,100,supp_003,2025-08-19,242.14
snap_008656,prod_2604,wh_003,2025-09-07,360,1,359,54,116,supp_002,2025-07-21,681.43
snap_008657,prod_9333,wh_004,2025-08-23,80,5,75,21,150,supp_002,2025-08-29,250.63
snap_008658,prod_4946,wh_003,2025-08-18,372,37,335,71,138,supp_004,2025-09-12,600.53
snap_008659,prod_5873,wh_002,2025-09-10,233,31,202,47,186,supp_003,2025-09-15,721.64
snap_008660,prod_9191,wh_001,2025-08-17,59,2,57,19,77,supp_001,2025-07-23,36.9
snap_008661,prod_3285,wh_004,2025-08-17,293,25,268,36,193,supp_005,2025-07-21,164.44
snap_008662,prod_6983,wh_003,2025-09-04,278,44,234,67,62,supp_001,2025-08-17,549.54
snap_008663,prod_3597,wh_001,2025-08-27,17,2,15,79,157,supp_005,2025-08-05,464.81
snap_008664,prod_4505,wh_001,2025-08-24,317,47,270,12,135,supp_002,2025-08-25,115.92
snap_008665,prod_5092,wh_005,2025-08-23,391,46,345,23,191,supp_003,2025-08-13,179.08
snap_008666,prod_3520,wh_003,2025-08-31,116,26,90,19,54,supp_005,2025-08-25,895.19
snap_008667,prod_6158,wh_002,2025-09-05,258,20,238,80,76,supp_004,2025-08-06,698.56
snap_008668,prod_8291,wh_002,2025-08-30,414,41,373,75,149,supp_005,2025-09-01,978.81
snap_008669,prod_8902,wh_004,2025-08-19,189,43,146,24,179,supp_004,2025-08-17,102.28
snap_008670,prod_6604,wh_004,2025-08-30,253,39,214,67,101,supp_005,2025-08-28,137.87
snap_008671,prod_4508,wh_005,2025-08-23,478,1,477,57,97,supp_004,2025-08-22,720.41
snap_008672,prod_1304,wh_001,2025-09-09,99,11,88,14,116,supp_001,2025-08-07,996.77
snap_008673,prod_1938,wh_003,2025-09-09,341,9,332,12,148,supp_002,2025-08-13,528.25
snap_008674,prod_3144,wh_002,2025-09-07,443,35,408,31,137,supp_005,2025-09-02,100.24
snap_008675,prod_5412,wh_002,2025-08-18,466,47,419,100,55,supp_003,2025-08-13,974.81
snap_008676,prod_1722,wh_004,2025-09-03,65,30,35,67,168,supp_002,2025-07-30,96.71
snap_008677,prod_4465,wh_002,2025-08-17,170,13,157,94,169,supp_001,2025-07-27,888.19
snap_008678,prod_9197,wh_005,2025-09-04,486,33,453,45,139,supp_001,2025-08-13,714.66
snap_008679,prod_6115,wh_001,2025-08-29,348,3,345,74,177,supp_003,2025-09-05,404.9
snap_008680,prod_2410,wh_004,2025-09-08,343,47,296,61,188,supp_002,2025-08-28,568.14
snap_008681,prod_7529,wh_003,2025-09-12,163,32,131,49,134,supp_005,2025-09-11,603.78
snap_008682,prod_8338,wh_003,2025-09-12,126,3,123,76,111,supp_001,2025-08-15,852.65
snap_008683,prod_7478,wh_004,2025-08-22,43,7,36,38,71,supp_005,2025-08-25,871.74
snap_008684,prod_2382,wh_005,2025-09-03,289,7,282,83,129,supp_005,2025-08-02,958.43
snap_008685,prod_4408,wh_004,2025-09-02,405,8,397,94,174,supp_001,2025-09-15,566.17
snap_008686,prod_7122,wh_003,2025-08-26,353,3,350,50,176,supp_001,2025-09-01,633.82
snap_008687,prod_9129,wh_003,2025-08-17,1,34,0,20,145,supp_005,2025-07-20,884.35
snap_008688,prod_6527,wh_003,2025-08-21,494,27,467,95,52,supp_003,2025-09-09,374.26
snap_008689,prod_3979,wh_004,2025-09-05,36,29,7,73,117,supp_003,2025-09-01,721.4
snap_008690,prod_2343,wh_004,2025-08-31,12,12,0,38,93,supp_005,2025-09-10,956.97
snap_008691,prod_6790,wh_002,2025-08-26,152,50,102,75,92,supp_001,2025-09-13,861.27
snap_008692,prod_4821,wh_004,2025-09-07,58,25,33,14,76,supp_002,2025-07-23,242.3
snap_008693,prod_4662,wh_003,2025-09-07,65,24,41,19,178,supp_004,2025-08-02,232.39
snap_008694,prod_6916,wh_003,2025-09-01,395,32,363,49,60,supp_003,2025-08-10,412.32
snap_008695,prod_8177,wh_004,2025-08-19,233,2,231,31,170,supp_004,2025-09-13,43.19
snap_008696,prod_4168,wh_004,2025-08-28,311,29,282,67,127,supp_001,2025-08-19,291.07
snap_008697,prod_7991,wh_002,2025-09-06,13,9,4,11,116,supp_001,2025-08-19,675.52
snap_008698,prod_1381,wh_002,2025-08-21,229,15,214,13,143,supp_005,2025-07-31,841.16
snap_008699,prod_9581,wh_002,2025-09-12,447,19,428,83,61,supp_004,2025-08-09,53.17
snap_008700,prod_6042,wh_003,2025-08-29,289,16,273,10,99,supp_003,2025-08-11,798.94
snap_008701,prod_9768,wh_001,2025-09-06,111,20,91,41,189,supp_002,2025-08-06,495.13
snap_008702,prod_4662,wh_003,2025-08-24,264,31,233,74,63,supp_001,2025-09-04,892.94
snap_008703,prod_4372,wh_003,2025-08-24,48,17,31,98,68,supp_003,2025-07-22,551.2
snap_008704,prod_5604,wh_005,2025-08-22,338,44,294,72,118,supp_003,2025-08-13,227.96
snap_008705,prod_8977,wh_002,2025-08-24,232,39,193,79,139,supp_004,2025-08-23,908.19
snap_008706,prod_9905,wh_003,2025-08-24,429,35,394,58,168,supp_001,2025-09-14,316.28
snap_008707,prod_5819,wh_001,2025-09-11,40,43,0,62,55,supp_003,2025-08-08,365.09
snap_008708,prod_3688,wh_004,2025-08-20,226,17,209,97,187,supp_002,2025-08-10,386.15
snap_008709,prod_1313,wh_004,2025-09-08,248,34,214,49,60,supp_002,2025-08-25,132.68
snap_008710,prod_9626,wh_002,2025-09-01,33,12,21,38,108,supp_001,2025-08-27,906.85
snap_008711,prod_7116,wh_002,2025-08-28,90,25,65,75,81,supp_002,2025-09-14,107.84
snap_008712,prod_2209,wh_005,2025-09-04,161,8,153,51,105,supp_002,2025-08-02,791.51
snap_008713,prod_9180,wh_003,2025-09-05,306,14,292,72,168,supp_003,2025-08-01,422.15
snap_008714,prod_7985,wh_005,2025-08-18,182,49,133,53,185,supp_001,2025-08-10,597.34
snap_008715,prod_4796,wh_002,2025-08-26,269,27,242,31,99,supp_002,2025-08-02,482.44
snap_008716,prod_3469,wh_001,2025-08-22,166,44,122,34,186,supp_002,2025-07-23,337.96
snap_008717,prod_2808,wh_005,2025-09-14,251,36,215,50,93,supp_002,2025-07-24,961.49
snap_008718,prod_3035,wh_004,2025-08-21,8,7,1,27,149,supp_005,2025-07-28,224.8
snap_008719,prod_8999,wh_001,2025-08-23,444,12,432,80,67,supp_003,2025-07-19,984.61
snap_008720,prod_4959,wh_002,2025-08-22,301,34,267,63,166,supp_004,2025-09-05,756.23
snap_008721,prod_2121,wh_004,2025-09-10,500,36,464,54,184,supp_005,2025-08-01,867.44
snap_008722,prod_8482,wh_001,2025-08-31,284,14,270,19,57,supp_001,2025-07-18,627.07
snap_008723,prod_1061,wh_004,2025-09-02,27,23,4,14,137,supp_003,2025-07-21,715.37
snap_008724,prod_3810,wh_002,2025-09-11,245,32,213,95,183,supp_005,2025-07-21,925.58
snap_008725,prod_5456,wh_004,2025-09-05,181,37,144,35,66,supp_004,2025-07-28,509.54
snap_008726,prod_7544,wh_004,2025-08-26,45,7,38,29,122,supp_002,2025-08-08,994.82
snap_008727,prod_2180,wh_001,2025-08-30,342,1,341,100,134,supp_004,2025-07-18,774.25
snap_008728,prod_6713,wh_004,2025-09-02,291,25,266,51,122,supp_001,2025-08-29,597.3
snap_008729,prod_7507,wh_001,2025-09-09,389,17,372,78,65,supp_001,2025-09-13,743.34
snap_008730,prod_2627,wh_005,2025-08-31,95,19,76,82,155,supp_002,2025-09-14,760.57
snap_008731,prod_1218,wh_003,2025-09-04,496,40,456,84,109,supp_003,2025-08-30,763.44
snap_008732,prod_6620,wh_002,2025-09-13,52,16,36,34,75,supp_003,2025-07-26,716.24
snap_008733,prod_3984,wh_001,2025-09-02,43,17,26,100,170,supp_001,2025-08-25,43.05
snap_008734,prod_5931,wh_004,2025-09-13,132,12,120,96,65,supp_004,2025-08-25,17.8
snap_008735,prod_1714,wh_002,2025-08-27,287,15,272,86,83,supp_004,2025-08-23,508.82
snap_008736,prod_5545,wh_002,2025-09-08,50,17,33,39,128,supp_002,2025-08-12,789.05
snap_008737,prod_5754,wh_003,2025-09-01,106,41,65,55,137,supp_001,2025-09-15,856.55
snap_008738,prod_8904,wh_005,2025-08-17,118,35,83,64,171,supp_002,2025-09-11,935.66
snap_008739,prod_2964,wh_004,2025-09-08,407,27,380,69,88,supp_005,2025-09-07,699.18
snap_008740,prod_3467,wh_002,2025-08-18,312,46,266,97,77,supp_001,2025-07-20,801.27
snap_008741,prod_7277,wh_004,2025-09-14,57,5,52,33,89,supp_003,2025-08-21,784.54
snap_008742,prod_1719,wh_003,2025-09-11,384,42,342,45,109,supp_002,2025-08-07,527.79
snap_008743,prod_1995,wh_001,2025-08-24,100,11,89,79,166,supp_004,2025-07-24,746.49
snap_008744,prod_8287,wh_003,2025-09-01,204,48,156,80,50,supp_004,2025-09-12,358.89
snap_008745,prod_4916,wh_002,2025-08-23,35,35,0,59,82,supp_002,2025-08-07,525.25
snap_008746,prod_1260,wh_001,2025-09-08,151,41,110,13,153,supp_001,2025-09-10,199.29
snap_008747,prod_3979,wh_005,2025-08-19,201,18,183,10,85,supp_004,2025-08-20,858.97
snap_008748,prod_2011,wh_004,2025-08-20,218,42,176,39,65,supp_002,2025-07-30,914.08
snap_008749,prod_6836,wh_002,2025-08-26,68,27,41,91,83,supp_005,2025-08-17,605.84
snap_008750,prod_5871,wh_004,2025-09-15,80,49,31,39,50,supp_004,2025-07-20,913.4
snap_008751,prod_6080,wh_004,2025-09-08,29,39,0,61,182,supp_002,2025-08-11,210.05
snap_008752,prod_2753,wh_002,2025-09-02,77,50,27,48,86,supp_001,2025-07-20,491.12
snap_008753,prod_4346,wh_005,2025-09-12,270,26,244,39,93,supp_002,2025-07-21,448.21
snap_008754,prod_1027,wh_002,2025-09-02,241,45,196,70,100,supp_001,2025-08-11,787.95
snap_008755,prod_7028,wh_005,2025-08-30,263,20,243,54,132,supp_001,2025-08-31,193.73
snap_008756,prod_7299,wh_003,2025-09-12,469,36,433,10,105,supp_003,2025-08-05,667.83
snap_008757,prod_8988,wh_004,2025-08-22,167,46,121,80,159,supp_004,2025-08-21,352.62
snap_008758,prod_4211,wh_003,2025-09-11,161,45,116,16,132,supp_002,2025-07-25,969.61
snap_008759,prod_2105,wh_005,2025-08-18,337,20,317,80,98,supp_002,2025-08-25,780.27
snap_008760,prod_3091,wh_005,2025-08-29,14,4,10,28,122,supp_002,2025-08-12,586.64
snap_008761,prod_2403,wh_004,2025-09-01,411,46,365,82,124,supp_005,2025-09-13,150.04
snap_008762,prod_4821,wh_005,2025-08-27,150,8,142,14,107,supp_004,2025-08-04,154.61
snap_008763,prod_4461,wh_002,2025-09-04,388,3,385,43,157,supp_003,2025-09-02,98.95
snap_008764,prod_9495,wh_005,2025-08-25,177,10,167,90,73,supp_004,2025-08-29,34.61
snap_008765,prod_1891,wh_001,2025-08-17,224,15,209,12,92,supp_002,2025-08-17,861.32
snap_008766,prod_2366,wh_003,2025-08-23,262,1,261,30,110,supp_005,2025-08-11,77.98
snap_008767,prod_8929,wh_002,2025-09-12,81,28,53,61,185,supp_003,2025-09-15,860.67
snap_008768,prod_6695,wh_005,2025-09-13,438,34,404,94,128,supp_001,2025-08-15,221.88
snap_008769,prod_6959,wh_002,2025-09-02,248,21,227,49,51,supp_004,2025-08-14,593.29
snap_008770,prod_3298,wh_001,2025-08-25,92,16,76,73,162,supp_001,2025-09-09,651.67
snap_008771,prod_2024,wh_005,2025-09-12,351,10,341,53,75,supp_002,2025-07-31,331.29
snap_008772,prod_1293,wh_001,2025-08-24,316,37,279,36,86,supp_005,2025-08-19,88.86
snap_008773,prod_4182,wh_002,2025-08-24,99,45,54,11,79,supp_004,2025-08-11,647.71
snap_008774,prod_1466,wh_004,2025-08-22,134,0,134,52,86,supp_001,2025-09-13,418.78
snap_008775,prod_3873,wh_003,2025-08-17,190,17,173,10,50,supp_004,2025-09-06,362.87
snap_008776,prod_5083,wh_005,2025-08-22,493,9,484,10,85,supp_004,2025-07-26,963.67
snap_008777,prod_8875,wh_004,2025-08-24,390,20,370,29,65,supp_001,2025-08-13,829.99
snap_008778,prod_1285,wh_004,2025-08-29,81,9,72,28,80,supp_004,2025-08-02,168.54
snap_008779,prod_6120,wh_002,2025-08-24,495,21,474,97,109,supp_005,2025-07-23,230.89
snap_008780,prod_1079,wh_004,2025-09-12,353,36,317,47,112,supp_003,2025-07-27,575.4
snap_008781,prod_7917,wh_003,2025-09-06,387,30,357,96,180,supp_001,2025-09-06,330.25
snap_008782,prod_2651,wh_002,2025-08-26,108,14,94,88,190,supp_002,2025-09-11,309.78
snap_008783,prod_2261,wh_004,2025-08-20,472,21,451,77,70,supp_002,2025-09-08,173.94
snap_008784,prod_9504,wh_001,2025-09-11,63,25,38,16,120,supp_002,2025-08-28,787.78
snap_008785,prod_5499,wh_005,2025-08-22,105,45,60,63,150,supp_005,2025-08-14,926.29
snap_008786,prod_4581,wh_003,2025-08-17,231,50,181,39,98,supp_003,2025-08-18,545.28
snap_008787,prod_3415,wh_004,2025-08-20,331,42,289,71,70,supp_003,2025-08-13,369.29
snap_008788,prod_3138,wh_003,2025-08-21,417,47,370,99,62,supp_001,2025-07-25,897.56
snap_008789,prod_5766,wh_004,2025-08-21,136,15,121,29,86,supp_004,2025-09-09,960.43
snap_008790,prod_6068,wh_005,2025-09-04,120,44,76,47,153,supp_003,2025-08-26,372.26
snap_008791,prod_7811,wh_003,2025-09-05,492,46,446,86,197,supp_002,2025-08-18,875.64
snap_008792,prod_9748,wh_004,2025-08-20,18,22,0,63,167,supp_004,2025-08-11,701.63
snap_008793,prod_3157,wh_001,2025-09-05,386,7,379,13,131,supp_005,2025-08-13,342.37
snap_008794,prod_9504,wh_001,2025-09-05,310,0,310,77,82,supp_004,2025-07-25,454.5
snap_008795,prod_1001,wh_001,2025-09-15,106,18,88,20,171,supp_003,2025-07-19,151.21
snap_008796,prod_6860,wh_002,2025-08-30,291,29,262,53,191,supp_004,2025-08-13,951.79
snap_008797,prod_2815,wh_005,2025-08-28,136,41,95,66,143,supp_004,2025-08-31,839.11
snap_008798,prod_6792,wh_005,2025-09-06,283,24,259,11,174,supp_002,2025-09-04,816.8
snap_008799,prod_6587,wh_003,2025-09-08,307,12,295,81,152,supp_001,2025-09-05,413.6
snap_008800,prod_8106,wh_002,2025-08-18,255,18,237,13,145,supp_005,2025-08-20,819.23
snap_008801,prod_2309,wh_005,2025-08-26,262,25,237,98,142,supp_001,2025-07-18,647.33
snap_008802,prod_5790,wh_003,2025-09-14,357,46,311,75,111,supp_005,2025-07-20,28.65
snap_008803,prod_9617,wh_003,2025-09-08,371,32,339,96,191,supp_001,2025-08-16,266.42
snap_008804,prod_6221,wh_004,2025-08-18,115,32,83,90,66,supp_004,2025-08-16,711.08
snap_008805,prod_9927,wh_003,2025-08-27,414,39,375,86,126,supp_001,2025-08-11,752.47
snap_008806,prod_3206,wh_002,2025-09-02,480,38,442,45,116,supp_004,2025-07-22,482.56
snap_008807,prod_5317,wh_002,2025-09-12,60,49,11,63,64,supp_001,2025-08-01,754.76
snap_008808,prod_6355,wh_001,2025-08-17,466,38,428,12,60,supp_005,2025-08-12,624.05
snap_008809,prod_9982,wh_004,2025-09-01,231,46,185,70,199,supp_003,2025-08-25,121.15
snap_008810,prod_6676,wh_002,2025-09-01,204,13,191,83,70,supp_004,2025-08-19,382.07
snap_008811,prod_8178,wh_004,2025-08-31,433,38,395,91,124,supp_003,2025-09-02,384.57
snap_008812,prod_6686,wh_002,2025-09-08,216,10,206,12,71,supp_005,2025-09-15,892.93
snap_008813,prod_2399,wh_001,2025-08-21,327,31,296,15,181,supp_005,2025-08-21,422.93
snap_008814,prod_4564,wh_004,2025-08-28,95,15,80,41,59,supp_003,2025-07-29,371.39
snap_008815,prod_1739,wh_004,2025-09-09,68,26,42,57,156,supp_001,2025-07-25,804.95
snap_008816,prod_5630,wh_001,2025-08-19,4,30,0,76,116,supp_002,2025-08-19,588.8
snap_008817,prod_8333,wh_005,2025-08-31,191,17,174,14,62,supp_004,2025-09-05,551.45
snap_008818,prod_9596,wh_005,2025-09-12,14,44,0,45,85,supp_003,2025-08-28,484.04
snap_008819,prod_8214,wh_001,2025-09-07,445,46,399,63,120,supp_005,2025-09-09,732.41
snap_008820,prod_1979,wh_002,2025-08-26,116,10,106,55,157,supp_002,2025-07-22,298.32
snap_008821,prod_7610,wh_005,2025-09-12,227,36,191,27,139,supp_001,2025-08-08,192.82
snap_008822,prod_1381,wh_001,2025-09-11,76,44,32,16,92,supp_005,2025-09-11,584.92
snap_008823,prod_1063,wh_005,2025-09-13,166,28,138,15,136,supp_002,2025-07-26,753.1
snap_008824,prod_3293,wh_003,2025-09-11,277,39,238,93,108,supp_004,2025-09-12,245.25
snap_008825,prod_7771,wh_002,2025-09-03,211,14,197,39,77,supp_004,2025-07-26,709.25
snap_008826,prod_3206,wh_001,2025-08-19,32,44,0,45,120,supp_004,2025-09-01,342.28
snap_008827,prod_4905,wh_001,2025-08-25,5,26,0,45,75,supp_001,2025-08-23,438.0
snap_008828,prod_4345,wh_001,2025-08-26,135,33,102,95,70,supp_004,2025-09-08,225.78
snap_008829,prod_1996,wh_005,2025-08-20,394,39,355,78,133,supp_003,2025-08-04,659.51
snap_008830,prod_6244,wh_002,2025-08-24,35,8,27,72,50,supp_004,2025-09-01,454.69
snap_008831,prod_4050,wh_001,2025-09-01,78,44,34,90,179,supp_005,2025-08-18,569.21
snap_008832,prod_6623,wh_002,2025-09-03,6,2,4,52,126,supp_002,2025-08-03,813.81
snap_008833,prod_8898,wh_004,2025-09-02,206,46,160,99,120,supp_003,2025-09-08,193.53
snap_008834,prod_9001,wh_003,2025-08-17,315,4,311,29,191,supp_005,2025-08-23,301.12
snap_008835,prod_2670,wh_005,2025-09-15,426,32,394,68,198,supp_002,2025-08-01,231.35
snap_008836,prod_4282,wh_002,2025-09-04,359,8,351,48,72,supp_004,2025-08-21,726.45
snap_008837,prod_5708,wh_004,2025-08-25,338,45,293,15,165,supp_003,2025-09-10,110.58
snap_008838,prod_1220,wh_005,2025-08-25,407,4,403,18,118,supp_002,2025-08-16,402.03
snap_008839,prod_1918,wh_002,2025-09-15,187,45,142,91,198,supp_004,2025-07-31,813.62
snap_008840,prod_5390,wh_003,2025-08-25,102,27,75,55,146,supp_001,2025-07-26,754.74
snap_008841,prod_6286,wh_002,2025-08-18,158,41,117,66,181,supp_003,2025-08-28,368.95
snap_008842,prod_1022,wh_001,2025-08-24,496,4,492,29,83,supp_004,2025-08-07,390.76
snap_008843,prod_4381,wh_001,2025-09-08,283,36,247,60,79,supp_002,2025-08-07,349.07
snap_008844,prod_9860,wh_001,2025-08-26,92,34,58,67,124,supp_003,2025-08-04,336.28
snap_008845,prod_5511,wh_003,2025-09-15,137,5,132,26,73,supp_005,2025-08-09,317.0
snap_008846,prod_4769,wh_001,2025-09-06,40,39,1,81,72,supp_002,2025-07-30,753.34
snap_008847,prod_7099,wh_002,2025-08-24,395,2,393,35,123,supp_001,2025-09-01,686.29
snap_008848,prod_7161,wh_005,2025-09-05,14,30,0,16,91,supp_001,2025-08-27,791.54
snap_008849,prod_8724,wh_004,2025-09-04,142,48,94,100,175,supp_004,2025-08-12,121.35
snap_008850,prod_3151,wh_004,2025-09-09,346,11,335,27,193,supp_003,2025-08-22,95.43
snap_008851,prod_3721,wh_003,2025-08-29,24,41,0,63,90,supp_003,2025-08-26,807.1
snap_008852,prod_1637,wh_005,2025-09-01,389,5,384,31,166,supp_002,2025-08-09,169.93
snap_008853,prod_5604,wh_005,2025-09-08,38,17,21,52,90,supp_003,2025-09-07,88.63
snap_008854,prod_2748,wh_001,2025-08-29,283,5,278,61,73,supp_003,2025-08-23,708.76
snap_008855,prod_1494,wh_002,2025-08-26,165,33,132,45,135,supp_003,2025-07-29,696.3
snap_008856,prod_4659,wh_002,2025-09-01,29,28,1,69,100,supp_005,2025-08-11,724.01
snap_008857,prod_7041,wh_004,2025-09-13,176,14,162,44,180,supp_001,2025-09-01,720.88
snap_008858,prod_2817,wh_001,2025-08-23,342,11,331,61,59,supp_003,2025-08-14,566.46
snap_008859,prod_5363,wh_002,2025-08-18,414,41,373,39,113,supp_001,2025-09-11,675.44
snap_008860,prod_3770,wh_005,2025-09-15,199,27,172,49,70,supp_005,2025-09-11,972.13
snap_008861,prod_6301,wh_005,2025-08-26,332,44,288,70,92,supp_002,2025-08-01,255.08
snap_008862,prod_4089,wh_005,2025-08-25,223,33,190,100,79,supp_003,2025-09-04,526.45
snap_008863,prod_4169,wh_002,2025-08-29,164,44,120,74,76,supp_002,2025-08-28,775.38
snap_008864,prod_7745,wh_002,2025-09-08,294,45,249,86,171,supp_001,2025-09-08,740.83
snap_008865,prod_7895,wh_003,2025-08-25,82,17,65,53,87,supp_004,2025-09-02,111.28
snap_008866,prod_3672,wh_003,2025-09-01,426,16,410,24,89,supp_003,2025-08-27,572.99
snap_008867,prod_3191,wh_001,2025-09-12,78,32,46,97,71,supp_004,2025-08-17,448.38
snap_008868,prod_9808,wh_001,2025-08-20,25,5,20,48,101,supp_003,2025-07-22,345.38
snap_008869,prod_2338,wh_001,2025-09-11,418,41,377,75,52,supp_003,2025-09-11,709.77
snap_008870,prod_8741,wh_004,2025-09-13,127,18,109,79,181,supp_005,2025-07-25,924.27
snap_008871,prod_8826,wh_003,2025-08-19,408,30,378,55,98,supp_004,2025-08-26,517.53
snap_008872,prod_9743,wh_005,2025-08-26,162,16,146,12,52,supp_002,2025-08-04,864.02
snap_008873,prod_4717,wh_005,2025-09-14,260,39,221,68,185,supp_002,2025-07-31,314.3
snap_008874,prod_5182,wh_004,2025-09-10,354,50,304,60,135,supp_001,2025-08-02,966.07
snap_008875,prod_7588,wh_001,2025-09-02,409,49,360,27,54,supp_003,2025-07-28,673.65
snap_008876,prod_5881,wh_004,2025-08-23,95,33,62,82,97,supp_003,2025-08-21,305.74
snap_008877,prod_8682,wh_002,2025-08-18,302,43,259,39,140,supp_001,2025-08-21,44.93
snap_008878,prod_3469,wh_005,2025-09-01,87,31,56,46,189,supp_001,2025-07-28,385.1
snap_008879,prod_4719,wh_005,2025-08-25,422,20,402,58,178,supp_001,2025-09-03,876.4
snap_008880,prod_1020,wh_001,2025-09-09,273,47,226,35,96,supp_001,2025-08-30,746.21
snap_008881,prod_2381,wh_005,2025-08-20,50,18,32,46,172,supp_005,2025-08-17,502.02
snap_008882,prod_9280,wh_003,2025-09-06,448,49,399,54,188,supp_001,2025-08-17,847.35
snap_008883,prod_7394,wh_004,2025-08-23,357,29,328,21,169,supp_002,2025-08-04,883.46
snap_008884,prod_3028,wh_005,2025-09-05,283,29,254,73,134,supp_005,2025-08-21,922.0
snap_008885,prod_7635,wh_005,2025-09-13,308,27,281,31,158,supp_002,2025-08-11,10.43
snap_008886,prod_9462,wh_002,2025-08-18,353,30,323,35,198,supp_002,2025-07-30,642.44
snap_008887,prod_5549,wh_005,2025-08-25,82,26,56,70,131,supp_001,2025-08-02,474.12
snap_008888,prod_6839,wh_005,2025-08-22,284,37,247,90,145,supp_002,2025-09-15,195.81
snap_008889,prod_7736,wh_004,2025-08-24,410,7,403,69,98,supp_001,2025-08-04,857.11
snap_008890,prod_1793,wh_005,2025-09-09,17,30,0,84,96,supp_002,2025-08-12,830.78
snap_008891,prod_5298,wh_002,2025-08-30,134,41,93,26,183,supp_003,2025-09-13,441.86
snap_008892,prod_5951,wh_003,2025-08-21,469,45,424,21,184,supp_004,2025-08-07,451.15
snap_008893,prod_7428,wh_002,2025-09-12,182,21,161,51,78,supp_005,2025-09-05,759.08
snap_008894,prod_7206,wh_003,2025-08-20,251,35,216,81,167,supp_001,2025-07-18,667.12
snap_008895,prod_6720,wh_002,2025-08-29,24,42,0,35,102,supp_004,2025-07-28,113.98
snap_008896,prod_8789,wh_004,2025-08-28,201,41,160,50,122,supp_005,2025-09-07,28.48
snap_008897,prod_5905,wh_002,2025-09-01,229,7,222,85,199,supp_005,2025-08-01,530.47
snap_008898,prod_5104,wh_001,2025-08-28,496,9,487,31,142,supp_002,2025-08-18,267.76
snap_008899,prod_3120,wh_005,2025-08-26,249,38,211,39,78,supp_003,2025-09-08,691.42
snap_008900,prod_2295,wh_005,2025-09-11,173,19,154,21,143,supp_001,2025-09-03,826.78
snap_008901,prod_9878,wh_004,2025-09-11,409,0,409,67,112,supp_005,2025-09-15,31.22
snap_008902,prod_1805,wh_002,2025-09-07,292,47,245,36,146,supp_002,2025-08-11,950.88
snap_008903,prod_2849,wh_002,2025-09-09,306,38,268,36,157,supp_003,2025-09-11,310.35
snap_008904,prod_7436,wh_004,2025-08-30,95,50,45,71,158,supp_005,2025-09-05,699.63
snap_008905,prod_4903,wh_001,2025-09-05,229,6,223,52,186,supp_004,2025-08-27,526.97
snap_008906,prod_2968,wh_004,2025-09-07,317,13,304,83,115,supp_002,2025-07-23,632.95
snap_008907,prod_4161,wh_005,2025-09-02,239,36,203,54,143,supp_004,2025-07-18,861.63
snap_008908,prod_4132,wh_001,2025-08-21,411,26,385,28,191,supp_003,2025-08-15,350.04
snap_008909,prod_4822,wh_001,2025-09-05,188,2,186,46,120,supp_004,2025-08-24,311.54
snap_008910,prod_7880,wh_004,2025-09-11,428,48,380,88,60,supp_002,2025-08-01,613.81
snap_008911,prod_3020,wh_005,2025-08-29,435,17,418,52,59,supp_004,2025-07-29,229.95
snap_008912,prod_4318,wh_005,2025-08-17,102,20,82,89,136,supp_001,2025-08-23,498.52
snap_008913,prod_1928,wh_004,2025-09-15,97,40,57,37,153,supp_005,2025-08-10,200.05
snap_008914,prod_9108,wh_001,2025-08-25,105,30,75,27,117,supp_003,2025-08-14,190.97
snap_008915,prod_1019,wh_004,2025-09-06,62,6,56,96,59,supp_005,2025-08-26,156.72
snap_008916,prod_3587,wh_005,2025-08-28,38,37,1,88,136,supp_004,2025-08-31,579.12
snap_008917,prod_4227,wh_003,2025-09-11,408,6,402,62,171,supp_004,2025-07-23,878.42
snap_008918,prod_4234,wh_004,2025-09-07,38,32,6,91,82,supp_002,2025-09-04,832.15
snap_008919,prod_2036,wh_002,2025-09-13,85,7,78,61,196,supp_003,2025-08-25,369.48
snap_008920,prod_3216,wh_003,2025-08-31,495,41,454,47,138,supp_004,2025-09-10,854.66
snap_008921,prod_9702,wh_003,2025-09-04,336,8,328,48,163,supp_005,2025-08-12,664.98
snap_008922,prod_1388,wh_004,2025-08-19,473,23,450,42,193,supp_003,2025-08-29,376.15
snap_008923,prod_7144,wh_005,2025-08-27,289,45,244,47,66,supp_004,2025-09-10,232.89
snap_008924,prod_5451,wh_003,2025-09-09,461,43,418,49,173,supp_004,2025-08-27,572.15
snap_008925,prod_2566,wh_002,2025-08-27,134,15,119,32,132,supp_002,2025-07-23,829.01
snap_008926,prod_2705,wh_003,2025-09-14,309,3,306,70,158,supp_001,2025-09-08,961.32
snap_008927,prod_4771,wh_004,2025-08-20,336,1,335,51,161,supp_005,2025-07-30,210.11
snap_008928,prod_5578,wh_002,2025-08-17,33,27,6,78,94,supp_001,2025-08-11,782.9
snap_008929,prod_3041,wh_004,2025-09-03,182,14,168,27,171,supp_005,2025-08-25,558.08
snap_008930,prod_7254,wh_005,2025-09-12,152,34,118,64,198,supp_002,2025-07-25,928.65
snap_008931,prod_5100,wh_004,2025-09-14,107,28,79,48,162,supp_004,2025-08-23,593.2
snap_008932,prod_3690,wh_001,2025-08-28,378,22,356,97,110,supp_002,2025-08-09,373.02
snap_008933,prod_4084,wh_004,2025-08-24,429,39,390,55,185,supp_001,2025-08-07,751.47
snap_008934,prod_9603,wh_005,2025-09-11,319,23,296,97,55,supp_005,2025-07-28,608.96
snap_008935,prod_7034,wh_001,2025-08-28,380,47,333,62,173,supp_003,2025-08-24,41.4
snap_008936,prod_9877,wh_005,2025-09-08,115,8,107,74,175,supp_003,2025-09-03,678.91
snap_008937,prod_2594,wh_003,2025-09-10,26,43,0,20,159,supp_001,2025-09-05,393.65
snap_008938,prod_4065,wh_005,2025-08-29,250,46,204,58,162,supp_004,2025-09-09,144.81
snap_008939,prod_8680,wh_001,2025-09-12,400,23,377,98,169,supp_003,2025-09-10,774.82
snap_008940,prod_7750,wh_001,2025-08-31,9,12,0,30,184,supp_004,2025-08-13,913.86
snap_008941,prod_7898,wh_005,2025-08-19,491,24,467,75,58,supp_001,2025-08-28,71.96
snap_008942,prod_9454,wh_003,2025-09-01,490,8,482,88,116,supp_005,2025-08-04,247.79
snap_008943,prod_3111,wh_002,2025-09-02,4,40,0,22,188,supp_001,2025-07-31,211.85
snap_008944,prod_4662,wh_001,2025-08-24,25,11,14,33,77,supp_001,2025-07-23,807.42
snap_008945,prod_7873,wh_005,2025-09-04,243,17,226,83,180,supp_004,2025-07-18,342.54
snap_008946,prod_6743,wh_001,2025-09-09,97,47,50,24,190,supp_003,2025-09-10,655.87
snap_008947,prod_8179,wh_005,2025-09-12,228,31,197,90,89,supp_005,2025-08-13,802.96
snap_008948,prod_2344,wh_002,2025-09-11,186,6,180,58,142,supp_003,2025-07-30,579.48
snap_008949,prod_6714,wh_003,2025-09-10,316,23,293,34,153,supp_004,2025-09-14,666.94
snap_008950,prod_7408,wh_004,2025-09-03,230,40,190,96,161,supp_005,2025-08-28,806.68
snap_008951,prod_7048,wh_005,2025-09-01,309,2,307,89,58,supp_005,2025-08-19,269.24
snap_008952,prod_3275,wh_002,2025-09-04,339,13,326,100,65,supp_004,2025-08-19,684.28
snap_008953,prod_9930,wh_004,2025-09-07,243,14,229,41,75,supp_002,2025-08-06,575.18
snap_008954,prod_6892,wh_001,2025-08-18,43,42,1,87,199,supp_002,2025-09-12,713.32
snap_008955,prod_7743,wh_004,2025-08-25,497,27,470,11,127,supp_001,2025-09-02,471.28
snap_008956,prod_2524,wh_004,2025-08-19,483,24,459,73,183,supp_001,2025-09-03,446.83
snap_008957,prod_6331,wh_005,2025-08-27,281,14,267,75,150,supp_002,2025-07-20,409.6
snap_008958,prod_8707,wh_004,2025-08-25,242,3,239,61,177,supp_002,2025-08-04,702.04
snap_008959,prod_2936,wh_004,2025-09-11,68,5,63,52,132,supp_002,2025-09-09,986.47
snap_008960,prod_1821,wh_004,2025-08-17,356,2,354,47,190,supp_001,2025-07-19,33.76
snap_008961,prod_4086,wh_002,2025-09-07,429,6,423,28,193,supp_005,2025-09-07,264.73
snap_008962,prod_9148,wh_004,2025-09-01,438,36,402,62,110,supp_001,2025-08-18,232.75
snap_008963,prod_8785,wh_003,2025-09-11,287,16,271,65,75,supp_003,2025-09-04,700.61
snap_008964,prod_4739,wh_001,2025-09-11,83,6,77,25,50,supp_002,2025-07-29,965.1
snap_008965,prod_1853,wh_004,2025-09-06,79,17,62,93,137,supp_002,2025-08-19,190.8
snap_008966,prod_8772,wh_001,2025-08-26,59,29,30,48,188,supp_004,2025-07-23,308.77
snap_008967,prod_3192,wh_001,2025-08-31,301,36,265,61,82,supp_001,2025-08-01,231.51
snap_008968,prod_2058,wh_002,2025-08-31,476,33,443,18,53,supp_002,2025-08-19,540.77
snap_008969,prod_4721,wh_001,2025-08-26,301,48,253,83,98,supp_003,2025-07-25,94.45
snap_008970,prod_7651,wh_003,2025-09-07,328,11,317,12,78,supp_005,2025-08-03,199.1
snap_008971,prod_7038,wh_005,2025-08-20,320,20,300,76,144,supp_005,2025-08-30,364.89
snap_008972,prod_7659,wh_001,2025-09-02,455,16,439,98,190,supp_004,2025-09-05,624.68
snap_008973,prod_2679,wh_003,2025-08-30,57,50,7,65,70,supp_002,2025-08-03,328.07
snap_008974,prod_7747,wh_005,2025-09-04,336,40,296,19,50,supp_005,2025-08-22,633.66
snap_008975,prod_7234,wh_005,2025-08-19,389,28,361,65,183,supp_002,2025-09-01,489.61
snap_008976,prod_7329,wh_001,2025-09-05,133,10,123,36,166,supp_004,2025-08-30,921.84
snap_008977,prod_4871,wh_003,2025-09-13,129,42,87,60,155,supp_005,2025-09-02,871.27
snap_008978,prod_7893,wh_002,2025-08-30,31,27,4,98,152,supp_002,2025-08-22,608.28
snap_008979,prod_4729,wh_001,2025-09-07,160,29,131,28,126,supp_003,2025-07-29,425.8
snap_008980,prod_9492,wh_002,2025-08-28,234,43,191,88,154,supp_003,2025-09-06,426.53
snap_008981,prod_7798,wh_001,2025-08-19,443,43,400,71,186,supp_005,2025-08-29,714.19
snap_008982,prod_1738,wh_002,2025-09-03,174,24,150,39,178,supp_005,2025-09-11,715.52
snap_008983,prod_8905,wh_004,2025-08-22,178,33,145,78,126,supp_005,2025-08-28,111.33
snap_008984,prod_4499,wh_004,2025-08-19,274,46,228,96,141,supp_002,2025-08-13,52.18
snap_008985,prod_9460,wh_004,2025-09-13,212,23,189,97,86,supp_001,2025-07-20,901.39
snap_008986,prod_3824,wh_003,2025-09-03,186,21,165,82,118,supp_004,2025-09-01,582.08
snap_008987,prod_1450,wh_005,2025-08-29,311,30,281,65,196,supp_005,2025-09-08,352.13
snap_008988,prod_8825,wh_004,2025-09-05,107,13,94,24,145,supp_005,2025-08-23,880.36
snap_008989,prod_1705,wh_002,2025-08-17,31,45,0,72,65,supp_002,2025-07-24,336.22
snap_008990,prod_3582,wh_003,2025-08-21,6,12,0,90,131,supp_002,2025-08-23,642.57
snap_008991,prod_1895,wh_001,2025-08-18,373,3,370,89,90,supp_001,2025-08-19,560.87
snap_008992,prod_9016,wh_001,2025-08-21,241,49,192,93,120,supp_003,2025-07-29,838.16
snap_008993,prod_8968,wh_005,2025-08-25,170,3,167,57,153,supp_001,2025-08-28,106.13
snap_008994,prod_5695,wh_002,2025-09-07,192,16,176,45,195,supp_002,2025-07-26,300.86
snap_008995,prod_1784,wh_005,2025-09-04,106,28,78,37,145,supp_003,2025-08-29,866.2
snap_008996,prod_7621,wh_002,2025-09-06,203,7,196,63,93,supp_003,2025-08-25,473.69
snap_008997,prod_5079,wh_004,2025-08-25,132,5,127,89,185,supp_001,2025-09-14,758.79
snap_008998,prod_1983,wh_002,2025-09-08,384,44,340,26,50,supp_001,2025-07-26,379.53
snap_008999,prod_3945,wh_002,2025-08-26,357,37,320,88,115,supp_005,2025-08-16,61.45
snap_009000,prod_5092,wh_004,2025-08-17,94,37,57,97,120,supp_004,2025-08-01,30.26
snap_009001,prod_9999,wh_001,2025-09-09,464,12,452,30,129,supp_004,2025-08-01,868.06
snap_009002,prod_8480,wh_005,2025-08-17,181,3,178,65,152,supp_004,2025-08-25,388.73
snap_009003,prod_3170,wh_001,2025-09-12,22,23,0,23,131,supp_003,2025-09-15,676.18
snap_009004,prod_1495,wh_005,2025-08-21,492,40,452,21,67,supp_001,2025-08-24,902.02
snap_009005,prod_6423,wh_003,2025-09-08,352,25,327,43,138,supp_004,2025-09-15,342.83
snap_009006,prod_4353,wh_005,2025-08-21,261,27,234,31,184,supp_002,2025-07-30,143.24
snap_009007,prod_5253,wh_003,2025-09-13,45,18,27,39,81,supp_005,2025-09-13,468.73
snap_009008,prod_4560,wh_001,2025-09-02,326,40,286,91,149,supp_003,2025-07-20,935.75
snap_009009,prod_1389,wh_004,2025-08-18,143,35,108,70,188,supp_001,2025-08-23,815.8
snap_009010,prod_6483,wh_001,2025-09-03,221,8,213,67,184,supp_002,2025-08-05,483.69
snap_009011,prod_6126,wh_001,2025-08-19,331,36,295,27,50,supp_002,2025-09-02,321.61
snap_009012,prod_7363,wh_002,2025-09-04,394,1,393,34,133,supp_002,2025-07-19,639.84
snap_009013,prod_4326,wh_003,2025-08-20,404,49,355,22,124,supp_002,2025-07-18,530.37
snap_009014,prod_1446,wh_004,2025-08-20,489,29,460,63,166,supp_001,2025-09-06,231.18
snap_009015,prod_3217,wh_001,2025-08-31,303,42,261,58,77,supp_003,2025-07-29,373.18
snap_009016,prod_4167,wh_003,2025-09-10,340,8,332,79,63,supp_003,2025-08-10,89.71
snap_009017,prod_9358,wh_004,2025-08-20,158,38,120,34,109,supp_003,2025-07-27,262.83
snap_009018,prod_3321,wh_005,2025-08-26,319,28,291,13,97,supp_002,2025-08-01,372.68
snap_009019,prod_9512,wh_003,2025-09-06,282,30,252,98,82,supp_001,2025-08-14,288.74
snap_009020,prod_5327,wh_004,2025-09-13,452,38,414,67,176,supp_002,2025-08-18,948.21
snap_009021,prod_2141,wh_004,2025-09-11,54,14,40,20,143,supp_005,2025-08-12,365.74
snap_009022,prod_6880,wh_001,2025-09-05,403,30,373,82,135,supp_001,2025-07-18,239.9
snap_009023,prod_5863,wh_005,2025-09-13,343,23,320,15,83,supp_005,2025-08-30,774.45
snap_009024,prod_8441,wh_005,2025-08-27,235,32,203,66,186,supp_005,2025-07-29,520.86
snap_009025,prod_7998,wh_001,2025-08-30,59,29,30,18,64,supp_004,2025-08-08,574.97
snap_009026,prod_6167,wh_005,2025-09-07,472,49,423,81,167,supp_003,2025-08-14,429.49
snap_009027,prod_4593,wh_004,2025-08-19,29,12,17,29,50,supp_004,2025-09-11,818.87
snap_009028,prod_3799,wh_005,2025-08-17,294,11,283,76,109,supp_004,2025-08-29,910.55
snap_009029,prod_7146,wh_003,2025-08-21,146,5,141,82,189,supp_003,2025-07-30,751.22
snap_009030,prod_4716,wh_003,2025-08-28,399,6,393,30,52,supp_002,2025-08-29,136.04
snap_009031,prod_2629,wh_003,2025-09-07,80,30,50,73,69,supp_001,2025-08-17,752.79
snap_009032,prod_5285,wh_005,2025-08-18,136,40,96,97,53,supp_005,2025-08-27,662.79
snap_009033,prod_1021,wh_001,2025-08-29,50,30,20,93,146,supp_004,2025-08-12,845.24
snap_009034,prod_3377,wh_001,2025-08-26,140,11,129,75,150,supp_004,2025-09-03,185.37
snap_009035,prod_2634,wh_003,2025-08-31,400,6,394,95,191,supp_002,2025-08-15,45.42
snap_009036,prod_5826,wh_002,2025-08-19,258,38,220,38,97,supp_002,2025-07-23,205.04
snap_009037,prod_3678,wh_004,2025-08-22,324,1,323,49,125,supp_002,2025-09-13,831.33
snap_009038,prod_3776,wh_003,2025-09-07,459,31,428,83,153,supp_004,2025-08-31,374.58
snap_009039,prod_1904,wh_005,2025-09-10,104,6,98,55,110,supp_003,2025-08-14,15.46
snap_009040,prod_5138,wh_002,2025-08-28,39,39,0,87,191,supp_005,2025-08-20,65.0
snap_009041,prod_9490,wh_005,2025-08-28,428,32,396,52,133,supp_004,2025-07-27,449.81
snap_009042,prod_8121,wh_001,2025-08-31,471,36,435,12,51,supp_002,2025-08-16,522.94
snap_009043,prod_8316,wh_001,2025-08-25,461,3,458,98,95,supp_001,2025-07-24,28.21
snap_009044,prod_6032,wh_003,2025-09-05,92,15,77,62,69,supp_002,2025-08-12,227.24
snap_009045,prod_2406,wh_003,2025-09-12,180,15,165,96,186,supp_002,2025-07-30,386.23
snap_009046,prod_3879,wh_003,2025-09-07,370,1,369,10,176,supp_004,2025-07-28,600.82
snap_009047,prod_6195,wh_004,2025-08-21,27,30,0,88,114,supp_001,2025-09-05,370.94
snap_009048,prod_9078,wh_004,2025-08-20,43,31,12,81,74,supp_005,2025-08-27,730.36
snap_009049,prod_3598,wh_002,2025-09-13,85,18,67,74,196,supp_001,2025-09-09,822.64
snap_009050,prod_2373,wh_005,2025-09-10,246,31,215,38,95,supp_005,2025-08-23,166.8
snap_009051,prod_1343,wh_001,2025-09-05,59,41,18,70,92,supp_005,2025-07-18,771.21
snap_009052,prod_3845,wh_001,2025-09-04,222,29,193,64,73,supp_003,2025-09-04,56.11
snap_009053,prod_4476,wh_003,2025-09-12,331,14,317,29,142,supp_004,2025-09-12,378.53
snap_009054,prod_4965,wh_005,2025-08-21,213,9,204,48,103,supp_005,2025-08-01,602.61
snap_009055,prod_3777,wh_004,2025-08-29,59,21,38,25,97,supp_001,2025-08-14,404.77
snap_009056,prod_5256,wh_005,2025-09-13,418,24,394,36,133,supp_005,2025-07-28,946.45
snap_009057,prod_5836,wh_002,2025-09-09,386,40,346,64,104,supp_004,2025-09-05,486.19
snap_009058,prod_2769,wh_004,2025-08-29,143,32,111,70,143,supp_002,2025-09-12,127.12
snap_009059,prod_9264,wh_003,2025-09-05,270,9,261,48,195,supp_002,2025-09-09,221.0
snap_009060,prod_2959,wh_005,2025-08-30,335,10,325,13,127,supp_004,2025-09-08,101.05
snap_009061,prod_6594,wh_002,2025-08-31,149,6,143,77,164,supp_003,2025-08-18,813.48
snap_009062,prod_2132,wh_002,2025-08-23,363,35,328,81,59,supp_001,2025-08-30,206.6
snap_009063,prod_1740,wh_001,2025-08-20,405,24,381,87,148,supp_005,2025-08-19,553.47
snap_009064,prod_8472,wh_001,2025-08-21,479,33,446,78,92,supp_004,2025-09-11,653.7
snap_009065,prod_5826,wh_004,2025-09-08,390,39,351,28,71,supp_002,2025-08-20,887.08
snap_009066,prod_3326,wh_003,2025-09-02,174,43,131,67,88,supp_003,2025-07-27,704.39
snap_009067,prod_6241,wh_005,2025-09-01,448,5,443,27,197,supp_003,2025-08-07,223.19
snap_009068,prod_1582,wh_003,2025-09-07,424,22,402,63,71,supp_002,2025-07-25,325.21
snap_009069,prod_2391,wh_005,2025-08-23,210,9,201,93,199,supp_001,2025-08-06,271.7
snap_009070,prod_3364,wh_005,2025-08-30,417,30,387,93,155,supp_003,2025-08-29,170.72
snap_009071,prod_9850,wh_002,2025-08-30,41,0,41,59,149,supp_003,2025-09-02,759.92
snap_009072,prod_5877,wh_001,2025-08-21,171,30,141,62,54,supp_001,2025-08-06,963.24
snap_009073,prod_2559,wh_005,2025-09-04,383,4,379,39,169,supp_002,2025-08-05,198.22
snap_009074,prod_5418,wh_003,2025-08-27,51,13,38,49,54,supp_004,2025-09-14,328.57
snap_009075,prod_3104,wh_001,2025-08-28,449,41,408,36,158,supp_002,2025-08-02,162.43
snap_009076,prod_2956,wh_003,2025-08-24,325,28,297,94,97,supp_004,2025-07-26,482.96
snap_009077,prod_3869,wh_001,2025-09-02,406,50,356,31,89,supp_001,2025-07-28,364.75
snap_009078,prod_5929,wh_001,2025-08-20,335,28,307,18,74,supp_001,2025-09-02,728.4
snap_009079,prod_6064,wh_005,2025-09-15,194,29,165,55,64,supp_005,2025-08-24,246.1
snap_009080,prod_5429,wh_002,2025-08-25,435,18,417,30,185,supp_001,2025-07-20,828.52
snap_009081,prod_7110,wh_005,2025-09-13,113,10,103,11,169,supp_003,2025-09-04,566.49
snap_009082,prod_4560,wh_005,2025-09-01,248,26,222,70,76,supp_001,2025-08-07,104.31
snap_009083,prod_8320,wh_005,2025-09-05,175,25,150,26,92,supp_003,2025-07-23,588.53
snap_009084,prod_3167,wh_002,2025-09-13,52,21,31,51,143,supp_003,2025-08-10,737.44
snap_009085,prod_7610,wh_005,2025-08-22,114,6,108,42,174,supp_005,2025-09-01,137.14
snap_009086,prod_2830,wh_005,2025-09-01,215,1,214,15,64,supp_004,2025-09-03,512.35
snap_009087,prod_2780,wh_003,2025-09-15,140,14,126,83,85,supp_002,2025-09-15,416.63
snap_009088,prod_5896,wh_004,2025-08-22,351,1,350,33,97,supp_002,2025-07-30,989.27
snap_009089,prod_3966,wh_003,2025-09-05,197,47,150,48,135,supp_005,2025-08-06,138.5
snap_009090,prod_5892,wh_004,2025-08-29,271,49,222,57,120,supp_002,2025-08-06,374.93
snap_009091,prod_9448,wh_001,2025-08-28,306,28,278,84,70,supp_005,2025-09-08,553.0
snap_009092,prod_4562,wh_003,2025-08-26,205,48,157,89,70,supp_003,2025-09-06,582.07
snap_009093,prod_4413,wh_003,2025-08-28,237,46,191,55,93,supp_004,2025-07-26,783.88
snap_009094,prod_3847,wh_001,2025-09-03,41,50,0,83,62,supp_004,2025-08-11,325.13
snap_009095,prod_8808,wh_005,2025-09-12,270,25,245,17,139,supp_001,2025-09-13,853.85
snap_009096,prod_1583,wh_003,2025-09-02,174,16,158,57,166,supp_001,2025-07-24,501.03
snap_009097,prod_4217,wh_005,2025-08-20,366,45,321,19,81,supp_004,2025-08-11,775.96
snap_009098,prod_3170,wh_001,2025-08-27,124,49,75,19,185,supp_004,2025-07-22,300.22
snap_009099,prod_6043,wh_001,2025-09-02,60,39,21,84,116,supp_005,2025-08-20,219.37
snap_009100,prod_2402,wh_005,2025-08-21,400,20,380,57,146,supp_003,2025-08-13,254.63
snap_009101,prod_1708,wh_005,2025-08-19,304,42,262,17,122,supp_003,2025-08-06,308.08
snap_009102,prod_6883,wh_002,2025-09-01,90,16,74,23,154,supp_002,2025-09-11,294.49
snap_009103,prod_6470,wh_002,2025-08-29,283,35,248,16,117,supp_003,2025-08-15,10.4
snap_009104,prod_1593,wh_004,2025-08-24,140,47,93,58,57,supp_005,2025-09-15,306.21
snap_009105,prod_1940,wh_002,2025-08-23,117,11,106,34,65,supp_002,2025-08-04,727.88
snap_009106,prod_4149,wh_001,2025-08-18,119,50,69,27,125,supp_001,2025-07-19,170.72
snap_009107,prod_4082,wh_004,2025-08-31,43,2,41,30,192,supp_004,2025-07-28,111.38
snap_009108,prod_7366,wh_004,2025-09-06,374,13,361,53,127,supp_001,2025-08-03,110.33
snap_009109,prod_8994,wh_005,2025-08-27,333,10,323,78,148,supp_005,2025-07-30,520.45
snap_009110,prod_7221,wh_003,2025-08-26,119,8,111,54,64,supp_005,2025-07-27,519.77
snap_009111,prod_8369,wh_005,2025-08-23,69,15,54,93,194,supp_001,2025-08-15,510.11
snap_009112,prod_7499,wh_001,2025-09-08,375,44,331,88,72,supp_005,2025-08-04,710.25
snap_009113,prod_5306,wh_004,2025-09-07,118,22,96,22,50,supp_002,2025-07-25,447.37
snap_009114,prod_4230,wh_001,2025-08-18,20,19,1,17,164,supp_004,2025-09-06,563.22
snap_009115,prod_4922,wh_002,2025-08-30,365,4,361,31,92,supp_005,2025-08-01,10.76
snap_009116,prod_4018,wh_005,2025-09-04,75,12,63,61,74,supp_002,2025-09-04,916.39
snap_009117,prod_5962,wh_001,2025-08-30,133,42,91,78,80,supp_004,2025-07-25,292.52
snap_009118,prod_5235,wh_001,2025-09-04,170,47,123,11,183,supp_002,2025-08-05,600.1
snap_009119,prod_2969,wh_004,2025-08-25,371,43,328,96,168,supp_003,2025-09-05,710.41
snap_009120,prod_7903,wh_002,2025-08-25,184,45,139,24,175,supp_001,2025-07-23,314.92
snap_009121,prod_1474,wh_001,2025-08-25,102,45,57,94,137,supp_002,2025-08-26,96.42
snap_009122,prod_4443,wh_005,2025-09-01,295,35,260,68,199,supp_004,2025-08-15,594.81
snap_009123,prod_4897,wh_004,2025-09-11,180,33,147,59,169,supp_002,2025-09-01,156.88
snap_009124,prod_5788,wh_002,2025-09-13,238,41,197,50,194,supp_001,2025-07-23,588.33
snap_009125,prod_5142,wh_003,2025-09-04,473,4,469,41,186,supp_002,2025-07-26,439.14
snap_009126,prod_8059,wh_005,2025-08-22,132,9,123,40,114,supp_002,2025-09-03,799.17
snap_009127,prod_3814,wh_003,2025-09-07,136,5,131,75,157,supp_004,2025-08-04,930.06
snap_009128,prod_9089,wh_003,2025-09-09,103,49,54,59,119,supp_001,2025-08-08,304.38
snap_009129,prod_1899,wh_002,2025-08-21,59,13,46,85,105,supp_004,2025-09-10,693.31
snap_009130,prod_1188,wh_005,2025-08-22,43,7,36,98,175,supp_002,2025-07-31,288.97
snap_009131,prod_1840,wh_001,2025-08-22,45,27,18,10,62,supp_002,2025-09-11,496.55
snap_009132,prod_9870,wh_004,2025-08-29,494,21,473,19,91,supp_003,2025-08-14,498.81
snap_009133,prod_4470,wh_004,2025-08-26,106,19,87,76,55,supp_005,2025-08-04,947.56
snap_009134,prod_2944,wh_003,2025-08-25,261,46,215,43,77,supp_002,2025-08-14,139.21
snap_009135,prod_6761,wh_004,2025-08-17,8,36,0,19,62,supp_005,2025-08-18,367.31
snap_009136,prod_5016,wh_003,2025-09-15,472,29,443,88,108,supp_002,2025-08-09,843.01
snap_009137,prod_8504,wh_004,2025-09-01,175,10,165,25,51,supp_003,2025-08-25,472.91
snap_009138,prod_4185,wh_002,2025-08-19,429,28,401,49,66,supp_005,2025-08-17,902.24
snap_009139,prod_7087,wh_005,2025-08-19,195,37,158,24,170,supp_001,2025-08-10,77.02
snap_009140,prod_7404,wh_004,2025-09-13,460,45,415,36,66,supp_005,2025-09-07,594.82
snap_009141,prod_4672,wh_002,2025-09-12,232,0,232,11,149,supp_003,2025-09-03,972.22
snap_009142,prod_7174,wh_002,2025-09-07,277,13,264,28,57,supp_002,2025-07-20,740.06
snap_009143,prod_9928,wh_002,2025-08-30,223,38,185,45,184,supp_004,2025-09-09,731.36
snap_009144,prod_8010,wh_004,2025-08-22,112,13,99,48,117,supp_004,2025-09-03,211.82
snap_009145,prod_8724,wh_005,2025-09-05,188,37,151,42,84,supp_003,2025-07-18,219.32
snap_009146,prod_4177,wh_005,2025-09-10,237,30,207,71,184,supp_004,2025-08-23,753.33
snap_009147,prod_4252,wh_003,2025-09-13,457,41,416,73,142,supp_002,2025-08-15,916.48
snap_009148,prod_1417,wh_001,2025-08-20,423,2,421,88,159,supp_005,2025-07-18,369.02
snap_009149,prod_1946,wh_002,2025-08-20,188,5,183,100,170,supp_001,2025-08-12,87.8
snap_009150,prod_3920,wh_004,2025-09-11,440,28,412,23,185,supp_001,2025-08-18,332.74
snap_009151,prod_4749,wh_005,2025-09-11,349,3,346,19,174,supp_004,2025-09-10,55.27
snap_009152,prod_3880,wh_005,2025-09-09,260,41,219,49,149,supp_001,2025-08-27,235.84
snap_009153,prod_8074,wh_004,2025-08-20,61,36,25,96,161,supp_001,2025-09-01,105.31
snap_009154,prod_7700,wh_004,2025-09-14,268,4,264,72,156,supp_004,2025-08-26,688.08
snap_009155,prod_8208,wh_004,2025-08-30,341,37,304,81,170,supp_002,2025-07-25,137.25
snap_009156,prod_9370,wh_003,2025-09-02,357,45,312,22,82,supp_005,2025-09-08,617.5
snap_009157,prod_5493,wh_002,2025-08-23,469,11,458,70,136,supp_002,2025-08-31,336.7
snap_009158,prod_8216,wh_003,2025-09-02,420,3,417,84,110,supp_001,2025-08-10,127.79
snap_009159,prod_4495,wh_004,2025-08-19,329,45,284,94,137,supp_003,2025-09-07,106.82
snap_009160,prod_5184,wh_002,2025-08-17,248,42,206,68,184,supp_005,2025-09-14,414.33
snap_009161,prod_8013,wh_004,2025-09-11,220,3,217,57,189,supp_002,2025-09-06,405.65
snap_009162,prod_9183,wh_002,2025-09-11,437,25,412,36,134,supp_001,2025-09-06,901.13
snap_009163,prod_2835,wh_003,2025-09-08,15,29,0,17,60,supp_003,2025-07-24,976.3
snap_009164,prod_1601,wh_004,2025-09-15,436,1,435,96,102,supp_001,2025-08-02,905.44
snap_009165,prod_4697,wh_002,2025-09-02,490,34,456,92,147,supp_002,2025-08-26,682.96
snap_009166,prod_8442,wh_001,2025-08-28,468,12,456,36,153,supp_001,2025-09-06,98.52
snap_009167,prod_5934,wh_004,2025-08-24,485,8,477,83,137,supp_004,2025-07-31,636.79
snap_009168,prod_3185,wh_005,2025-09-14,272,1,271,49,148,supp_004,2025-08-19,434.56
snap_009169,prod_9581,wh_005,2025-09-15,209,2,207,96,189,supp_004,2025-08-03,310.17
snap_009170,prod_9438,wh_003,2025-09-06,97,6,91,23,158,supp_004,2025-09-15,521.44
snap_009171,prod_3409,wh_002,2025-09-13,274,45,229,39,74,supp_005,2025-07-25,671.73
snap_009172,prod_2877,wh_004,2025-09-09,350,47,303,75,141,supp_003,2025-07-26,145.01
snap_009173,prod_7398,wh_001,2025-08-18,384,25,359,20,88,supp_002,2025-09-14,694.36
snap_009174,prod_5118,wh_002,2025-08-19,112,4,108,13,152,supp_004,2025-08-19,314.0
snap_009175,prod_6756,wh_003,2025-08-27,291,4,287,76,198,supp_005,2025-07-19,557.05
snap_009176,prod_4518,wh_001,2025-08-21,444,34,410,89,150,supp_002,2025-07-21,872.52
snap_009177,prod_1515,wh_004,2025-08-26,0,13,0,16,139,supp_003,2025-08-24,448.14
snap_009178,prod_7771,wh_004,2025-09-01,434,43,391,11,59,supp_002,2025-08-18,51.17
snap_009179,prod_7698,wh_003,2025-09-07,354,50,304,60,131,supp_001,2025-08-27,251.13
snap_009180,prod_3161,wh_003,2025-09-02,276,44,232,34,93,supp_005,2025-09-06,240.24
snap_009181,prod_8776,wh_005,2025-08-29,207,7,200,40,146,supp_004,2025-08-16,749.33
snap_009182,prod_2385,wh_005,2025-08-23,101,36,65,89,162,supp_001,2025-07-19,381.45
snap_009183,prod_6922,wh_004,2025-09-11,319,48,271,88,85,supp_004,2025-08-23,324.36
snap_009184,prod_1351,wh_002,2025-08-18,93,27,66,54,196,supp_001,2025-08-10,692.42
snap_009185,prod_3314,wh_005,2025-08-17,318,37,281,28,141,supp_001,2025-08-04,416.14
snap_009186,prod_5566,wh_002,2025-09-14,299,24,275,61,123,supp_002,2025-07-27,563.73
snap_009187,prod_7433,wh_005,2025-08-21,359,27,332,28,154,supp_005,2025-08-24,142.84
snap_009188,prod_6270,wh_002,2025-08-30,491,27,464,66,142,supp_003,2025-07-22,448.13
snap_009189,prod_3245,wh_005,2025-08-22,6,26,0,72,189,supp_001,2025-07-21,233.03
snap_009190,prod_1633,wh_002,2025-08-24,447,45,402,66,156,supp_003,2025-08-04,647.52
snap_009191,prod_3166,wh_003,2025-08-20,400,9,391,22,99,supp_003,2025-08-21,406.78
snap_009192,prod_1202,wh_002,2025-08-25,131,49,82,60,105,supp_004,2025-08-05,152.44
snap_009193,prod_1429,wh_003,2025-08-28,285,31,254,11,73,supp_003,2025-08-24,583.03
snap_009194,prod_4303,wh_001,2025-09-12,25,27,0,71,160,supp_004,2025-08-04,993.82
snap_009195,prod_6457,wh_005,2025-08-31,302,28,274,83,169,supp_003,2025-07-18,738.12
snap_009196,prod_2099,wh_004,2025-09-14,105,49,56,65,161,supp_002,2025-08-22,844.51
snap_009197,prod_6325,wh_002,2025-08-21,294,36,258,23,88,supp_005,2025-08-17,866.32
snap_009198,prod_2260,wh_001,2025-09-11,171,14,157,49,140,supp_004,2025-08-25,737.27
snap_009199,prod_9059,wh_002,2025-08-25,96,2,94,57,186,supp_003,2025-07-31,96.76
snap_009200,prod_2962,wh_001,2025-09-03,82,49,33,52,186,supp_005,2025-08-06,822.5
snap_009201,prod_4830,wh_002,2025-09-06,489,29,460,52,192,supp_002,2025-08-28,824.89
snap_009202,prod_6798,wh_004,2025-08-17,499,15,484,31,134,supp_005,2025-08-25,203.19
snap_009203,prod_7319,wh_005,2025-08-23,183,7,176,21,132,supp_003,2025-09-03,138.18
snap_009204,prod_5007,wh_005,2025-09-13,257,12,245,22,76,supp_003,2025-07-20,741.18
snap_009205,prod_6800,wh_003,2025-08-27,174,3,171,13,168,supp_004,2025-08-04,883.26
snap_009206,prod_8428,wh_002,2025-09-02,126,31,95,20,119,supp_004,2025-08-21,634.5
snap_009207,prod_7882,wh_001,2025-09-03,26,42,0,15,65,supp_004,2025-08-31,483.23
snap_009208,prod_2058,wh_003,2025-09-07,342,43,299,99,176,supp_004,2025-08-08,781.65
snap_009209,prod_1823,wh_004,2025-08-19,237,28,209,53,163,supp_003,2025-08-18,137.65
snap_009210,prod_6171,wh_004,2025-09-08,246,36,210,93,76,supp_004,2025-07-25,569.3
snap_009211,prod_8466,wh_005,2025-09-07,243,4,239,52,192,supp_003,2025-09-13,441.95
snap_009212,prod_5510,wh_001,2025-09-08,488,32,456,59,76,supp_002,2025-08-30,23.99
snap_009213,prod_7652,wh_001,2025-08-24,483,49,434,30,190,supp_001,2025-08-30,252.96
snap_009214,prod_3091,wh_001,2025-09-11,406,29,377,19,111,supp_004,2025-08-20,296.19
snap_009215,prod_1883,wh_003,2025-08-19,361,29,332,57,159,supp_003,2025-08-14,57.49
snap_009216,prod_8259,wh_005,2025-09-02,255,49,206,50,109,supp_002,2025-08-07,135.59
snap_009217,prod_1986,wh_003,2025-09-07,75,21,54,44,54,supp_005,2025-09-08,58.12
snap_009218,prod_9746,wh_001,2025-09-05,229,47,182,98,77,supp_003,2025-09-13,982.26
snap_009219,prod_9794,wh_002,2025-09-03,317,0,317,51,98,supp_004,2025-08-30,479.62
snap_009220,prod_5093,wh_005,2025-09-05,481,29,452,57,78,supp_003,2025-07-26,920.65
snap_009221,prod_7796,wh_005,2025-09-11,121,47,74,73,120,supp_001,2025-08-14,578.24
snap_009222,prod_8311,wh_002,2025-09-05,383,49,334,84,90,supp_005,2025-09-08,728.79
snap_009223,prod_2024,wh_003,2025-08-22,154,10,144,66,138,supp_001,2025-08-10,961.9
snap_009224,prod_9645,wh_001,2025-09-05,392,48,344,99,103,supp_005,2025-08-11,629.43
snap_009225,prod_7280,wh_003,2025-09-02,234,23,211,54,127,supp_003,2025-07-26,819.83
snap_009226,prod_8357,wh_003,2025-09-02,62,2,60,37,99,supp_001,2025-07-31,453.53
snap_009227,prod_6142,wh_001,2025-08-22,468,20,448,24,118,supp_002,2025-07-25,103.36
snap_009228,prod_7728,wh_001,2025-08-26,265,23,242,11,170,supp_003,2025-08-27,892.12
snap_009229,prod_9948,wh_003,2025-08-27,138,24,114,77,150,supp_005,2025-08-03,655.79
snap_009230,prod_8246,wh_004,2025-08-20,171,33,138,100,142,supp_003,2025-08-17,165.9
snap_009231,prod_3976,wh_001,2025-08-28,368,4,364,77,165,supp_002,2025-09-01,471.63
snap_009232,prod_2111,wh_005,2025-09-12,420,36,384,37,86,supp_002,2025-08-14,750.45
snap_009233,prod_4540,wh_004,2025-09-10,190,9,181,50,165,supp_001,2025-08-28,659.77
snap_009234,prod_1611,wh_005,2025-09-05,132,12,120,67,60,supp_004,2025-08-07,882.9
snap_009235,prod_6154,wh_003,2025-09-08,203,19,184,82,118,supp_004,2025-08-15,715.59
snap_009236,prod_3219,wh_004,2025-08-18,346,36,310,62,155,supp_001,2025-09-15,316.94
snap_009237,prod_1716,wh_002,2025-08-23,327,9,318,90,175,supp_005,2025-09-07,153.67
snap_009238,prod_7472,wh_005,2025-08-27,214,34,180,48,54,supp_005,2025-07-25,407.98
snap_009239,prod_2564,wh_003,2025-08-19,355,31,324,98,140,supp_001,2025-09-02,992.07
snap_009240,prod_4162,wh_005,2025-08-29,160,43,117,98,127,supp_004,2025-08-18,191.85
snap_009241,prod_7692,wh_002,2025-09-15,141,39,102,77,94,supp_003,2025-09-06,370.37
snap_009242,prod_7801,wh_005,2025-09-07,94,22,72,41,120,supp_002,2025-08-30,498.8
snap_009243,prod_6574,wh_003,2025-08-26,80,12,68,39,70,supp_001,2025-07-24,625.56
snap_009244,prod_1177,wh_002,2025-08-27,182,9,173,32,56,supp_005,2025-08-12,948.51
snap_009245,prod_5814,wh_004,2025-09-12,235,39,196,35,81,supp_002,2025-08-19,865.44
snap_009246,prod_5847,wh_002,2025-08-27,364,3,361,47,77,supp_003,2025-07-20,686.08
snap_009247,prod_6382,wh_002,2025-08-24,237,10,227,82,189,supp_005,2025-08-16,876.51
snap_009248,prod_8118,wh_001,2025-09-02,485,13,472,65,64,supp_003,2025-07-21,880.86
snap_009249,prod_9589,wh_001,2025-09-11,236,2,234,71,156,supp_002,2025-08-28,222.26
snap_009250,prod_2965,wh_004,2025-08-21,379,17,362,33,84,supp_001,2025-07-18,864.82
snap_009251,prod_7226,wh_002,2025-08-28,310,8,302,65,142,supp_001,2025-08-08,87.95
snap_009252,prod_3405,wh_004,2025-09-06,318,32,286,73,56,supp_003,2025-08-11,308.95
snap_009253,prod_7667,wh_002,2025-08-25,409,49,360,62,126,supp_001,2025-09-07,362.5
snap_009254,prod_4400,wh_003,2025-09-05,467,45,422,91,67,supp_001,2025-08-16,678.24
snap_009255,prod_8074,wh_001,2025-09-04,425,12,413,57,93,supp_005,2025-07-28,383.55
snap_009256,prod_8035,wh_003,2025-08-18,138,45,93,46,79,supp_004,2025-07-23,719.68
snap_009257,prod_9653,wh_005,2025-08-22,273,26,247,69,184,supp_001,2025-08-27,975.4
snap_009258,prod_7642,wh_005,2025-09-03,290,29,261,32,181,supp_005,2025-09-10,738.4
snap_009259,prod_4700,wh_002,2025-09-01,260,29,231,95,85,supp_001,2025-08-05,825.54
snap_009260,prod_6148,wh_001,2025-09-12,376,8,368,85,104,supp_003,2025-07-29,178.34
snap_009261,prod_9670,wh_004,2025-08-26,483,2,481,54,169,supp_005,2025-08-05,10.44
snap_009262,prod_1214,wh_002,2025-09-08,272,12,260,65,144,supp_004,2025-09-02,383.28
snap_009263,prod_7940,wh_002,2025-08-26,16,18,0,98,67,supp_003,2025-09-10,431.05
snap_009264,prod_9110,wh_003,2025-08-22,427,37,390,44,166,supp_001,2025-08-03,485.16
snap_009265,prod_9986,wh_005,2025-08-17,28,39,0,94,53,supp_003,2025-07-21,511.98
snap_009266,prod_6978,wh_003,2025-09-11,444,44,400,17,151,supp_001,2025-08-26,323.77
snap_009267,prod_2120,wh_003,2025-08-24,171,36,135,31,86,supp_003,2025-09-15,52.4
snap_009268,prod_8789,wh_002,2025-09-03,192,45,147,64,188,supp_004,2025-08-24,705.11
snap_009269,prod_9180,wh_001,2025-09-03,262,2,260,85,88,supp_003,2025-08-04,907.86
snap_009270,prod_5985,wh_003,2025-09-10,386,21,365,38,73,supp_003,2025-07-18,18.3
snap_009271,prod_3946,wh_002,2025-08-17,163,6,157,31,122,supp_003,2025-08-07,181.98
snap_009272,prod_6739,wh_005,2025-08-25,180,26,154,76,121,supp_005,2025-09-02,730.81
snap_009273,prod_7312,wh_003,2025-08-28,393,17,376,80,150,supp_001,2025-08-14,403.82
snap_009274,prod_3985,wh_004,2025-08-23,318,48,270,36,59,supp_005,2025-08-14,552.02
snap_009275,prod_5605,wh_002,2025-09-06,477,0,477,24,183,supp_005,2025-09-10,809.37
snap_009276,prod_1730,wh_001,2025-08-24,26,33,0,66,98,supp_004,2025-08-21,864.58
snap_009277,prod_7433,wh_004,2025-08-24,146,36,110,99,150,supp_004,2025-09-09,714.5
snap_009278,prod_1411,wh_003,2025-08-27,439,18,421,54,133,supp_004,2025-08-14,327.39
snap_009279,prod_6345,wh_001,2025-08-23,279,1,278,20,110,supp_001,2025-07-27,873.39
snap_009280,prod_1919,wh_003,2025-09-02,189,23,166,35,121,supp_002,2025-08-09,591.03
snap_009281,prod_6144,wh_003,2025-08-26,466,3,463,88,51,supp_001,2025-08-11,653.58
snap_009282,prod_1329,wh_005,2025-09-14,204,17,187,67,123,supp_005,2025-08-17,269.24
snap_009283,prod_6793,wh_003,2025-08-18,164,44,120,71,199,supp_003,2025-08-02,949.72
snap_009284,prod_2871,wh_003,2025-09-04,266,3,263,23,154,supp_005,2025-08-29,253.76
snap_009285,prod_3721,wh_002,2025-09-08,421,21,400,89,172,supp_001,2025-08-15,289.95
snap_009286,prod_4238,wh_004,2025-08-27,230,42,188,32,136,supp_005,2025-08-20,269.54
snap_009287,prod_1845,wh_005,2025-09-15,255,3,252,52,198,supp_005,2025-08-11,328.65
snap_009288,prod_1446,wh_004,2025-09-01,272,40,232,85,136,supp_004,2025-07-21,374.91
snap_009289,prod_1046,wh_001,2025-08-25,438,17,421,41,99,supp_001,2025-08-29,149.61
snap_009290,prod_3436,wh_005,2025-09-06,178,12,166,49,162,supp_004,2025-07-18,249.86
snap_009291,prod_8964,wh_003,2025-09-07,426,22,404,29,102,supp_002,2025-08-10,686.62
snap_009292,prod_7457,wh_005,2025-08-24,412,36,376,11,185,supp_004,2025-09-08,149.54
snap_009293,prod_7709,wh_003,2025-09-05,169,18,151,35,122,supp_005,2025-08-19,788.92
snap_009294,prod_9889,wh_005,2025-08-31,483,31,452,14,112,supp_003,2025-08-29,459.94
snap_009295,prod_4728,wh_004,2025-09-02,38,41,0,42,52,supp_001,2025-09-11,991.81
snap_009296,prod_7223,wh_001,2025-09-10,334,48,286,32,186,supp_004,2025-08-10,725.34
snap_009297,prod_6687,wh_002,2025-08-21,165,46,119,44,152,supp_005,2025-09-13,726.01
snap_009298,prod_1986,wh_003,2025-08-30,466,16,450,85,94,supp_001,2025-08-28,622.04
snap_009299,prod_3803,wh_003,2025-08-17,247,3,244,18,181,supp_002,2025-07-22,674.7
snap_009300,prod_9358,wh_001,2025-09-05,423,17,406,11,155,supp_003,2025-08-05,112.34
snap_009301,prod_3183,wh_003,2025-08-28,154,42,112,14,68,supp_004,2025-08-10,677.86
snap_009302,prod_3409,wh_004,2025-08-25,259,11,248,64,129,supp_005,2025-08-20,858.34
snap_009303,prod_2973,wh_002,2025-09-05,290,30,260,87,91,supp_001,2025-07-25,863.75
snap_009304,prod_7348,wh_004,2025-08-19,416,13,403,20,163,supp_003,2025-09-02,509.92
snap_009305,prod_8047,wh_003,2025-08-29,133,16,117,39,65,supp_002,2025-07-23,607.89
snap_009306,prod_9669,wh_004,2025-08-19,131,47,84,90,89,supp_004,2025-08-29,5.19
snap_009307,prod_3193,wh_001,2025-08-31,436,29,407,27,195,supp_005,2025-08-29,340.18
snap_009308,prod_1954,wh_005,2025-09-02,202,40,162,75,183,supp_001,2025-07-18,51.61
snap_009309,prod_8115,wh_001,2025-08-19,223,10,213,93,199,supp_002,2025-08-23,61.82
snap_009310,prod_3075,wh_004,2025-09-05,406,47,359,56,135,supp_002,2025-08-17,905.56
snap_009311,prod_4839,wh_002,2025-08-28,275,20,255,70,56,supp_003,2025-09-04,42.35
snap_009312,prod_8603,wh_001,2025-09-10,319,29,290,37,98,supp_001,2025-07-19,747.39
snap_009313,prod_9852,wh_002,2025-08-31,223,43,180,95,130,supp_001,2025-08-14,403.14
snap_009314,prod_2414,wh_001,2025-08-29,367,37,330,39,129,supp_002,2025-07-19,643.6
snap_009315,prod_7532,wh_004,2025-09-07,155,39,116,46,135,supp_005,2025-09-09,620.75
snap_009316,prod_9967,wh_003,2025-09-05,54,43,11,56,111,supp_004,2025-09-08,492.97
snap_009317,prod_5930,wh_004,2025-08-19,3,9,0,13,66,supp_001,2025-08-25,747.92
snap_009318,prod_4638,wh_002,2025-09-09,381,23,358,31,143,supp_001,2025-08-30,334.42
snap_009319,prod_2356,wh_005,2025-08-18,158,48,110,96,136,supp_003,2025-08-14,866.05
snap_009320,prod_2022,wh_002,2025-09-15,57,27,30,12,180,supp_004,2025-07-20,31.57
snap_009321,prod_7750,wh_005,2025-08-17,160,20,140,76,165,supp_005,2025-08-12,940.84
snap_009322,prod_2786,wh_001,2025-08-26,90,39,51,24,136,supp_002,2025-09-05,113.6
snap_009323,prod_3831,wh_001,2025-09-10,134,43,91,42,177,supp_001,2025-08-21,275.97
snap_009324,prod_9199,wh_004,2025-09-03,355,49,306,52,128,supp_004,2025-09-06,683.2
snap_009325,prod_9172,wh_001,2025-08-27,233,21,212,62,168,supp_003,2025-08-15,475.21
snap_009326,prod_4803,wh_004,2025-08-29,100,46,54,53,90,supp_001,2025-09-07,979.87
snap_009327,prod_3248,wh_005,2025-09-10,460,17,443,53,113,supp_005,2025-08-05,903.71
snap_009328,prod_1041,wh_002,2025-09-03,193,43,150,55,53,supp_002,2025-07-30,35.95
snap_009329,prod_5725,wh_003,2025-08-28,205,42,163,99,94,supp_003,2025-08-16,135.26
snap_009330,prod_9734,wh_003,2025-08-29,379,33,346,89,142,supp_003,2025-08-02,464.04
snap_009331,prod_1955,wh_003,2025-08-20,386,49,337,43,55,supp_005,2025-08-27,980.9
snap_009332,prod_6195,wh_005,2025-08-26,89,39,50,71,50,supp_005,2025-09-12,729.64
snap_009333,prod_8958,wh_002,2025-08-27,156,28,128,94,198,supp_005,2025-08-21,280.64
snap_009334,prod_9252,wh_004,2025-08-19,335,37,298,89,181,supp_002,2025-07-22,783.98
snap_009335,prod_1464,wh_003,2025-09-09,274,19,255,20,78,supp_005,2025-08-01,60.22
snap_009336,prod_7525,wh_002,2025-09-02,348,33,315,79,186,supp_005,2025-08-16,963.63
snap_009337,prod_4972,wh_005,2025-08-18,332,5,327,77,159,supp_002,2025-08-27,863.59
snap_009338,prod_3145,wh_005,2025-08-26,337,24,313,11,102,supp_004,2025-09-05,437.38
snap_009339,prod_5695,wh_004,2025-09-08,400,48,352,72,93,supp_005,2025-08-26,380.49
snap_009340,prod_2639,wh_002,2025-08-24,476,9,467,57,103,supp_003,2025-09-11,522.69
snap_009341,prod_9786,wh_005,2025-09-05,490,39,451,66,118,supp_003,2025-09-01,871.43
snap_009342,prod_1493,wh_002,2025-09-11,75,12,63,99,172,supp_004,2025-08-05,627.75
snap_009343,prod_5710,wh_002,2025-08-22,127,13,114,24,181,supp_005,2025-07-31,654.15
snap_009344,prod_9461,wh_002,2025-08-17,454,40,414,20,72,supp_005,2025-08-19,611.73
snap_009345,prod_2559,wh_003,2025-09-08,109,11,98,36,170,supp_003,2025-08-28,574.42
snap_009346,prod_4907,wh_004,2025-09-06,455,20,435,16,56,supp_005,2025-08-14,758.41
snap_009347,prod_4160,wh_002,2025-09-15,88,25,63,62,167,supp_004,2025-08-13,18.13
snap_009348,prod_3621,wh_002,2025-09-06,187,0,187,23,177,supp_001,2025-09-03,569.61
snap_009349,prod_7634,wh_001,2025-09-10,276,0,276,64,107,supp_003,2025-07-24,948.04
snap_009350,prod_2733,wh_002,2025-09-12,265,29,236,17,67,supp_005,2025-08-25,394.18
snap_009351,prod_4103,wh_001,2025-09-14,203,8,195,60,171,supp_001,2025-09-05,251.01
snap_009352,prod_8369,wh_003,2025-09-01,480,25,455,74,162,supp_001,2025-08-17,524.18
snap_009353,prod_2352,wh_001,2025-08-21,129,2,127,86,107,supp_005,2025-08-20,985.49
snap_009354,prod_1855,wh_003,2025-08-24,54,36,18,78,112,supp_004,2025-09-07,222.92
snap_009355,prod_6329,wh_004,2025-08-25,439,27,412,46,117,supp_002,2025-08-21,117.16
snap_009356,prod_1210,wh_004,2025-08-29,398,43,355,54,167,supp_001,2025-09-10,281.85
snap_009357,prod_8933,wh_001,2025-09-02,221,18,203,32,194,supp_005,2025-07-30,361.56
snap_009358,prod_9877,wh_004,2025-09-11,240,21,219,30,132,supp_005,2025-08-13,822.83
snap_009359,prod_6182,wh_002,2025-09-13,418,39,379,81,102,supp_004,2025-09-06,562.24
snap_009360,prod_3753,wh_002,2025-08-21,448,46,402,26,104,supp_005,2025-07-28,937.08
snap_009361,prod_2666,wh_002,2025-09-09,352,3,349,16,144,supp_003,2025-09-12,362.63
snap_009362,prod_8187,wh_002,2025-08-24,199,45,154,65,147,supp_002,2025-09-14,46.18
snap_009363,prod_1096,wh_005,2025-08-23,270,6,264,19,114,supp_001,2025-08-06,232.87
snap_009364,prod_8502,wh_004,2025-08-31,376,14,362,15,191,supp_005,2025-08-29,798.45
snap_009365,prod_8364,wh_005,2025-08-29,365,15,350,34,137,supp_002,2025-08-23,125.65
snap_009366,prod_8416,wh_002,2025-08-29,182,16,166,92,126,supp_003,2025-07-18,299.32
snap_009367,prod_1310,wh_002,2025-08-25,271,48,223,13,68,supp_004,2025-08-20,684.5
snap_009368,prod_2839,wh_001,2025-08-20,114,36,78,33,108,supp_004,2025-09-11,445.98
snap_009369,prod_4396,wh_005,2025-09-02,246,36,210,93,57,supp_001,2025-09-14,552.28
snap_009370,prod_4872,wh_002,2025-09-14,77,39,38,62,53,supp_004,2025-08-17,208.15
snap_009371,prod_5547,wh_005,2025-09-15,328,0,328,89,118,supp_003,2025-09-14,760.2
snap_009372,prod_5758,wh_001,2025-09-10,419,15,404,80,67,supp_004,2025-09-03,837.71
snap_009373,prod_3430,wh_001,2025-08-27,63,8,55,37,199,supp_003,2025-08-21,483.04
snap_009374,prod_2448,wh_005,2025-08-23,178,1,177,16,86,supp_005,2025-08-18,35.14
snap_009375,prod_2626,wh_004,2025-09-10,74,49,25,45,200,supp_004,2025-09-04,419.92
snap_009376,prod_8606,wh_005,2025-08-18,339,21,318,72,157,supp_002,2025-08-15,552.33
snap_009377,prod_9938,wh_005,2025-09-13,91,34,57,35,106,supp_003,2025-08-13,761.02
snap_009378,prod_4590,wh_001,2025-09-11,258,45,213,22,197,supp_001,2025-07-30,93.71
snap_009379,prod_5983,wh_004,2025-09-07,228,19,209,27,170,supp_003,2025-08-19,533.55
snap_009380,prod_8814,wh_005,2025-09-09,265,31,234,94,143,supp_002,2025-07-23,12.02
snap_009381,prod_6807,wh_004,2025-08-29,174,21,153,68,142,supp_004,2025-09-01,669.15
snap_009382,prod_2571,wh_005,2025-09-10,138,7,131,99,185,supp_004,2025-09-10,824.8
snap_009383,prod_7673,wh_003,2025-09-11,264,13,251,26,114,supp_002,2025-08-20,13.35
snap_009384,prod_8028,wh_004,2025-08-19,259,3,256,28,129,supp_005,2025-09-05,560.02
snap_009385,prod_1771,wh_003,2025-08-28,4,7,0,93,73,supp_005,2025-08-10,818.73
snap_009386,prod_4881,wh_004,2025-08-31,272,16,256,60,127,supp_001,2025-08-15,51.65
snap_009387,prod_1203,wh_001,2025-09-03,204,26,178,52,86,supp_004,2025-08-15,749.42
snap_009388,prod_2703,wh_004,2025-08-31,143,40,103,90,173,supp_004,2025-08-02,741.19
snap_009389,prod_7118,wh_003,2025-09-02,494,39,455,79,119,supp_001,2025-08-18,405.5
snap_009390,prod_8808,wh_001,2025-09-05,399,43,356,96,115,supp_001,2025-09-15,920.66
snap_009391,prod_4692,wh_002,2025-08-30,491,11,480,21,111,supp_005,2025-09-02,653.04
snap_009392,prod_3634,wh_005,2025-08-22,226,39,187,84,183,supp_001,2025-08-26,470.54
snap_009393,prod_9868,wh_002,2025-08-25,463,31,432,30,113,supp_005,2025-07-24,826.78
snap_009394,prod_1564,wh_003,2025-08-27,262,39,223,42,132,supp_001,2025-08-30,725.14
snap_009395,prod_6133,wh_004,2025-09-02,257,16,241,80,92,supp_001,2025-09-06,937.52
snap_009396,prod_8294,wh_005,2025-08-18,407,45,362,99,115,supp_003,2025-08-09,423.53
snap_009397,prod_9174,wh_005,2025-09-10,300,4,296,73,92,supp_004,2025-09-02,626.61
snap_009398,prod_8013,wh_004,2025-08-31,439,28,411,85,69,supp_003,2025-07-27,591.52
snap_009399,prod_7610,wh_001,2025-08-30,132,22,110,21,139,supp_003,2025-09-13,359.03
snap_009400,prod_2572,wh_001,2025-09-06,104,39,65,40,124,supp_001,2025-07-24,141.82
snap_009401,prod_2781,wh_005,2025-09-13,189,30,159,73,63,supp_002,2025-08-01,275.33
snap_009402,prod_4450,wh_003,2025-08-27,323,26,297,38,76,supp_005,2025-08-04,928.07
snap_009403,prod_8357,wh_004,2025-09-14,34,10,24,59,190,supp_005,2025-08-24,166.07
snap_009404,prod_9389,wh_003,2025-09-09,414,37,377,47,65,supp_004,2025-08-20,650.64
snap_009405,prod_1717,wh_004,2025-09-06,27,10,17,69,197,supp_005,2025-09-12,849.24
snap_009406,prod_8706,wh_002,2025-09-05,403,37,366,15,133,supp_004,2025-08-10,260.56
snap_009407,prod_9498,wh_005,2025-09-04,162,38,124,34,147,supp_005,2025-09-11,172.61
snap_009408,prod_2220,wh_003,2025-08-30,143,28,115,55,157,supp_003,2025-07-25,6.02
snap_009409,prod_2752,wh_003,2025-09-05,88,17,71,94,171,supp_001,2025-08-17,829.21
snap_009410,prod_7126,wh_005,2025-09-15,185,30,155,28,139,supp_005,2025-09-03,579.52
snap_009411,prod_2287,wh_005,2025-09-04,27,46,0,15,94,supp_003,2025-08-02,672.84
snap_009412,prod_1623,wh_002,2025-08-30,109,13,96,82,123,supp_005,2025-07-27,491.02
snap_009413,prod_7188,wh_003,2025-09-05,485,45,440,75,158,supp_005,2025-08-31,814.93
snap_009414,prod_9860,wh_003,2025-08-17,137,8,129,74,139,supp_004,2025-09-01,321.32
snap_009415,prod_6891,wh_001,2025-09-03,287,44,243,19,168,supp_004,2025-08-13,385.44
snap_009416,prod_2900,wh_005,2025-08-21,489,23,466,74,63,supp_002,2025-08-30,822.87
snap_009417,prod_2070,wh_004,2025-08-26,281,44,237,50,135,supp_003,2025-08-29,437.01
snap_009418,prod_5162,wh_003,2025-08-31,384,46,338,84,80,supp_003,2025-08-09,970.81
snap_009419,prod_6717,wh_005,2025-09-14,78,1,77,74,198,supp_005,2025-08-11,671.84
snap_009420,prod_6334,wh_005,2025-09-06,348,27,321,92,146,supp_005,2025-07-29,23.63
snap_009421,prod_6677,wh_005,2025-08-31,311,6,305,72,58,supp_001,2025-09-10,476.35
snap_009422,prod_7372,wh_001,2025-08-17,80,10,70,54,79,supp_003,2025-07-27,80.7
snap_009423,prod_2180,wh_001,2025-09-02,253,30,223,94,77,supp_002,2025-08-30,85.81
snap_009424,prod_1298,wh_004,2025-09-15,199,21,178,26,170,supp_005,2025-08-07,360.51
snap_009425,prod_8687,wh_004,2025-08-26,11,34,0,95,175,supp_002,2025-07-25,729.19
snap_009426,prod_1806,wh_003,2025-09-13,444,23,421,97,109,supp_003,2025-08-13,693.0
snap_009427,prod_2949,wh_003,2025-08-28,424,10,414,77,174,supp_003,2025-08-03,380.76
snap_009428,prod_9776,wh_002,2025-09-12,456,25,431,83,151,supp_003,2025-09-12,671.2
snap_009429,prod_2806,wh_004,2025-09-12,448,24,424,32,182,supp_003,2025-08-24,581.37
snap_009430,prod_9377,wh_003,2025-09-13,500,28,472,41,55,supp_005,2025-07-22,498.06
snap_009431,prod_3760,wh_004,2025-09-04,157,4,153,40,142,supp_005,2025-08-25,301.79
snap_009432,prod_5078,wh_001,2025-08-22,234,32,202,24,99,supp_001,2025-08-03,540.13
snap_009433,prod_5564,wh_005,2025-08-21,386,9,377,96,145,supp_001,2025-09-07,598.27
snap_009434,prod_9643,wh_003,2025-08-29,203,25,178,76,97,supp_002,2025-08-27,745.24
snap_009435,prod_1442,wh_003,2025-08-26,194,50,144,100,116,supp_001,2025-07-24,26.37
snap_009436,prod_2872,wh_005,2025-08-29,177,19,158,10,161,supp_002,2025-08-13,47.24
snap_009437,prod_3579,wh_005,2025-09-12,381,15,366,89,129,supp_002,2025-07-26,84.89
snap_009438,prod_7591,wh_005,2025-08-22,68,33,35,95,172,supp_004,2025-08-11,622.79
snap_009439,prod_1881,wh_003,2025-08-21,495,26,469,28,105,supp_003,2025-08-17,592.78
snap_009440,prod_7415,wh_005,2025-08-23,206,50,156,80,95,supp_003,2025-08-28,924.92
snap_009441,prod_2200,wh_002,2025-08-19,143,0,143,76,134,supp_003,2025-08-12,295.4
snap_009442,prod_4608,wh_003,2025-08-23,253,5,248,83,196,supp_005,2025-07-27,77.29
snap_009443,prod_7285,wh_002,2025-08-30,184,47,137,36,90,supp_001,2025-08-29,375.54
snap_009444,prod_9404,wh_002,2025-09-12,333,37,296,86,154,supp_001,2025-07-22,847.37
snap_009445,prod_1876,wh_004,2025-08-29,125,36,89,74,54,supp_003,2025-08-26,608.8
snap_009446,prod_1559,wh_005,2025-09-06,282,47,235,91,148,supp_003,2025-09-10,209.37
snap_009447,prod_1260,wh_001,2025-08-19,265,48,217,35,200,supp_001,2025-08-25,115.29
snap_009448,prod_3191,wh_003,2025-09-06,232,15,217,56,68,supp_004,2025-09-10,365.91
snap_009449,prod_3795,wh_001,2025-09-11,415,38,377,22,116,supp_002,2025-07-23,876.26
snap_009450,prod_4964,wh_002,2025-08-26,37,9,28,66,68,supp_004,2025-08-03,674.97
snap_009451,prod_9391,wh_001,2025-09-14,205,1,204,23,162,supp_005,2025-07-24,360.96
snap_009452,prod_2428,wh_001,2025-08-23,347,38,309,65,85,supp_003,2025-08-05,939.77
snap_009453,prod_6800,wh_004,2025-08-24,149,18,131,49,94,supp_003,2025-08-17,170.89
snap_009454,prod_7972,wh_004,2025-08-25,15,21,0,55,164,supp_005,2025-09-11,586.79
snap_009455,prod_3360,wh_005,2025-08-27,214,41,173,56,196,supp_004,2025-09-09,730.45
snap_009456,prod_6849,wh_002,2025-08-24,73,19,54,21,113,supp_004,2025-08-17,197.91
snap_009457,prod_6976,wh_005,2025-09-07,475,33,442,17,113,supp_002,2025-07-26,600.51
snap_009458,prod_4698,wh_005,2025-08-24,153,41,112,100,187,supp_004,2025-07-28,533.7
snap_009459,prod_1075,wh_005,2025-09-07,436,27,409,61,171,supp_005,2025-08-02,477.38
snap_009460,prod_2928,wh_001,2025-09-05,132,36,96,37,58,supp_003,2025-07-30,9.41
snap_009461,prod_6490,wh_004,2025-09-10,469,25,444,23,124,supp_001,2025-08-26,67.25
snap_009462,prod_2215,wh_003,2025-09-09,406,45,361,23,156,supp_001,2025-08-21,497.89
snap_009463,prod_3616,wh_003,2025-08-30,253,11,242,35,146,supp_001,2025-08-03,984.01
snap_009464,prod_1710,wh_003,2025-09-13,473,6,467,26,81,supp_004,2025-08-11,546.0
snap_009465,prod_9423,wh_005,2025-09-01,71,26,45,56,86,supp_001,2025-07-24,197.07
snap_009466,prod_7171,wh_005,2025-08-29,378,25,353,89,117,supp_001,2025-07-20,262.26
snap_009467,prod_6065,wh_001,2025-09-11,166,25,141,43,117,supp_004,2025-08-25,310.78
snap_009468,prod_8703,wh_004,2025-09-09,412,22,390,97,106,supp_003,2025-08-21,743.61
snap_009469,prod_1346,wh_004,2025-08-18,308,10,298,12,158,supp_004,2025-07-27,601.75
snap_009470,prod_3264,wh_002,2025-09-06,184,46,138,38,116,supp_005,2025-08-04,562.14
snap_009471,prod_4665,wh_001,2025-09-07,427,43,384,42,93,supp_002,2025-08-16,675.47
snap_009472,prod_9407,wh_005,2025-09-08,477,18,459,31,122,supp_001,2025-07-20,216.89
snap_009473,prod_6697,wh_004,2025-09-11,215,29,186,91,95,supp_004,2025-09-06,693.98
snap_009474,prod_5191,wh_003,2025-08-21,413,9,404,32,133,supp_003,2025-07-26,891.08
snap_009475,prod_9712,wh_001,2025-09-05,133,42,91,27,130,supp_003,2025-08-19,803.61
snap_009476,prod_6607,wh_001,2025-09-04,234,31,203,10,59,supp_001,2025-07-24,572.14
snap_009477,prod_6832,wh_003,2025-09-14,223,30,193,31,79,supp_004,2025-09-04,167.63
snap_009478,prod_8889,wh_004,2025-08-17,55,12,43,32,153,supp_001,2025-08-13,393.27
snap_009479,prod_1331,wh_001,2025-08-19,159,17,142,78,195,supp_003,2025-09-10,68.31
snap_009480,prod_1102,wh_002,2025-09-03,229,17,212,62,170,supp_003,2025-07-29,580.44
snap_009481,prod_5570,wh_001,2025-09-13,298,10,288,16,60,supp_003,2025-09-04,509.68
snap_009482,prod_3564,wh_005,2025-08-22,24,8,16,70,94,supp_001,2025-08-09,848.99
snap_009483,prod_7600,wh_004,2025-08-18,291,15,276,50,99,supp_001,2025-07-28,301.4
snap_009484,prod_8150,wh_002,2025-08-26,106,50,56,18,167,supp_005,2025-08-18,970.38
snap_009485,prod_3776,wh_005,2025-09-05,84,32,52,54,168,supp_003,2025-09-06,902.08
snap_009486,prod_7068,wh_004,2025-08-28,246,9,237,42,182,supp_003,2025-07-19,704.69
snap_009487,prod_5352,wh_003,2025-09-04,131,48,83,60,121,supp_003,2025-07-25,698.53
snap_009488,prod_8405,wh_001,2025-08-31,338,43,295,19,92,supp_005,2025-09-09,988.7
snap_009489,prod_5404,wh_002,2025-08-19,428,11,417,42,134,supp_002,2025-09-13,502.71
snap_009490,prod_8827,wh_002,2025-08-19,372,33,339,16,80,supp_003,2025-09-06,805.7
snap_009491,prod_7837,wh_004,2025-08-20,234,20,214,97,70,supp_001,2025-08-28,271.54
snap_009492,prod_2980,wh_001,2025-09-10,264,9,255,80,121,supp_003,2025-09-07,820.74
snap_009493,prod_5752,wh_001,2025-08-27,434,23,411,45,102,supp_003,2025-07-24,331.48
snap_009494,prod_3156,wh_003,2025-08-21,306,46,260,14,117,supp_001,2025-09-13,763.19
snap_009495,prod_9044,wh_003,2025-08-25,238,10,228,26,107,supp_003,2025-07-26,288.27
snap_009496,prod_7893,wh_003,2025-09-04,450,23,427,93,128,supp_004,2025-08-17,366.22
snap_009497,prod_4704,wh_003,2025-09-02,55,33,22,99,110,supp_003,2025-09-15,164.24
snap_009498,prod_6002,wh_001,2025-09-01,296,12,284,10,109,supp_003,2025-07-30,823.93
snap_009499,prod_4741,wh_004,2025-09-12,152,45,107,36,187,supp_002,2025-07-20,551.94
snap_009500,prod_4416,wh_003,2025-09-03,46,28,18,41,114,supp_003,2025-07-23,498.47
snap_009501,prod_2815,wh_002,2025-08-17,279,2,277,39,91,supp_004,2025-09-04,682.01
snap_009502,prod_9549,wh_004,2025-09-15,259,37,222,33,92,supp_004,2025-08-19,293.97
snap_009503,prod_8664,wh_002,2025-08-29,193,9,184,19,76,supp_001,2025-08-24,326.84
snap_009504,prod_2765,wh_005,2025-08-22,267,42,225,45,79,supp_003,2025-08-28,377.31
snap_009505,prod_9154,wh_003,2025-09-08,198,24,174,85,134,supp_001,2025-08-13,897.01
snap_009506,prod_9795,wh_004,2025-09-02,494,6,488,78,72,supp_005,2025-08-30,894.83
snap_009507,prod_2493,wh_005,2025-09-09,1,29,0,81,51,supp_002,2025-09-03,438.42
snap_009508,prod_8335,wh_005,2025-08-25,81,41,40,48,155,supp_004,2025-07-31,752.05
snap_009509,prod_5382,wh_002,2025-09-05,38,19,19,95,167,supp_001,2025-08-06,114.85
snap_009510,prod_2103,wh_004,2025-09-01,163,7,156,66,140,supp_004,2025-08-30,892.06
snap_009511,prod_8514,wh_003,2025-09-08,451,25,426,100,83,supp_005,2025-08-01,928.67
snap_009512,prod_8861,wh_001,2025-09-13,81,26,55,96,153,supp_003,2025-08-04,103.8
snap_009513,prod_1037,wh_005,2025-09-14,102,42,60,21,83,supp_002,2025-09-03,474.57
snap_009514,prod_2301,wh_002,2025-08-17,445,14,431,42,139,supp_003,2025-08-21,682.87
snap_009515,prod_7165,wh_005,2025-08-20,335,7,328,44,180,supp_004,2025-08-19,7.27
snap_009516,prod_5619,wh_004,2025-09-01,391,35,356,42,82,supp_001,2025-07-30,254.29
snap_009517,prod_1236,wh_005,2025-08-27,295,11,284,16,121,supp_003,2025-08-10,621.2
snap_009518,prod_5800,wh_001,2025-08-24,54,18,36,78,116,supp_003,2025-08-26,142.18
snap_009519,prod_7130,wh_002,2025-08-28,73,35,38,48,173,supp_004,2025-09-03,94.2
snap_009520,prod_3433,wh_003,2025-08-19,388,26,362,63,165,supp_004,2025-08-06,563.54
snap_009521,prod_4653,wh_004,2025-09-04,449,21,428,87,146,supp_001,2025-09-04,873.47
snap_009522,prod_5967,wh_001,2025-09-06,444,25,419,54,136,supp_001,2025-08-31,87.91
snap_009523,prod_5369,wh_005,2025-08-18,446,39,407,91,135,supp_003,2025-08-02,580.81
snap_009524,prod_2012,wh_001,2025-08-17,1,50,0,98,131,supp_003,2025-09-11,78.42
snap_009525,prod_6530,wh_001,2025-08-20,365,40,325,62,171,supp_005,2025-09-12,159.41
snap_009526,prod_8960,wh_004,2025-09-05,185,26,159,41,154,supp_002,2025-08-23,719.4
snap_009527,prod_9846,wh_002,2025-09-08,50,1,49,95,84,supp_005,2025-08-14,640.04
snap_009528,prod_4013,wh_003,2025-09-13,248,47,201,77,151,supp_005,2025-08-29,182.41
snap_009529,prod_1791,wh_001,2025-08-26,18,23,0,99,191,supp_001,2025-08-10,735.06
snap_009530,prod_4613,wh_003,2025-08-23,126,26,100,62,85,supp_005,2025-09-10,720.59
snap_009531,prod_2643,wh_001,2025-08-19,415,37,378,20,100,supp_003,2025-08-27,830.29
snap_009532,prod_3790,wh_002,2025-08-17,139,26,113,14,101,supp_002,2025-09-13,70.28
snap_009533,prod_2969,wh_005,2025-08-29,462,13,449,19,119,supp_004,2025-08-03,510.61
snap_009534,prod_2592,wh_001,2025-08-21,41,45,0,12,107,supp_004,2025-07-30,638.92
snap_009535,prod_4768,wh_001,2025-09-02,190,50,140,42,105,supp_004,2025-08-05,890.45
snap_009536,prod_4299,wh_001,2025-09-14,396,7,389,71,140,supp_001,2025-08-28,340.92
snap_009537,prod_2646,wh_003,2025-09-01,256,43,213,12,197,supp_004,2025-07-18,537.82
snap_009538,prod_2243,wh_005,2025-09-14,250,46,204,21,149,supp_003,2025-09-08,794.87
snap_009539,prod_6448,wh_004,2025-09-03,451,12,439,47,83,supp_004,2025-09-06,203.26
snap_009540,prod_5824,wh_005,2025-09-13,25,38,0,38,153,supp_003,2025-07-29,223.22
snap_009541,prod_5451,wh_004,2025-08-29,17,39,0,10,186,supp_004,2025-09-07,543.16
snap_009542,prod_2899,wh_004,2025-09-02,245,13,232,10,102,supp_001,2025-08-10,91.01
snap_009543,prod_2906,wh_004,2025-09-07,101,7,94,67,58,supp_004,2025-09-04,154.83
snap_009544,prod_1703,wh_005,2025-09-13,361,16,345,24,61,supp_003,2025-08-23,80.1
snap_009545,prod_9211,wh_004,2025-08-28,345,20,325,91,137,supp_005,2025-07-28,210.28
snap_009546,prod_1948,wh_005,2025-09-09,37,26,11,34,103,supp_003,2025-08-08,211.58
snap_009547,prod_1841,wh_003,2025-08-17,366,40,326,75,183,supp_005,2025-07-28,117.9
snap_009548,prod_8095,wh_005,2025-09-01,220,8,212,36,162,supp_002,2025-09-15,856.06
snap_009549,prod_7958,wh_004,2025-09-04,253,4,249,20,139,supp_003,2025-07-21,471.72
snap_009550,prod_3804,wh_001,2025-08-25,445,10,435,41,131,supp_001,2025-08-23,228.6
snap_009551,prod_1968,wh_005,2025-08-30,301,35,266,34,123,supp_003,2025-07-28,210.37
snap_009552,prod_2652,wh_005,2025-08-25,477,38,439,22,109,supp_001,2025-08-01,831.94
snap_009553,prod_8963,wh_002,2025-09-13,261,3,258,66,99,supp_001,2025-08-22,213.88
snap_009554,prod_6927,wh_001,2025-08-26,202,3,199,59,113,supp_004,2025-08-05,989.09
snap_009555,prod_4440,wh_002,2025-08-24,257,29,228,66,87,supp_003,2025-08-03,697.3
snap_009556,prod_1516,wh_005,2025-08-25,286,48,238,54,52,supp_001,2025-09-04,348.17
snap_009557,prod_3859,wh_002,2025-08-18,452,23,429,71,68,supp_003,2025-08-06,936.85
snap_009558,prod_8234,wh_005,2025-09-15,111,48,63,79,77,supp_004,2025-08-09,63.81
snap_009559,prod_9307,wh_003,2025-09-12,452,26,426,52,90,supp_001,2025-08-03,991.59
snap_009560,prod_1277,wh_002,2025-08-18,489,10,479,45,183,supp_003,2025-07-22,904.16
snap_009561,prod_8463,wh_002,2025-08-23,269,11,258,90,170,supp_005,2025-08-01,19.17
snap_009562,prod_5208,wh_003,2025-08-30,29,25,4,47,61,supp_004,2025-08-22,528.57
snap_009563,prod_5510,wh_005,2025-08-30,394,14,380,29,162,supp_002,2025-09-04,874.78
snap_009564,prod_1750,wh_002,2025-09-11,432,41,391,80,117,supp_001,2025-07-30,45.71
snap_009565,prod_8686,wh_003,2025-09-14,234,15,219,46,114,supp_001,2025-09-02,104.48
snap_009566,prod_2054,wh_005,2025-08-25,107,36,71,33,181,supp_004,2025-08-18,472.58
snap_009567,prod_5891,wh_004,2025-08-18,21,1,20,73,58,supp_005,2025-07-18,92.31
snap_009568,prod_8338,wh_003,2025-08-29,11,37,0,17,87,supp_005,2025-07-19,930.2
snap_009569,prod_3491,wh_004,2025-08-29,380,18,362,99,74,supp_002,2025-08-03,932.63
snap_009570,prod_1155,wh_004,2025-09-12,210,5,205,22,147,supp_002,2025-07-21,724.29
snap_009571,prod_6118,wh_004,2025-09-01,7,39,0,67,79,supp_003,2025-08-15,778.76
snap_009572,prod_6534,wh_002,2025-08-21,359,8,351,55,65,supp_005,2025-08-22,6.93
snap_009573,prod_5333,wh_001,2025-08-17,415,12,403,46,192,supp_002,2025-08-13,518.11
snap_009574,prod_4250,wh_001,2025-09-08,149,12,137,83,131,supp_005,2025-08-10,71.47
snap_009575,prod_2863,wh_004,2025-09-14,24,50,0,51,150,supp_003,2025-08-28,158.44
snap_009576,prod_1638,wh_002,2025-09-01,311,46,265,63,103,supp_001,2025-09-03,498.6
snap_009577,prod_2454,wh_002,2025-09-08,185,9,176,74,144,supp_004,2025-08-10,805.86
snap_009578,prod_5984,wh_001,2025-08-29,66,1,65,90,77,supp_004,2025-08-13,598.97
snap_009579,prod_3120,wh_005,2025-08-27,307,44,263,97,103,supp_003,2025-09-03,367.2
snap_009580,prod_3238,wh_004,2025-09-03,186,4,182,46,160,supp_005,2025-08-14,210.15
snap_009581,prod_9883,wh_005,2025-08-27,112,43,69,82,83,supp_002,2025-07-23,963.85
snap_009582,prod_2826,wh_001,2025-08-18,342,6,336,59,52,supp_003,2025-08-16,814.74
snap_009583,prod_4294,wh_004,2025-08-20,452,32,420,65,173,supp_004,2025-09-15,41.57
snap_009584,prod_1449,wh_001,2025-09-05,28,18,10,63,130,supp_003,2025-08-18,479.21
snap_009585,prod_9346,wh_005,2025-09-10,230,0,230,12,148,supp_002,2025-08-24,27.97
snap_009586,prod_3286,wh_002,2025-08-18,306,11,295,64,166,supp_003,2025-08-23,824.15
snap_009587,prod_6825,wh_002,2025-09-02,453,26,427,92,55,supp_002,2025-08-27,972.44
snap_009588,prod_9121,wh_005,2025-08-20,157,49,108,38,141,supp_001,2025-08-30,370.75
snap_009589,prod_6968,wh_001,2025-08-28,241,7,234,45,92,supp_005,2025-07-29,87.54
snap_009590,prod_5159,wh_002,2025-09-15,250,14,236,40,71,supp_004,2025-08-17,609.33
snap_009591,prod_7974,wh_002,2025-08-28,222,12,210,37,72,supp_005,2025-07-25,299.05
snap_009592,prod_9934,wh_003,2025-09-04,146,30,116,94,109,supp_001,2025-07-22,462.26
snap_009593,prod_8162,wh_004,2025-09-15,415,31,384,60,85,supp_002,2025-07-20,31.41
snap_009594,prod_7027,wh_002,2025-08-22,312,9,303,84,125,supp_005,2025-09-13,679.94
snap_009595,prod_9090,wh_004,2025-09-11,370,6,364,59,110,supp_001,2025-08-04,927.44
snap_009596,prod_7563,wh_002,2025-08-31,368,21,347,14,106,supp_003,2025-09-01,627.3
snap_009597,prod_7373,wh_001,2025-09-11,164,44,120,98,191,supp_002,2025-08-31,568.29
snap_009598,prod_6775,wh_005,2025-08-20,331,17,314,95,68,supp_002,2025-08-06,386.91
snap_009599,prod_7758,wh_001,2025-09-06,215,5,210,91,85,supp_002,2025-09-11,857.98
snap_009600,prod_3816,wh_002,2025-08-23,463,18,445,53,120,supp_003,2025-07-26,472.88
snap_009601,prod_1275,wh_003,2025-09-08,151,12,139,42,187,supp_003,2025-08-08,932.16
snap_009602,prod_6975,wh_001,2025-08-22,99,14,85,77,161,supp_001,2025-09-03,807.93
snap_009603,prod_5162,wh_002,2025-09-04,272,36,236,53,72,supp_002,2025-09-03,847.38
snap_009604,prod_1642,wh_003,2025-08-27,184,1,183,32,154,supp_002,2025-08-30,404.16
snap_009605,prod_7255,wh_005,2025-09-01,182,1,181,95,61,supp_001,2025-07-30,299.89
snap_009606,prod_1315,wh_003,2025-09-09,188,22,166,63,141,supp_001,2025-08-20,100.27
snap_009607,prod_1444,wh_004,2025-08-31,324,32,292,95,157,supp_005,2025-07-20,984.69
snap_009608,prod_4155,wh_002,2025-09-03,234,30,204,39,185,supp_004,2025-09-03,934.66
snap_009609,prod_2569,wh_003,2025-09-13,15,48,0,11,59,supp_004,2025-07-24,183.08
snap_009610,prod_7455,wh_005,2025-09-08,457,6,451,30,97,supp_004,2025-08-08,591.3
snap_009611,prod_7623,wh_005,2025-09-09,420,40,380,82,161,supp_005,2025-08-10,185.47
snap_009612,prod_7601,wh_004,2025-08-18,243,2,241,43,74,supp_002,2025-07-28,204.62
snap_009613,prod_4740,wh_002,2025-09-13,431,33,398,94,141,supp_004,2025-08-28,862.81
snap_009614,prod_4341,wh_003,2025-09-09,192,9,183,95,143,supp_003,2025-08-18,16.11
snap_009615,prod_5898,wh_001,2025-09-04,268,44,224,18,117,supp_001,2025-09-09,562.33
snap_009616,prod_4459,wh_004,2025-08-23,96,10,86,53,200,supp_002,2025-08-07,910.98
snap_009617,prod_5659,wh_002,2025-08-26,0,13,0,76,106,supp_001,2025-08-12,642.69
snap_009618,prod_8659,wh_005,2025-08-20,43,23,20,19,68,supp_005,2025-08-24,700.11
snap_009619,prod_6590,wh_004,2025-09-10,479,19,460,84,165,supp_005,2025-08-08,949.08
snap_009620,prod_1387,wh_002,2025-08-18,418,43,375,64,157,supp_005,2025-07-28,215.26
snap_009621,prod_5705,wh_004,2025-09-09,426,8,418,51,192,supp_004,2025-08-25,143.13
snap_009622,prod_3256,wh_001,2025-08-26,386,4,382,32,61,supp_005,2025-07-31,422.75
snap_009623,prod_8373,wh_004,2025-08-18,492,46,446,90,183,supp_001,2025-09-15,336.75
snap_009624,prod_3379,wh_003,2025-08-31,45,49,0,47,170,supp_005,2025-08-05,197.35
snap_009625,prod_3075,wh_003,2025-09-14,339,9,330,24,188,supp_004,2025-07-28,825.78
snap_009626,prod_1407,wh_002,2025-09-07,394,48,346,51,118,supp_004,2025-08-12,170.12
snap_009627,prod_2841,wh_001,2025-09-07,265,11,254,56,181,supp_005,2025-08-12,287.37
snap_009628,prod_7361,wh_005,2025-08-21,375,22,353,97,140,supp_005,2025-08-29,979.43
snap_009629,prod_4394,wh_005,2025-09-11,324,39,285,45,135,supp_003,2025-08-25,919.5
snap_009630,prod_2619,wh_002,2025-08-17,353,10,343,34,91,supp_002,2025-07-23,985.88
snap_009631,prod_7832,wh_001,2025-08-21,9,38,0,48,61,supp_003,2025-07-23,539.79
snap_009632,prod_7179,wh_001,2025-08-23,393,44,349,77,189,supp_001,2025-07-28,576.3
snap_009633,prod_4900,wh_005,2025-09-05,186,35,151,33,166,supp_001,2025-08-20,418.92
snap_009634,prod_3136,wh_003,2025-09-13,244,34,210,90,126,supp_003,2025-07-28,894.3
snap_009635,prod_3220,wh_003,2025-08-27,488,30,458,38,196,supp_002,2025-07-20,335.91
snap_009636,prod_8422,wh_005,2025-09-02,173,40,133,81,200,supp_002,2025-09-10,952.01
snap_009637,prod_8733,wh_002,2025-09-10,20,25,0,16,54,supp_001,2025-08-15,165.11
snap_009638,prod_1954,wh_005,2025-09-15,448,25,423,87,123,supp_004,2025-07-22,220.12
snap_009639,prod_8107,wh_004,2025-08-30,246,15,231,69,146,supp_002,2025-09-11,534.06
snap_009640,prod_2217,wh_003,2025-08-26,334,16,318,49,149,supp_003,2025-07-29,50.34
snap_009641,prod_1895,wh_001,2025-09-03,6,45,0,99,63,supp_005,2025-08-13,981.17
snap_009642,prod_6725,wh_005,2025-09-04,150,11,139,76,72,supp_001,2025-08-23,160.95
snap_009643,prod_9235,wh_001,2025-08-28,351,29,322,37,195,supp_003,2025-08-26,221.71
snap_009644,prod_2636,wh_005,2025-08-24,210,29,181,70,60,supp_001,2025-08-11,572.58
snap_009645,prod_7332,wh_002,2025-08-17,65,34,31,57,141,supp_003,2025-09-13,292.46
snap_009646,prod_4210,wh_003,2025-08-29,213,21,192,25,86,supp_004,2025-09-13,606.15
snap_009647,prod_7100,wh_001,2025-08-29,437,46,391,18,53,supp_001,2025-09-08,255.11
snap_009648,prod_8115,wh_003,2025-08-25,100,21,79,63,120,supp_002,2025-09-03,458.35
snap_009649,prod_8500,wh_001,2025-09-04,28,48,0,30,59,supp_001,2025-08-26,380.65
snap_009650,prod_1314,wh_001,2025-09-08,281,22,259,27,125,supp_004,2025-07-19,587.32
snap_009651,prod_3359,wh_001,2025-09-03,146,39,107,100,132,supp_002,2025-09-07,564.7
snap_009652,prod_1729,wh_005,2025-09-04,378,38,340,42,98,supp_003,2025-07-29,115.66
snap_009653,prod_2332,wh_005,2025-08-29,459,15,444,45,154,supp_003,2025-08-29,762.97
snap_009654,prod_2907,wh_001,2025-08-18,327,33,294,70,95,supp_004,2025-09-04,834.77
snap_009655,prod_5453,wh_002,2025-09-12,304,18,286,65,169,supp_002,2025-08-25,418.05
snap_009656,prod_2650,wh_001,2025-09-06,376,33,343,26,147,supp_005,2025-09-12,491.28
snap_009657,prod_6368,wh_002,2025-08-17,398,44,354,19,56,supp_002,2025-08-15,389.71
snap_009658,prod_6700,wh_005,2025-09-05,334,19,315,14,76,supp_005,2025-07-31,662.38
snap_009659,prod_3451,wh_001,2025-09-15,286,0,286,46,173,supp_002,2025-08-04,106.65
snap_009660,prod_2334,wh_001,2025-08-24,412,5,407,60,190,supp_003,2025-09-12,457.23
snap_009661,prod_9308,wh_004,2025-08-22,348,0,348,93,73,supp_002,2025-08-29,642.2
snap_009662,prod_8353,wh_003,2025-08-20,319,28,291,40,181,supp_001,2025-09-06,278.01
snap_009663,prod_4995,wh_001,2025-09-05,381,7,374,52,163,supp_001,2025-07-31,150.44
snap_009664,prod_1491,wh_004,2025-09-15,366,0,366,62,139,supp_001,2025-07-20,732.82
snap_009665,prod_1671,wh_003,2025-08-23,233,5,228,10,152,supp_001,2025-08-02,437.03
snap_009666,prod_7443,wh_004,2025-08-19,202,37,165,54,81,supp_001,2025-09-08,468.08
snap_009667,prod_1017,wh_005,2025-09-06,126,22,104,73,115,supp_004,2025-08-03,466.23
snap_009668,prod_2381,wh_004,2025-09-07,313,41,272,94,191,supp_003,2025-08-17,902.54
snap_009669,prod_6719,wh_001,2025-08-24,491,38,453,89,132,supp_002,2025-08-02,303.94
snap_009670,prod_3885,wh_005,2025-09-04,174,7,167,100,139,supp_003,2025-07-21,54.62
snap_009671,prod_4709,wh_004,2025-08-29,425,22,403,59,186,supp_005,2025-08-20,626.38
snap_009672,prod_3744,wh_005,2025-09-03,220,4,216,76,161,supp_004,2025-09-07,783.73
snap_009673,prod_4831,wh_004,2025-09-03,446,6,440,20,153,supp_003,2025-09-02,410.42
snap_009674,prod_3127,wh_004,2025-09-07,163,23,140,37,72,supp_002,2025-07-26,919.08
snap_009675,prod_3101,wh_001,2025-08-17,70,8,62,19,182,supp_004,2025-08-05,19.05
snap_009676,prod_1502,wh_001,2025-08-20,188,43,145,43,141,supp_003,2025-08-02,389.73
snap_009677,prod_6382,wh_001,2025-09-02,351,38,313,68,86,supp_005,2025-08-05,123.93
snap_009678,prod_1423,wh_001,2025-08-23,158,1,157,64,78,supp_003,2025-09-02,427.69
snap_009679,prod_3867,wh_005,2025-09-11,55,2,53,38,111,supp_004,2025-07-18,801.87
snap_009680,prod_1437,wh_004,2025-09-05,183,26,157,62,78,supp_004,2025-07-29,735.83
snap_009681,prod_5101,wh_004,2025-08-22,395,48,347,27,194,supp_005,2025-07-19,347.82
snap_009682,prod_9608,wh_003,2025-08-17,395,18,377,81,71,supp_004,2025-08-27,91.38
snap_009683,prod_9862,wh_003,2025-09-05,473,42,431,68,70,supp_003,2025-07-25,873.11
snap_009684,prod_1506,wh_001,2025-08-28,76,35,41,39,171,supp_002,2025-08-27,68.79
snap_009685,prod_3319,wh_001,2025-09-11,56,17,39,99,104,supp_004,2025-07-20,972.66
snap_009686,prod_5422,wh_003,2025-09-04,6,25,0,44,181,supp_005,2025-08-01,763.04
snap_009687,prod_6527,wh_001,2025-08-24,171,5,166,65,175,supp_005,2025-07-23,447.42
snap_009688,prod_1892,wh_002,2025-09-02,65,43,22,79,73,supp_004,2025-08-17,670.52
snap_009689,prod_6121,wh_005,2025-08-20,462,22,440,88,132,supp_003,2025-09-13,132.99
snap_009690,prod_5448,wh_001,2025-08-20,304,36,268,62,142,supp_001,2025-07-21,616.01
snap_009691,prod_5198,wh_003,2025-08-30,73,19,54,50,109,supp_004,2025-09-14,63.17
snap_009692,prod_9858,wh_001,2025-08-27,427,46,381,29,198,supp_002,2025-07-28,313.76
snap_009693,prod_8566,wh_001,2025-09-13,128,3,125,78,198,supp_001,2025-08-14,831.0
snap_009694,prod_1883,wh_005,2025-09-15,359,1,358,37,185,supp_005,2025-08-16,220.75
snap_009695,prod_2488,wh_003,2025-08-26,30,19,11,87,50,supp_004,2025-08-24,727.3
snap_009696,prod_5917,wh_005,2025-09-14,491,37,454,25,88,supp_004,2025-08-08,651.79
snap_009697,prod_2174,wh_004,2025-08-27,410,13,397,100,177,supp_001,2025-07-20,59.37
snap_009698,prod_8989,wh_004,2025-09-02,225,3,222,46,70,supp_003,2025-09-01,515.02
snap_009699,prod_7044,wh_005,2025-08-29,159,40,119,49,127,supp_001,2025-07-21,918.2
snap_009700,prod_7548,wh_005,2025-09-13,86,18,68,24,178,supp_003,2025-07-31,813.0
snap_009701,prod_2263,wh_002,2025-08-17,108,8,100,80,145,supp_004,2025-09-02,536.4
snap_009702,prod_5920,wh_005,2025-08-30,321,32,289,67,182,supp_001,2025-09-14,268.66
snap_009703,prod_2657,wh_002,2025-08-23,464,14,450,44,76,supp_001,2025-09-02,954.43
snap_009704,prod_8382,wh_003,2025-08-30,459,6,453,42,184,supp_005,2025-08-01,466.09
snap_009705,prod_6471,wh_003,2025-09-14,12,0,12,42,95,supp_004,2025-08-19,860.63
snap_009706,prod_6029,wh_005,2025-09-06,482,19,463,33,186,supp_001,2025-08-30,911.58
snap_009707,prod_8589,wh_004,2025-08-21,58,47,11,60,87,supp_003,2025-08-23,866.43
snap_009708,prod_1614,wh_004,2025-08-26,197,19,178,76,56,supp_004,2025-08-23,167.17
snap_009709,prod_9310,wh_002,2025-09-12,451,28,423,68,191,supp_001,2025-08-02,47.48
snap_009710,prod_5898,wh_003,2025-08-31,299,35,264,57,157,supp_001,2025-09-09,866.28
snap_009711,prod_8470,wh_003,2025-09-06,78,7,71,97,191,supp_005,2025-07-20,291.22
snap_009712,prod_6306,wh_003,2025-09-11,19,16,3,83,118,supp_002,2025-08-05,40.33
snap_009713,prod_9489,wh_002,2025-08-31,393,16,377,94,170,supp_001,2025-09-10,13.59
snap_009714,prod_6417,wh_002,2025-09-14,78,20,58,41,192,supp_001,2025-08-02,55.14
snap_009715,prod_6857,wh_005,2025-08-25,220,7,213,22,193,supp_003,2025-09-01,828.84
snap_009716,prod_9458,wh_005,2025-09-01,239,24,215,21,200,supp_005,2025-07-26,766.76
snap_009717,prod_3006,wh_004,2025-09-01,147,26,121,79,69,supp_002,2025-08-11,975.06
snap_009718,prod_1845,wh_002,2025-09-13,148,28,120,68,167,supp_002,2025-07-20,264.48
snap_009719,prod_8691,wh_004,2025-09-15,484,15,469,94,171,supp_002,2025-08-08,821.86
snap_009720,prod_2148,wh_005,2025-08-28,319,4,315,98,71,supp_001,2025-08-07,88.59
snap_009721,prod_3578,wh_002,2025-08-28,111,27,84,41,55,supp_002,2025-08-29,904.22
snap_009722,prod_3206,wh_005,2025-08-17,314,13,301,79,176,supp_004,2025-09-04,997.18
snap_009723,prod_2452,wh_001,2025-09-09,297,42,255,19,75,supp_003,2025-07-23,809.14
snap_009724,prod_9139,wh_004,2025-08-22,233,4,229,52,160,supp_005,2025-09-14,588.31
snap_009725,prod_6677,wh_004,2025-08-29,138,41,97,83,175,supp_001,2025-08-17,560.12
snap_009726,prod_9373,wh_003,2025-09-01,435,34,401,29,67,supp_001,2025-08-23,118.5
snap_009727,prod_8283,wh_003,2025-08-26,477,32,445,18,83,supp_001,2025-09-05,708.04
snap_009728,prod_4872,wh_005,2025-08-18,181,14,167,34,87,supp_005,2025-08-21,101.11
snap_009729,prod_6740,wh_005,2025-09-13,485,48,437,57,150,supp_005,2025-08-05,952.99
snap_009730,prod_2277,wh_004,2025-08-31,448,2,446,46,198,supp_004,2025-08-27,887.61
snap_009731,prod_5081,wh_003,2025-09-11,27,15,12,28,160,supp_004,2025-08-05,46.32
snap_009732,prod_3043,wh_003,2025-08-31,0,33,0,27,148,supp_002,2025-08-31,966.66
snap_009733,prod_7842,wh_002,2025-08-24,352,12,340,47,119,supp_001,2025-08-21,876.38
snap_009734,prod_1591,wh_002,2025-08-29,479,18,461,67,96,supp_005,2025-08-06,516.08
snap_009735,prod_5931,wh_001,2025-09-06,370,22,348,79,196,supp_003,2025-08-08,826.16
snap_009736,prod_3668,wh_001,2025-08-31,219,8,211,84,129,supp_004,2025-07-26,595.22
snap_009737,prod_1767,wh_005,2025-09-11,166,48,118,41,187,supp_002,2025-08-22,983.49
snap_009738,prod_6455,wh_001,2025-09-13,29,4,25,11,69,supp_005,2025-08-02,527.53
snap_009739,prod_2580,wh_002,2025-09-02,207,34,173,55,126,supp_003,2025-08-23,197.17
snap_009740,prod_9677,wh_002,2025-09-14,35,3,32,80,199,supp_005,2025-08-21,900.62
snap_009741,prod_4751,wh_005,2025-08-19,46,6,40,92,178,supp_001,2025-07-31,785.01
snap_009742,prod_9624,wh_002,2025-09-05,103,25,78,20,70,supp_001,2025-08-20,89.09
snap_009743,prod_2567,wh_001,2025-08-31,237,16,221,52,169,supp_004,2025-09-08,986.64
snap_009744,prod_5547,wh_005,2025-08-31,388,33,355,100,195,supp_005,2025-09-06,757.49
snap_009745,prod_8001,wh_004,2025-08-31,206,8,198,93,103,supp_004,2025-07-26,171.99
snap_009746,prod_2937,wh_002,2025-09-05,39,22,17,38,77,supp_002,2025-08-24,830.58
snap_009747,prod_2100,wh_001,2025-09-07,428,10,418,19,143,supp_003,2025-08-13,909.91
snap_009748,prod_4540,wh_001,2025-09-07,369,9,360,69,191,supp_005,2025-07-27,768.01
snap_009749,prod_2460,wh_001,2025-08-25,308,36,272,25,160,supp_005,2025-08-15,278.61
snap_009750,prod_7857,wh_005,2025-08-19,257,25,232,85,157,supp_004,2025-07-28,169.5
snap_009751,prod_4953,wh_004,2025-09-11,261,3,258,60,168,supp_004,2025-08-04,543.57
snap_009752,prod_5328,wh_001,2025-09-14,202,49,153,51,75,supp_005,2025-08-23,870.31
snap_009753,prod_6344,wh_001,2025-08-29,259,16,243,42,95,supp_002,2025-08-11,84.76
snap_009754,prod_7178,wh_005,2025-09-03,411,15,396,59,99,supp_004,2025-09-12,77.9
snap_009755,prod_2030,wh_005,2025-09-12,289,47,242,18,103,supp_001,2025-07-21,730.57
snap_009756,prod_7350,wh_005,2025-08-20,11,47,0,75,181,supp_001,2025-08-13,800.06
snap_009757,prod_2665,wh_003,2025-08-29,266,17,249,62,74,supp_004,2025-07-29,987.12
snap_009758,prod_6854,wh_005,2025-08-21,378,6,372,22,66,supp_005,2025-08-12,901.04
snap_009759,prod_1657,wh_001,2025-09-13,436,23,413,84,118,supp_002,2025-07-26,143.23
snap_009760,prod_3937,wh_002,2025-09-15,158,9,149,80,183,supp_005,2025-09-01,89.05
snap_009761,prod_5502,wh_005,2025-08-23,474,39,435,48,195,supp_004,2025-09-14,193.9
snap_009762,prod_6807,wh_002,2025-09-06,468,36,432,38,77,supp_004,2025-08-20,229.64
snap_009763,prod_9631,wh_003,2025-09-07,435,33,402,17,89,supp_002,2025-08-27,568.69
snap_009764,prod_3726,wh_001,2025-08-22,72,8,64,34,109,supp_005,2025-08-24,203.08
snap_009765,prod_7804,wh_002,2025-08-17,227,45,182,69,158,supp_001,2025-08-25,213.0
snap_009766,prod_4041,wh_004,2025-09-13,399,25,374,49,190,supp_001,2025-07-18,195.35
snap_009767,prod_5887,wh_003,2025-08-19,13,5,8,30,124,supp_004,2025-08-15,47.49
snap_009768,prod_7546,wh_002,2025-09-03,334,9,325,53,83,supp_001,2025-09-02,975.04
snap_009769,prod_3865,wh_005,2025-09-01,58,25,33,92,136,supp_002,2025-09-12,493.38
snap_009770,prod_4744,wh_001,2025-09-01,308,41,267,56,77,supp_001,2025-07-18,622.1
snap_009771,prod_7097,wh_003,2025-09-10,427,25,402,76,98,supp_001,2025-07-27,971.74
snap_009772,prod_5536,wh_004,2025-09-12,75,1,74,45,194,supp_001,2025-07-28,664.6
snap_009773,prod_8030,wh_005,2025-09-14,360,26,334,83,75,supp_002,2025-07-22,207.33
snap_009774,prod_5310,wh_001,2025-08-21,276,13,263,88,148,supp_001,2025-08-18,192.9
snap_009775,prod_8109,wh_004,2025-08-19,58,2,56,64,106,supp_004,2025-08-30,569.14
snap_009776,prod_3045,wh_004,2025-09-11,497,31,466,81,191,supp_005,2025-09-10,991.24
snap_009777,prod_2719,wh_004,2025-08-26,332,35,297,46,134,supp_002,2025-08-31,790.31
snap_009778,prod_4731,wh_005,2025-08-24,194,22,172,81,139,supp_001,2025-09-12,142.29
snap_009779,prod_7578,wh_005,2025-08-29,159,24,135,69,127,supp_005,2025-07-21,63.71
snap_009780,prod_7495,wh_005,2025-09-03,278,48,230,73,53,supp_004,2025-08-23,792.66
snap_009781,prod_4678,wh_001,2025-09-09,364,7,357,19,125,supp_003,2025-07-28,538.76
snap_009782,prod_9496,wh_004,2025-08-18,0,15,0,95,58,supp_005,2025-08-26,794.6
snap_009783,prod_8265,wh_002,2025-09-09,28,13,15,99,159,supp_003,2025-08-03,155.01
snap_009784,prod_7762,wh_003,2025-08-27,407,1,406,75,151,supp_003,2025-08-06,734.2
snap_009785,prod_5842,wh_004,2025-09-09,439,46,393,87,78,supp_005,2025-07-21,375.12
snap_009786,prod_9363,wh_005,2025-09-07,202,27,175,82,94,supp_005,2025-07-23,839.43
snap_009787,prod_6637,wh_003,2025-08-22,44,17,27,55,143,supp_001,2025-08-31,352.07
snap_009788,prod_1283,wh_004,2025-09-13,449,34,415,78,85,supp_003,2025-08-12,304.5
snap_009789,prod_7253,wh_003,2025-08-31,308,27,281,27,141,supp_003,2025-08-22,162.4
snap_009790,prod_8124,wh_003,2025-08-31,213,41,172,37,65,supp_004,2025-07-25,799.94
snap_009791,prod_2233,wh_002,2025-09-13,304,28,276,28,123,supp_003,2025-09-02,282.7
snap_009792,prod_6877,wh_003,2025-09-14,369,2,367,71,78,supp_002,2025-09-15,193.3
snap_009793,prod_1021,wh_003,2025-08-22,320,50,270,71,53,supp_004,2025-08-01,491.34
snap_009794,prod_8356,wh_002,2025-09-06,147,11,136,94,86,supp_003,2025-08-03,182.52
snap_009795,prod_5501,wh_003,2025-08-21,337,39,298,24,139,supp_002,2025-09-03,567.75
snap_009796,prod_7736,wh_001,2025-09-06,38,31,7,88,66,supp_004,2025-07-20,464.81
snap_009797,prod_6881,wh_005,2025-09-10,158,36,122,93,61,supp_003,2025-08-30,940.57
snap_009798,prod_6641,wh_001,2025-08-30,41,16,25,80,123,supp_004,2025-07-31,338.94
snap_009799,prod_3060,wh_004,2025-08-31,18,29,0,98,141,supp_005,2025-09-15,620.91
snap_009800,prod_9915,wh_004,2025-09-05,276,16,260,60,85,supp_002,2025-09-05,772.88
snap_009801,prod_1248,wh_001,2025-08-26,297,31,266,47,186,supp_001,2025-08-27,985.62
snap_009802,prod_6444,wh_002,2025-08-23,101,19,82,73,139,supp_004,2025-09-08,386.61
snap_009803,prod_6392,wh_005,2025-09-08,470,37,433,28,183,supp_002,2025-07-18,157.68
snap_009804,prod_8804,wh_002,2025-09-08,301,27,274,42,197,supp_002,2025-08-15,895.97
snap_009805,prod_1813,wh_003,2025-09-02,194,34,160,39,164,supp_001,2025-09-12,838.84
snap_009806,prod_1238,wh_003,2025-09-15,360,4,356,41,97,supp_002,2025-08-20,860.77
snap_009807,prod_3691,wh_001,2025-09-01,58,38,20,29,104,supp_003,2025-07-31,333.53
snap_009808,prod_4136,wh_001,2025-09-02,293,17,276,35,187,supp_005,2025-09-13,227.31
snap_009809,prod_8292,wh_005,2025-09-06,179,5,174,46,123,supp_005,2025-09-03,43.68
snap_009810,prod_7898,wh_005,2025-09-12,260,44,216,76,130,supp_004,2025-08-12,915.06
snap_009811,prod_2563,wh_005,2025-09-02,424,25,399,96,100,supp_001,2025-09-02,640.81
snap_009812,prod_6316,wh_001,2025-08-25,499,30,469,12,65,supp_004,2025-08-24,859.45
snap_009813,prod_7879,wh_003,2025-09-10,474,24,450,95,50,supp_001,2025-08-17,802.17
snap_009814,prod_5656,wh_004,2025-08-21,286,9,277,36,54,supp_001,2025-08-31,773.43
snap_009815,prod_7205,wh_001,2025-08-29,366,34,332,20,77,supp_003,2025-09-14,127.34
snap_009816,prod_3862,wh_004,2025-09-09,394,14,380,14,152,supp_005,2025-09-04,47.49
snap_009817,prod_3717,wh_005,2025-08-24,192,31,161,44,50,supp_005,2025-08-09,249.68
snap_009818,prod_6336,wh_002,2025-09-08,313,39,274,49,98,supp_004,2025-08-06,285.82
snap_009819,prod_3283,wh_005,2025-08-27,153,32,121,41,79,supp_003,2025-09-13,590.72
snap_009820,prod_7149,wh_004,2025-09-14,367,34,333,96,100,supp_004,2025-08-17,248.2
snap_009821,prod_6982,wh_003,2025-08-31,311,49,262,17,127,supp_005,2025-09-11,201.05
snap_009822,prod_4557,wh_004,2025-08-21,203,39,164,53,68,supp_003,2025-07-29,364.2
snap_009823,prod_6359,wh_002,2025-08-20,463,48,415,10,50,supp_003,2025-07-19,188.97
snap_009824,prod_6181,wh_005,2025-09-10,416,21,395,83,90,supp_002,2025-08-13,413.12
snap_009825,prod_6811,wh_001,2025-09-06,469,40,429,72,120,supp_003,2025-07-18,560.21
snap_009826,prod_5623,wh_001,2025-09-10,255,27,228,22,176,supp_002,2025-08-20,648.64
snap_009827,prod_1380,wh_001,2025-09-12,493,17,476,72,158,supp_001,2025-08-06,149.66
snap_009828,prod_5829,wh_003,2025-09-15,197,0,197,49,139,supp_004,2025-07-23,954.54
snap_009829,prod_5818,wh_005,2025-09-12,297,27,270,51,180,supp_003,2025-07-20,529.25
snap_009830,prod_9747,wh_005,2025-08-26,190,9,181,77,187,supp_005,2025-08-26,768.31
snap_009831,prod_4864,wh_005,2025-09-01,270,40,230,57,120,supp_001,2025-08-13,491.64
snap_009832,prod_4402,wh_003,2025-09-08,297,25,272,97,197,supp_003,2025-08-16,459.93
snap_009833,prod_9657,wh_001,2025-08-27,57,33,24,32,96,supp_005,2025-09-02,381.22
snap_009834,prod_2283,wh_005,2025-09-02,273,27,246,10,125,supp_003,2025-07-29,516.38
snap_009835,prod_6240,wh_002,2025-09-11,60,14,46,83,87,supp_005,2025-08-01,869.5
snap_009836,prod_6150,wh_001,2025-08-19,492,1,491,18,111,supp_004,2025-08-31,206.34
snap_009837,prod_6387,wh_004,2025-08-18,375,17,358,96,114,supp_002,2025-09-06,494.43
snap_009838,prod_1025,wh_003,2025-08-29,42,34,8,13,68,supp_005,2025-08-19,855.9
snap_009839,prod_9994,wh_005,2025-08-23,334,2,332,57,167,supp_001,2025-08-25,271.88
snap_009840,prod_8568,wh_005,2025-08-23,332,11,321,96,144,supp_005,2025-08-23,285.63
snap_009841,prod_7872,wh_001,2025-09-04,313,13,300,17,166,supp_004,2025-09-01,19.27
snap_009842,prod_9585,wh_002,2025-08-20,222,13,209,81,152,supp_004,2025-07-20,797.23
snap_009843,prod_7865,wh_001,2025-09-11,469,50,419,83,153,supp_003,2025-09-09,952.54
snap_009844,prod_2618,wh_004,2025-08-20,77,34,43,62,88,supp_002,2025-08-12,437.01
snap_009845,prod_5049,wh_002,2025-08-25,14,28,0,45,195,supp_002,2025-08-24,177.89
snap_009846,prod_7321,wh_002,2025-09-05,245,30,215,35,117,supp_005,2025-08-29,785.59
snap_009847,prod_2091,wh_005,2025-08-18,414,31,383,70,145,supp_003,2025-09-09,590.67
snap_009848,prod_1031,wh_005,2025-08-30,266,34,232,75,93,supp_005,2025-08-12,764.82
snap_009849,prod_3479,wh_001,2025-09-14,461,12,449,24,126,supp_001,2025-07-24,363.75
snap_009850,prod_9101,wh_003,2025-08-20,263,1,262,29,189,supp_004,2025-09-09,584.91
snap_009851,prod_1836,wh_002,2025-09-15,237,11,226,54,93,supp_004,2025-09-15,621.5
snap_009852,prod_5302,wh_002,2025-08-28,101,18,83,57,72,supp_001,2025-07-26,796.77
snap_009853,prod_9018,wh_002,2025-09-02,446,34,412,64,132,supp_004,2025-09-04,234.68
snap_009854,prod_8662,wh_005,2025-08-29,376,36,340,28,87,supp_002,2025-08-03,861.03
snap_009855,prod_6167,wh_005,2025-09-15,103,49,54,69,96,supp_002,2025-07-18,801.29
snap_009856,prod_4908,wh_001,2025-09-13,436,6,430,78,131,supp_005,2025-07-27,677.63
snap_009857,prod_2485,wh_003,2025-08-21,18,20,0,77,136,supp_002,2025-09-10,636.22
snap_009858,prod_3093,wh_001,2025-09-04,283,4,279,22,196,supp_004,2025-08-15,757.62
snap_009859,prod_8844,wh_002,2025-09-13,403,11,392,31,156,supp_005,2025-09-14,253.25
snap_009860,prod_8536,wh_001,2025-08-30,14,33,0,90,102,supp_002,2025-09-02,670.21
snap_009861,prod_2818,wh_005,2025-09-01,287,29,258,55,66,supp_004,2025-08-07,160.02
snap_009862,prod_1007,wh_001,2025-09-12,214,3,211,93,199,supp_003,2025-09-13,57.17
snap_009863,prod_3288,wh_002,2025-09-03,105,21,84,67,52,supp_004,2025-07-26,101.67
snap_009864,prod_1345,wh_005,2025-09-05,377,6,371,54,184,supp_005,2025-08-21,846.75
snap_009865,prod_8046,wh_003,2025-08-30,213,31,182,40,77,supp_001,2025-09-05,209.43
snap_009866,prod_4124,wh_003,2025-09-02,223,11,212,62,116,supp_001,2025-08-26,735.91
snap_009867,prod_6053,wh_004,2025-08-23,98,25,73,78,90,supp_002,2025-08-19,598.13
snap_009868,prod_5563,wh_005,2025-08-21,80,39,41,20,114,supp_001,2025-07-29,186.38
snap_009869,prod_8559,wh_001,2025-08-25,398,43,355,26,194,supp_004,2025-08-30,646.2
snap_009870,prod_2762,wh_005,2025-09-07,404,15,389,30,61,supp_003,2025-08-04,527.38
snap_009871,prod_4599,wh_004,2025-08-25,297,5,292,57,181,supp_003,2025-09-03,821.15
snap_009872,prod_5404,wh_005,2025-09-03,356,5,351,93,84,supp_002,2025-09-07,72.1
snap_009873,prod_3450,wh_002,2025-08-30,227,25,202,32,131,supp_003,2025-09-14,739.34
snap_009874,prod_8799,wh_003,2025-09-06,115,29,86,81,138,supp_005,2025-08-29,385.81
snap_009875,prod_1331,wh_004,2025-08-30,310,4,306,29,134,supp_002,2025-08-09,311.66
snap_009876,prod_1019,wh_005,2025-09-07,32,36,0,64,194,supp_003,2025-08-10,23.64
snap_009877,prod_3630,wh_003,2025-09-01,204,30,174,89,161,supp_004,2025-09-11,629.85
snap_009878,prod_6700,wh_002,2025-08-23,137,28,109,10,197,supp_005,2025-07-23,112.24
snap_009879,prod_5448,wh_003,2025-09-04,86,36,50,76,81,supp_003,2025-07-27,704.26
snap_009880,prod_8031,wh_005,2025-08-22,377,20,357,75,156,supp_003,2025-07-20,59.9
snap_009881,prod_1058,wh_002,2025-08-18,344,40,304,74,143,supp_003,2025-07-18,974.82
snap_009882,prod_7278,wh_002,2025-09-14,369,23,346,15,85,supp_004,2025-09-04,280.64
snap_009883,prod_3783,wh_003,2025-08-23,492,50,442,64,54,supp_001,2025-07-24,118.93
snap_009884,prod_3320,wh_005,2025-09-14,398,42,356,82,107,supp_001,2025-09-08,521.91
snap_009885,prod_5784,wh_005,2025-09-10,342,23,319,53,64,supp_002,2025-09-07,926.2
snap_009886,prod_9515,wh_001,2025-08-27,35,20,15,24,62,supp_001,2025-07-26,893.6
snap_009887,prod_5378,wh_002,2025-09-02,18,32,0,78,180,supp_002,2025-08-26,971.94
snap_009888,prod_8314,wh_001,2025-09-11,230,32,198,13,183,supp_005,2025-08-16,606.31
snap_009889,prod_5003,wh_004,2025-08-22,165,21,144,87,200,supp_005,2025-09-07,35.26
snap_009890,prod_2054,wh_001,2025-09-02,464,23,441,46,70,supp_004,2025-07-29,761.25
snap_009891,prod_7038,wh_003,2025-09-12,115,38,77,91,125,supp_005,2025-07-31,790.31
snap_009892,prod_2292,wh_004,2025-08-23,343,19,324,65,76,supp_002,2025-08-27,894.76
snap_009893,prod_4589,wh_001,2025-08-29,201,8,193,32,126,supp_002,2025-09-15,181.35
snap_009894,prod_5245,wh_001,2025-08-28,110,33,77,41,92,supp_003,2025-08-08,299.73
snap_009895,prod_8874,wh_003,2025-09-11,453,31,422,26,78,supp_005,2025-09-09,417.07
snap_009896,prod_7883,wh_003,2025-09-09,394,5,389,84,104,supp_005,2025-07-22,229.89
snap_009897,prod_8135,wh_005,2025-09-01,385,7,378,20,181,supp_004,2025-07-27,477.51
snap_009898,prod_6508,wh_003,2025-09-03,292,41,251,56,85,supp_003,2025-09-01,433.64
snap_009899,prod_4917,wh_003,2025-09-03,446,26,420,36,88,supp_004,2025-09-07,372.74
snap_009900,prod_8683,wh_002,2025-08-25,187,15,172,26,115,supp_005,2025-09-04,575.24
snap_009901,prod_1051,wh_005,2025-08-29,293,19,274,78,127,supp_005,2025-09-08,299.78
snap_009902,prod_1562,wh_001,2025-08-29,408,23,385,80,197,supp_002,2025-07-31,688.39
snap_009903,prod_8143,wh_003,2025-08-26,174,50,124,68,182,supp_001,2025-09-05,956.04
snap_009904,prod_5213,wh_003,2025-08-20,484,36,448,84,125,supp_004,2025-09-02,181.78
snap_009905,prod_2018,wh_002,2025-09-11,433,21,412,21,139,supp_004,2025-08-15,590.77
snap_009906,prod_9141,wh_003,2025-08-23,449,37,412,86,66,supp_004,2025-09-06,886.86
snap_009907,prod_9887,wh_005,2025-09-06,372,37,335,83,199,supp_005,2025-09-12,341.8
snap_009908,prod_9206,wh_003,2025-09-14,341,36,305,15,151,supp_005,2025-08-02,226.17
snap_009909,prod_9748,wh_003,2025-08-22,194,12,182,54,107,supp_001,2025-08-22,858.22
snap_009910,prod_1629,wh_005,2025-09-15,193,1,192,98,84,supp_004,2025-07-21,147.08
snap_009911,prod_4255,wh_005,2025-08-19,449,26,423,41,141,supp_002,2025-09-08,265.41
snap_009912,prod_9093,wh_004,2025-09-14,328,43,285,63,195,supp_004,2025-09-11,829.02
snap_009913,prod_1137,wh_002,2025-08-18,289,4,285,88,146,supp_005,2025-08-01,532.86
snap_009914,prod_2093,wh_001,2025-08-28,72,42,30,96,76,supp_002,2025-09-07,409.19
snap_009915,prod_8828,wh_002,2025-09-14,272,27,245,28,128,supp_001,2025-09-07,411.62
snap_009916,prod_1143,wh_001,2025-09-04,142,24,118,53,55,supp_002,2025-08-24,449.04
snap_009917,prod_3149,wh_004,2025-09-03,299,2,297,98,90,supp_003,2025-09-01,713.36
snap_009918,prod_1214,wh_005,2025-09-10,459,16,443,21,176,supp_003,2025-08-31,194.8
snap_009919,prod_1180,wh_002,2025-08-18,322,10,312,43,88,supp_003,2025-08-02,921.86
snap_009920,prod_7758,wh_003,2025-08-30,393,46,347,31,89,supp_001,2025-08-18,166.61
snap_009921,prod_3056,wh_002,2025-09-08,440,6,434,64,181,supp_003,2025-09-14,712.07
snap_009922,prod_4027,wh_002,2025-08-18,264,20,244,70,92,supp_003,2025-08-30,926.64
snap_009923,prod_8341,wh_002,2025-08-19,117,39,78,29,82,supp_001,2025-08-22,521.62
snap_009924,prod_6293,wh_005,2025-09-01,498,27,471,100,84,supp_005,2025-09-04,804.73
snap_009925,prod_1240,wh_002,2025-09-07,138,8,130,57,171,supp_004,2025-09-03,956.8
snap_009926,prod_4207,wh_005,2025-08-21,213,9,204,10,179,supp_005,2025-09-08,140.4
snap_009927,prod_2855,wh_004,2025-08-24,141,41,100,12,58,supp_001,2025-08-16,407.77
snap_009928,prod_8182,wh_002,2025-09-08,25,18,7,26,183,supp_005,2025-07-26,483.2
snap_009929,prod_8568,wh_002,2025-09-03,250,37,213,17,55,supp_002,2025-07-22,196.41
snap_009930,prod_9644,wh_003,2025-08-22,433,30,403,93,109,supp_002,2025-08-16,965.53
snap_009931,prod_4153,wh_001,2025-08-26,37,8,29,24,105,supp_002,2025-07-19,862.13
snap_009932,prod_7215,wh_003,2025-08-26,126,4,122,18,129,supp_002,2025-08-15,284.18
snap_009933,prod_4069,wh_002,2025-08-30,105,10,95,16,155,supp_002,2025-08-27,60.26
snap_009934,prod_9553,wh_001,2025-09-14,103,45,58,26,107,supp_005,2025-08-10,38.42
snap_009935,prod_5917,wh_001,2025-08-20,4,23,0,69,108,supp_001,2025-08-14,371.38
snap_009936,prod_7006,wh_001,2025-09-13,228,3,225,62,128,supp_005,2025-07-23,402.02
snap_009937,prod_6362,wh_003,2025-08-28,448,44,404,42,169,supp_003,2025-08-19,813.23
snap_009938,prod_7341,wh_003,2025-09-12,350,1,349,61,93,supp_003,2025-09-06,702.02
snap_009939,prod_9680,wh_003,2025-08-27,206,21,185,56,192,supp_004,2025-08-11,304.33
snap_009940,prod_4992,wh_002,2025-08-22,433,13,420,70,175,supp_002,2025-08-11,457.12
snap_009941,prod_7381,wh_002,2025-09-09,370,24,346,83,131,supp_003,2025-08-02,956.94
snap_009942,prod_8602,wh_002,2025-09-05,409,37,372,43,169,supp_004,2025-09-14,241.64
snap_009943,prod_1388,wh_002,2025-08-29,219,7,212,65,92,supp_001,2025-08-30,166.72
snap_009944,prod_4032,wh_004,2025-08-27,344,3,341,54,134,supp_002,2025-07-31,689.58
snap_009945,prod_5093,wh_004,2025-09-09,384,32,352,87,81,supp_004,2025-07-28,900.95
snap_009946,prod_8458,wh_002,2025-08-24,105,47,58,57,154,supp_001,2025-07-26,592.68
snap_009947,prod_5651,wh_005,2025-08-19,184,20,164,50,113,supp_003,2025-08-18,155.18
snap_009948,prod_4326,wh_002,2025-09-05,132,15,117,48,50,supp_004,2025-07-30,673.16
snap_009949,prod_9706,wh_005,2025-09-14,111,47,64,10,51,supp_003,2025-08-19,650.37
snap_009950,prod_5573,wh_001,2025-09-04,464,32,432,32,97,supp_004,2025-08-09,957.75
snap_009951,prod_4499,wh_005,2025-08-28,118,47,71,69,184,supp_002,2025-08-03,635.81
snap_009952,prod_3432,wh_004,2025-08-31,195,19,176,22,161,supp_005,2025-08-21,338.36
snap_009953,prod_8984,wh_001,2025-09-01,206,27,179,95,104,supp_004,2025-08-18,722.69
snap_009954,prod_1965,wh_004,2025-08-17,341,31,310,50,148,supp_001,2025-09-06,409.92
snap_009955,prod_6558,wh_003,2025-09-08,339,12,327,41,63,supp_005,2025-07-19,453.36
snap_009956,prod_3690,wh_002,2025-08-19,213,1,212,79,64,supp_002,2025-09-13,587.47
snap_009957,prod_3744,wh_005,2025-09-15,238,39,199,44,111,supp_003,2025-08-29,815.93
snap_009958,prod_1450,wh_003,2025-09-01,451,13,438,80,185,supp_002,2025-08-06,916.46
snap_009959,prod_1556,wh_005,2025-08-24,471,15,456,27,151,supp_001,2025-09-06,610.09
snap_009960,prod_5069,wh_002,2025-08-17,213,32,181,89,129,supp_002,2025-08-12,185.4
snap_009961,prod_8561,wh_005,2025-08-30,302,4,298,69,70,supp_001,2025-09-10,122.69
snap_009962,prod_4120,wh_001,2025-08-30,227,16,211,71,126,supp_002,2025-07-21,155.63
snap_009963,prod_7668,wh_002,2025-09-13,63,15,48,44,189,supp_004,2025-08-15,594.96
snap_009964,prod_6128,wh_005,2025-09-14,101,25,76,83,171,supp_005,2025-09-09,247.82
snap_009965,prod_5504,wh_004,2025-08-22,229,8,221,93,179,supp_005,2025-07-26,812.17
snap_009966,prod_2658,wh_004,2025-08-17,226,39,187,56,199,supp_004,2025-08-01,11.03
snap_009967,prod_1282,wh_005,2025-09-15,174,49,125,67,120,supp_001,2025-08-22,16.06
snap_009968,prod_9097,wh_005,2025-08-27,456,24,432,64,142,supp_004,2025-09-09,441.69
snap_009969,prod_4555,wh_003,2025-09-04,225,7,218,39,73,supp_005,2025-09-06,356.02
snap_009970,prod_4676,wh_002,2025-08-20,321,36,285,86,197,supp_004,2025-08-03,902.7
snap_009971,prod_9246,wh_003,2025-09-03,234,36,198,84,87,supp_001,2025-08-21,353.44
snap_009972,prod_6732,wh_001,2025-09-09,484,24,460,85,152,supp_004,2025-09-05,72.81
snap_009973,prod_7438,wh_003,2025-09-13,223,34,189,98,54,supp_005,2025-08-25,581.93
snap_009974,prod_1156,wh_003,2025-08-18,386,32,354,68,65,supp_004,2025-07-24,15.56
snap_009975,prod_3654,wh_002,2025-08-19,5,45,0,65,67,supp_004,2025-07-27,248.31
snap_009976,prod_7668,wh_002,2025-08-21,333,20,313,23,161,supp_005,2025-08-15,201.69
snap_009977,prod_4436,wh_002,2025-09-15,428,12,416,31,110,supp_005,2025-09-14,499.01
snap_009978,prod_3079,wh_002,2025-08-20,336,48,288,33,188,supp_004,2025-09-12,92.62
snap_009979,prod_5390,wh_003,2025-08-23,239,12,227,81,139,supp_005,2025-08-12,918.63
snap_009980,prod_2395,wh_005,2025-09-15,368,34,334,91,82,supp_003,2025-07-27,518.04
snap_009981,prod_5675,wh_001,2025-09-14,297,9,288,27,169,supp_005,2025-09-04,14.37
snap_009982,prod_5040,wh_005,2025-09-13,41,18,23,23,128,supp_005,2025-08-25,37.71
snap_009983,prod_3965,wh_004,2025-09-11,445,31,414,83,88,supp_005,2025-08-26,306.25
snap_009984,prod_9010,wh_001,2025-08-23,381,18,363,12,73,supp_004,2025-08-22,812.92
snap_009985,prod_6028,wh_001,2025-09-14,59,43,16,45,84,supp_005,2025-08-08,517.11
snap_009986,prod_6060,wh_004,2025-08-23,347,30,317,62,198,supp_003,2025-07-28,54.39
snap_009987,prod_6438,wh_004,2025-08-28,19,3,16,56,163,supp_003,2025-08-18,132.94
snap_009988,prod_3645,wh_001,2025-08-22,265,33,232,31,150,supp_002,2025-07-21,458.35
snap_009989,prod_9708,wh_004,2025-09-13,397,28,369,93,55,supp_005,2025-08-11,149.38
snap_009990,prod_4965,wh_002,2025-09-04,87,25,62,72,177,supp_005,2025-09-05,509.07
snap_009991,prod_8535,wh_004,2025-08-20,306,36,270,25,59,supp_002,2025-08-10,806.66
snap_009992,prod_6453,wh_003,2025-09-05,48,32,16,47,91,supp_003,2025-08-23,202.54
snap_009993,prod_1540,wh_004,2025-08-23,322,39,283,73,80,supp_001,2025-08-04,718.05
snap_009994,prod_5773,wh_001,2025-08-23,55,3,52,56,163,supp_001,2025-08-01,370.65
snap_009995,prod_2779,wh_001,2025-09-07,292,22,270,94,129,supp_005,2025-07-20,402.4
snap_009996,prod_5723,wh_004,2025-09-12,367,47,320,27,134,supp_002,2025-08-21,201.24
snap_009997,prod_8660,wh_003,2025-08-19,459,2,457,29,70,supp_003,2025-08-02,436.93
snap_009998,prod_8899,wh_002,2025-08-24,223,6,217,70,131,supp_003,2025-08-15,754.31
snap_009999,prod_8094,wh_002,2025-09-05,233,18,215,34,59,supp_001,2025-09-06,217.36
snap_010000,prod_8673,wh_004,2025-09-04,432,12,420,15,184,supp_002,2025-09-09,389.98
